N 7
32 {
  "rank": 32,
  "last_lambda": -0.8323330308454056,
  "tail_max": 4.363686979008309e-05,
  "tail_by_kappa": [
    4.363686979008309e-05,
    1.7166739727533203e-05,
    6.659612844605234e-06,
    2.5566588770058515e-06,
    9.737552168504468e-07,
    3.686049443085792e-07,
    1.3885928056889266e-07,
    5.210889538888366e-08,
    1.9493504441325857e-08,
    7.273674405198505e-09,
    2.7082921546781822e-09,
    1.0066247656128668e-09,
    3.7358841912673136e-10
  ],
  "defect_micro_joint_max": 2.7238462268760125e-05,
  "defect_micro_joint": [
    2.7238462268760125e-05,
    1.08537120423954e-05,
    4.247693498934566e-06,
    1.6407210508595048e-06,
    6.276267886507355e-07,
    2.3833408665091972e-07,
    8.999538790776133e-08,
    3.383229519747196e-08,
    1.267384908979688e-08,
    4.734171415046203e-09,
    1.7642592998401093e-09,
    6.562047543240281e-10,
    2.436772889548129e-10
  ],
  "prior13_max": 2.879948165025785e-05,
  "prior_loc12_max": 2.8821001972124775e-05,
  "effective_prep_component_max": 2.7250247072762137e-05,
  "U_t1_full_max": 0.0007469798030619545,
  "U_t1_trunc_max": 0.0007469797911944778,
  "hybrid_explicitU_vs_micro_max": 0.013746912503036755,
  "hybrid_by_kappa": [
    0.013693305009788204,
    0.013708650278538534,
    0.013719300349032135,
    0.013726784669919018,
    0.013732137561256606,
    0.013736044139682015,
    0.013738955464719402,
    0.013741169573454448,
    0.013742885399860122,
    0.013744237670869144,
    0.013745319226724558,
    0.013746195270029283,
    0.013746912503036755
  ]
}
48 {
  "rank": 48,
  "last_lambda": -0.9563237721278008,
  "tail_max": 4.363686979008309e-05,
  "tail_by_kappa": [
    4.363686979008309e-05,
    1.7166739727533203e-05,
    6.659612844605234e-06,
    2.5566588770058515e-06,
    9.737552168504468e-07,
    3.686049443085792e-07,
    1.3885928056889266e-07,
    5.210889538888366e-08,
    1.9493504441325857e-08,
    7.273674405198505e-09,
    2.7082921546781822e-09,
    1.0066247656128668e-09,
    3.7358841912673136e-10
  ],
  "defect_micro_joint_max": 2.72384622690724e-05,
  "defect_micro_joint": [
    2.72384622690724e-05,
    1.0853712042526435e-05,
    4.247693498950588e-06,
    1.6407210507733277e-06,
    6.276267887506602e-07,
    2.3833408664161744e-07,
    8.999538787293112e-08,
    3.383229528328656e-08,
    1.267384903743341e-08,
    4.73417132026724e-09,
    1.7642590186106654e-09,
    6.562048021500494e-10,
    2.4367712534108177e-10
  ],
  "prior13_max": 2.879948165060973e-05,
  "prior_loc12_max": 2.8821001972467383e-05,
  "effective_prep_component_max": 2.725024707298917e-05,
  "U_t1_full_max": 0.0007469798030615977,
  "U_t1_trunc_max": 0.0007469797911941684,
  "hybrid_explicitU_vs_micro_max": 0.013746912502927018,
  "hybrid_by_kappa": [
    0.013693305009837212,
    0.013708650278559135,
    0.013719300349028431,
    0.013726784669894626,
    0.013732137561214997,
    0.01373604413962591,
    0.013738955464651283,
    0.013741169573376313,
    0.013742885399773294,
    0.013744237670775115,
    0.01374531922662451,
    0.013746195269923933,
    0.013746912502927018
  ]
}
N 8
24 {
  "rank": 24,
  "last_lambda": -0.75392604138084,
  "tail_max": 0.0002301075309726712,
  "tail_by_kappa": [
    0.0002301075309726712,
    9.747107883997347e-05,
    4.099435545666709e-05,
    1.715879722268729e-05,
    7.1590492626966056e-06,
    2.9806086539445297e-06,
    1.2392666259815065e-06,
    5.148298559443989e-07,
    2.1377725584139334e-07,
    8.875014032979191e-08,
    3.6843666530510607e-08,
    1.5296591497186856e-08,
    6.3518256906818305e-09
  ],
  "defect_micro_joint_max": 0.00015526587076367598,
  "defect_micro_joint": [
    0.00015526587076367598,
    6.59717653713334e-05,
    2.7766330075273718e-05,
    1.1613562210700441e-05,
    4.837774452067576e-06,
    2.010288945764814e-06,
    8.340756006549132e-07,
    3.4573850055473547e-07,
    1.4324783939931014e-07,
    5.934232633475655e-08,
    2.4585010631904778e-08,
    1.0187488065622032e-08,
    4.222735030668617e-09
  ],
  "prior13_max": 0.00016373540773795053,
  "prior_loc12_max": 0.00016399021375331987,
  "effective_prep_component_max": 0.000155425815115654,
  "U_t1_full_max": 0.0015547789318155663,
  "U_t1_trunc_max": 0.0015547787341911416,
  "hybrid_explicitU_vs_micro_max": 0.008687189009250341,
  "hybrid_by_kappa": [
    0.00865363377868062,
    0.008656484888027949,
    0.008661947287159591,
    0.00866737076591241,
    0.008671974614320786,
    0.008675671674318423,
    0.008678589163767451,
    0.008680890922487465,
    0.008682720967011195,
    0.008684191968038418,
    0.008685388231283252,
    0.008686371942579907,
    0.008687189009250341
  ]
}
32 {
  "rank": 32,
  "last_lambda": -0.8145871741167344,
  "tail_max": 0.0002301075309726712,
  "tail_by_kappa": [
    0.0002301075309726712,
    9.747107883997347e-05,
    4.099435545666709e-05,
    1.715879722268729e-05,
    7.1590492626966056e-06,
    2.9806086539445297e-06,
    1.2392666259815065e-06,
    5.148298559443989e-07,
    2.1377725584139334e-07,
    8.875014032979191e-08,
    3.6843666530510607e-08,
    1.5296591497186856e-08,
    6.3518256906818305e-09
  ],
  "defect_micro_joint_max": 0.00015526587076067602,
  "defect_micro_joint": [
    0.00015526587076067602,
    6.597176536986773e-05,
    2.7766330074787508e-05,
    1.1613562210420737e-05,
    4.837774452135327e-06,
    2.0102889456429633e-06,
    8.340756005129742e-07,
    3.4573850055815896e-07,
    1.4324783960349738e-07,
    5.93423262339645e-08,
    2.4585010552781525e-08,
    1.018748795447818e-08,
    4.222734864407061e-09
  ],
  "prior13_max": 0.000163735407734919,
  "prior_loc12_max": 0.00016399021375006076,
  "effective_prep_component_max": 0.00015542581511236768,
  "U_t1_full_max": 0.0015547789318122913,
  "U_t1_trunc_max": 0.0015547787341875833,
  "hybrid_explicitU_vs_micro_max": 0.008687189011158123,
  "hybrid_by_kappa": [
    0.008653633778352153,
    0.008656484888114751,
    0.008661947287588071,
    0.008667370766623356,
    0.008671974615266856,
    0.008675671675461644,
    0.00867858916507719,
    0.008680890923938554,
    0.008682720968582788,
    0.008684191969713421,
    0.008685388233047334,
    0.008686371944420922,
    0.008687189011158123
  ]
}
N 9
16 {
  "rank": 16,
  "last_lambda": -0.6100673023876522,
  "tail_max": 0.0008507333448369232,
  "tail_by_kappa": [
    0.0008507333448369232,
    0.0004060820597060075,
    0.00019252409472074515,
    9.08057784828384e-05,
    4.265728668006282e-05,
    1.997461103999525e-05,
    9.328866771839571e-06,
    4.347513476824368e-06,
    2.022394325621018e-06,
    9.393405677551835e-07,
    4.357213315471941e-07,
    2.018839356403472e-07,
    9.34473981994134e-08
  ],
  "defect_micro_joint_max": 0.0005386069556858828,
  "defect_micro_joint": [
    0.0005386069556858828,
    0.00025803570646670013,
    0.00012260057851095328,
    5.7897509052368636e-05,
    2.72163472078339e-05,
    1.2748312598458099e-05,
    5.954546606905808e-06,
    2.774925569802754e-06,
    1.2907298287595802e-06,
    5.994248306406992e-07,
    2.7800630048107364e-07,
    1.2878915099146902e-07,
    5.9604257930820204e-08
  ],
  "prior13_max": 0.000567287696605561,
  "prior_loc12_max": 0.0005673856610350747,
  "effective_prep_component_max": 0.0005384842391266659,
  "U_t1_full_max": 0.00017294871950713158,
  "U_t1_trunc_max": 0.00017294853638355077,
  "hybrid_explicitU_vs_micro_max": 0.005914972367796056,
  "hybrid_by_kappa": [
    0.005580889000734251,
    0.005728807287000828,
    0.005807323858325469,
    0.0058495064368735954,
    0.005873080455490953,
    0.005886977128190189,
    0.005895704423876005,
    0.0059015610274545,
    0.00590574162496801,
    0.005908885163898375,
    0.005911346782186885,
    0.005913333442908358,
    0.005914972367796056
  ]
}
24 {
  "rank": 24,
  "last_lambda": -0.7297703133938275,
  "tail_max": 0.0008507333448369232,
  "tail_by_kappa": [
    0.0008507333448369232,
    0.0004060820597060075,
    0.00019252409472074515,
    9.08057784828384e-05,
    4.265728668006282e-05,
    1.997461103999525e-05,
    9.328866771839571e-06,
    4.347513476824368e-06,
    2.022394325621018e-06,
    9.393405677551835e-07,
    4.357213315471941e-07,
    2.018839356403472e-07,
    9.34473981994134e-08
  ],
  "defect_micro_joint_max": 0.0005386069455344368,
  "defect_micro_joint": [
    0.0005386069455344368,
    0.00025803570144298637,
    0.0001226005760613744,
    5.789750787080282e-05,
    2.721634664275614e-05,
    1.2748312329905683e-05,
    5.954546479979496e-06,
    2.774925509986008e-06,
    1.2907298007199523e-06,
    5.994248175175049e-07,
    2.780062943579058e-07,
    1.2878914806618102e-07,
    5.9604256598598645e-08
  ],
  "prior13_max": 0.0005672876849000801,
  "prior_loc12_max": 0.0005673856493275281,
  "effective_prep_component_max": 0.0005384842282042784,
  "U_t1_full_max": 0.00017294871950713163,
  "U_t1_trunc_max": 0.00017294853638355064,
  "hybrid_explicitU_vs_micro_max": 0.005914974174942368,
  "hybrid_by_kappa": [
    0.005580888846922089,
    0.005728807540541425,
    0.0058073244256422124,
    0.005849507253505096,
    0.0058730814735557715,
    0.0058869783114910475,
    0.005895705744529926,
    0.005901562463583827,
    0.005905743159108799,
    0.005908886781891429,
    0.005911348472394684,
    0.005913335195651725,
    0.005914974174942368
  ]
}
