# sectors lambda 1.9614068619764455 2.1995688493332102 2.298606272079097 2.3421820411462999
0,0,0,0,0,0,4 2.4330852003290326e-16 3.1001744682686294e-16 0
0,0,0,0,0,1,3 -7.0002190892884397e-15 1.0833077056932039e-15 0
0,0,0,0,0,2,2 -0.33333333333334331 0.12891078647848639 0
0,0,0,0,0,3,1 -1.9574050496781736e-15 1.5685017304076232e-15 0
0,0,0,0,0,4,0 -0.041666666666668843 0.015962543556106122 0
0,0,0,0,1,0,3 5.4802735225821693e-15 -1.1946442573791509e-15 0
0,0,0,0,1,1,2 7.864675504267761e-15 -1.4973119993226883e-15 0
0,0,0,0,1,2,1 6.0894791000052489e-15 -1.601949367428801e-15 0
0,0,0,0,1,3,0 1.3288218995207574e-15 -6.2257768656138329e-16 0
0,0,0,0,2,0,2 -0.33333333333333759 0.12891078647848411 0
0,0,0,0,2,1,1 -4.418342863834855e-15 9.2282407894607585e-16 0
0,0,0,0,2,2,0 -0.083333333333336715 0.031925087112210648 0
0,0,0,0,3,0,1 1.4270734920277842e-15 -8.1624263622275525e-16 0
0,0,0,0,3,1,0 3.2147573299732102e-15 -1.2065918539691586e-15 0
0,0,0,0,4,0,0 -0.041666666666664909 0.01596254355610506 0
0,0,0,1,0,0,3 4.6051487276321801e-17 1.9824636723897449e-16 0
0,0,0,1,0,1,2 -1.5065531287772327e-15 7.1714552699053691e-16 0
0,0,0,1,0,2,1 -3.079025749641584e-15 4.7108584394495168e-16 0
0,0,0,1,0,3,0 -4.6509969270011609e-15 5.3062209574156194e-16 0
0,0,0,1,1,0,2 2.3597092772072344e-15 -4.4326928195712045e-16 0
0,0,0,1,1,1,1 -1.4142135623730934 0.53851858480402226 0
0,0,0,1,1,2,0 -4.2387222746499698e-17 -7.6808778250430504e-16 0
0,0,0,1,2,0,1 -1.045978291375305e-14 1.8493222691799856e-16 0
0,0,0,1,2,1,0 -3.043882829116036e-15 -5.3869940192657895e-16 0
0,0,0,1,3,0,0 4.3551457960243964e-15 -1.5528147612881736e-15 0
0,0,0,2,0,0,2 -0.33333333333334048 0.12615974695776663 0
0,0,0,2,0,1,1 -1.3095806990909287e-15 1.5430365318813699e-15 0
0,0,0,2,0,2,0 -0.16666666666666852 0.062474654464064645 0
0,0,0,2,1,0,1 3.0292642580562884e-15 -7.1979674011544287e-16 0
0,0,0,2,1,1,0 1.1497523582076202e-15 -1.5980885912552159e-15 0
0,0,0,2,2,0,0 -0.16666666666665897 0.062474654464059025 0
0,0,0,3,0,0,1 -1.6664187391102203e-16 4.2064333787006358e-16 0
0,0,0,3,0,1,0 -3.8098864341140626e-15 -3.199751661547845e-16 0
0,0,0,3,1,0,0 3.3052919667757308e-17 -1.1224291929115646e-15 0
0,0,0,4,0,0,0 1.3543531666168965e-15 -2.7078626884183277e-16 0
0,0,1,0,0,0,3 -3.5358543350183513e-17 -6.5304884980590949e-16 0
0,0,1,0,0,1,2 -3.4204545662844255e-15 -2.621058751983707e-17 0
0,0,1,0,0,2,1 0.70710678118655046 -0.26925929240200985 0
0,0,1,0,0,3,0 -9.6514322141943998e-16 2.7883646997253764e-16 0
0,0,1,0,1,0,2 -8.9239359445884153e-15 2.5434849335753164e-15 0
0,0,1,0,1,1,1 4.9265519913360353e-15 3.6166612781864116e-16 0
0,0,1,0,1,2,0 -1.2083071529282469e-14 3.2169565947724743e-15 0
0,0,1,0,2,0,1 -0.70710678118653469 0.26925929240201235 0
0,0,1,0,2,1,0 -7.911625402333544e-15 1.0878445200378163e-15 0
0,0,1,0,3,0,0 -7.2659272839421003e-15 2.3152876351770238e-15 0
0,0,1,1,0,0,2 -4.0596052994917864e-15 1.5943192946399343e-15 0
0,0,1,1,0,1,1 -2.9898772260089634e-15 1.8317595704142597e-16 0
0,0,1,1,0,2,0 4.95968283803494e-16 1.8487273344136579e-15 0
0,0,1,1,1,0,1 -2.4931466125529406e-15 5.6160825501801875e-16 0
0,0,1,1,1,1,0 -9.1052145478279917e-16 1.3966234988166751e-15 0
0,0,1,1,2,0,0 -1.0650234672053154e-15 7.6285412474189833e-16 0
0,0,1,2,0,0,1 2.324421037591673e-15 -4.9332554100806059e-16 0
0,0,1,2,0,1,0 -3.7127283669322053e-15 2.1570608797413793e-15 0
0,0,1,2,1,0,0 -9.336279206608334e-15 2.5048975006301995e-15 0
0,0,1,3,0,0,0 -5.3632872611380361e-15 7.7609224385585818e-16 0
0,0,2,0,0,0,2 -0.33333333333334003 0.12615974695776636 0
0,0,2,0,0,1,1 -4.4257132680858291e-15 1.5809565028640504e-15 0
0,0,2,0,0,2,0 -0.16666666666667918 0.062474654464062487 0
0,0,2,0,1,0,1 -1.6614267504355771e-15 -1.2575423829434135e-15 0
0,0,2,0,1,1,0 5.1656795567412914e-15 -1.3247358125832026e-15 0
0,0,2,0,2,0,0 -0.16666666666666655 0.062474654464060315 0
0,0,2,1,0,0,1 2.0290708132794655e-15 1.6076007712528817e-16 0
0,0,2,1,0,1,0 -3.8267525541597902e-15 9.6615966095614514e-17 0
0,0,2,1,1,0,0 4.4794236272712243e-15 -1.0615012659826156e-15 0
0,0,2,2,0,0,0 -1.0253028894652294e-15 -9.4979498441519206e-17 0
0,0,3,0,0,0,1 2.9118790440939984e-15 -1.3950971454457228e-16 0
0,0,3,0,0,1,0 -2.917703242639319e-15 7.9375965706968837e-16 0
0,0,3,0,1,0,0 -1.024628783588113e-14 2.9068488330576104e-15 0
0,0,3,1,0,0,0 -2.856049408474573e-15 1.0165818382402991e-15 0
0,0,4,0,0,0,0 -6.0149395653721601e-15 6.9818448270801258e-16 0
0,1,0,0,0,0,3 -3.1683341626941773e-15 9.8760281433979758e-16 0
0,1,0,0,0,1,2 -1.0131534689110731e-14 2.8091522275047697e-15 0
0,1,0,0,0,2,1 -5.1760189369358215e-15 1.0878029354796768e-15 0
0,1,0,0,0,3,0 0.166666666666658 -0.061508511654260335 0
0,1,0,0,1,0,2 -6.6266298079017193e-15 2.0692874696520557e-16 0
0,1,0,0,1,1,1 -4.6913653111319929e-15 1.0984988256993365e-15 0
0,1,0,0,1,2,0 1.279851013430611e-15 2.9124696229782472e-16 0
0,1,0,0,2,0,1 -3.4122004202480775e-15 1.4290860147109265e-15 0
0,1,0,0,2,1,0 -0.50000000000000677 0.18452553496278493 0
0,1,0,0,3,0,0 1.4458920276000527e-15 -4.5856332257094393e-16 0
0,1,0,1,0,0,2 2.8775247030035597e-15 -5.5869828667919078e-18 0
0,1,0,1,0,1,1 -1.5008968657710182e-15 6.5390965145914159e-16 0
0,1,0,1,0,2,0 -3.0003205911824438e-15 -1.1726353885740059e-16 0
0,1,0,1,1,0,1 -0.94280904158207102 0.3457659460084761 0
0,1,0,1,1,1,0 -3.6869087900682144e-15 4.3312736650835449e-16 0
0,1,0,1,2,0,0 -2.924743177005421e-15 7.096095238092258e-16 0
0,1,0,2,0,0,1 -2.3316549608232164e-15 5.3979567918175896e-16 0
0,1,0,2,0,1,0 -0.33333333333334236 0.12026598378780831 0
0,1,0,2,1,0,0 2.3203096800256836e-16 -7.3228562395655525e-16 0
0,1,0,3,0,0,0 -1.1781268508726928e-15 -1.100652480462468e-16 0
0,1,1,0,0,0,2 -5.1757174569032603e-15 7.2016566069945902e-16 0
0,1,1,0,0,1,1 -0.94280904158204071 0.34576594600847782 0
0,1,1,0,0,2,0 -3.8150640088709777e-15 9.0533203050133737e-16 0
0,1,1,0,1,0,1 5.8096036327525918e-15 -5.484089142229493e-16 0
0,1,1,0,1,1,0 5.8982279293595991e-16 -1.0652508661785424e-15 0
0,1,1,0,2,0,0 -4.7904385304839867e-15 1.150771725102947e-15 0
0,1,1,1,0,0,1 -4.202516007530128e-15 1.207315515276004e-15 0
0,1,1,1,0,1,0 1.3917910742184565e-15 -1.3095510372949314e-15 0
0,1,1,1,1,0,0 -0.66666666666666741 0.24053196757560863 0
0,1,1,2,0,0,0 4.4638864378199639e-16 4.79260921630465e-16 0
0,1,2,0,0,0,1 -3.9238621454066691e-15 8.4296669662599248e-16 0
0,1,2,0,0,1,0 0.33333333333333182 -0.12026598378780345 0
0,1,2,0,1,0,0 5.5858486029475532e-16 -1.0787863205096921e-15 0
0,1,2,1,0,0,0 -6.5112089171116408e-15 1.2350230721935821e-15 0
0,1,3,0,0,0,0 -8.6561245566943084e-16 9.9944187076205162e-17 0
0,2,0,0,0,0,2 -5.3418641038360803e-16 1.0380693700462462e-15 0
0,2,0,0,0,1,1 -8.1209453224595496e-15 1.2782608088332537e-15 0
0,2,0,0,0,2,0 -0.16666666666666743 0.05916684908410598 0
0,2,0,0,1,0,1 3.4360535250410607e-15 -1.6436504934880247e-16 0
0,2,0,0,1,1,0 1.3588305827760827e-15 -1.1997510190181471e-15 0
0,2,0,0,2,0,0 -0.1666666666666686 0.05916684908410387 0
0,2,0,1,0,0,1 2.8451633410364607e-15 -2.4676441445770081e-16 0
0,2,0,1,0,1,0 -4.1454470064983262e-15 -2.4440627473254484e-16 0
0,2,0,1,1,0,0 1.9619722513297688e-15 4.6273748721681329e-16 0
0,2,0,2,0,0,0 -0.16666666666666788 0.057791329323745803 0
0,2,1,0,0,0,1 -1.4315805485498601e-15 6.4466661175988094e-16 0
0,2,1,0,0,1,0 -4.6154486482707924e-15 1.518045671805579e-15 0
0,2,1,0,1,0,0 -1.1810864786188091e-14 3.3055155834738059e-15 0
0,2,1,1,0,0,0 -4.7574791328663935e-15 1.4920790297745512e-15 0
0,2,2,0,0,0,0 -0.16666666666667335 0.057791329323745769 0
0,3,0,0,0,0,1 -1.8711161092754836e-15 1.4463799082042872e-15 0
0,3,0,0,0,1,0 -6.8991036841770104e-15 1.6020442351188935e-16 0
0,3,0,0,1,0,0 -9.9226182825873366e-16 -6.6060438369541785e-16 0
0,3,0,1,0,0,0 -9.0118884576995129e-16 6.5041288327405411e-16 0
0,3,1,0,0,0,0 -1.3105835861004778e-15 1.8919327909872052e-16 0
0,4,0,0,0,0,0 9.3718435789647003e-16 -3.1349705817418361e-16 0
1,0,0,0,0,0,3 3.6877781644378826e-15 -7.9600768251170129e-16 0
1,0,0,0,0,1,2 9.9472838820113818e-15 -1.2166374678546088e-15 0
1,0,0,0,0,2,1 7.2580288133783366e-15 -7.0755033776404019e-16 0
1,0,0,0,0,3,0 8.0989089133037817e-15 -1.8437128993659124e-15 0
1,0,0,0,1,0,2 8.409540459017404e-15 -2.3727256325076912e-16 0
1,0,0,0,1,1,1 -1.2914118423723239e-15 4.2033840600905203e-16 0
1,0,0,0,1,2,0 0.50000000000000022 -0.18452553496278173 0
1,0,0,0,2,0,1 -7.7477838987554835e-17 -4.5640189252958794e-16 0
1,0,0,0,2,1,0 5.9570565630699126e-15 -1.6888071963346908e-15 0
1,0,0,0,3,0,0 -0.16666666666666727 0.061508511654263617 0
1,0,0,1,0,0,2 3.717200700893708e-15 -5.5004286715620854e-16 0
1,0,0,1,0,1,1 0.94280904158205714 -0.34576594600847588 0
1,0,0,1,0,2,0 2.7333549919988931e-15 -2.7728470561316776e-16 0
1,0,0,1,1,0,1 3.0893273643460908e-15 2.2226771340333809e-15 0
1,0,0,1,1,1,0 -3.8179671284308686e-16 1.2748218550674012e-15 0
1,0,0,1,2,0,0 3.9654419172949467e-16 6.0950812700392705e-16 0
1,0,0,2,0,0,1 2.0056249412994664e-15 -1.3010426069826053e-15 0
1,0,0,2,0,1,0 5.2318311358559577e-15 -2.0618543764699959e-15 0
1,0,0,2,1,0,0 0.3333333333333241 -0.12026598378780495 0
1,0,0,3,0,0,0 1.0185062970964609e-15 4.8246996675604947e-18 0
1,0,1,0,0,0,2 3.2634214341270562e-15 -7.6242452021896279e-16 0
1,0,1,0,0,1,1 -7.4850607482968012e-16 -2.7985968577282083e-16 0
1,0,1,0,0,2,0 2.6101896252045398e-15 -2.8654108166076275e-16 0
1,0,1,0,1,0,1 -0.94280904158205714 0.34576594600847482 0
1,0,1,0,1,1,0 -3.9211831752514886e-15 9.2023353455601697e-17 0
1,0,1,0,2,0,0 -2.0325714416317899e-15 -4.8089152085884108e-16 0
1,0,1,1,0,0,1 7.7992625378831004e-15 1.4465967486387843e-16 0
1,0,1,1,0,1,0 -0.66666666666666707 0.24053196757560849 0
1,0,1,1,1,0,0 3.8112137347424101e-15 -3.9813089619793879e-16 0
1,0,1,2,0,0,0 3.3159849107018691e-15 -3.3322953771341979e-16 0
1,0,2,0,0,0,1 -4.748534464943388e-16 -3.484964595547313e-16 0
1,0,2,0,0,1,0 6.9826008039855503e-15 -1.3593930126530596e-15 0
1,0,2,0,1,0,0 -0.33333333333333498 0.12026598378780691 0
1,0,2,1,0,0,0 1.5763554198945651e-15 -8.294553195328791e-16 0
1,0,3,0,0,0,0 -7.1524054989216199e-16 1.3985869211884105e-16 0
1,1,0,0,0,0,2 4.2730673835339812e-15 -1.6463378969993293e-15 0
1,1,0,0,0,1,1 8.7252400803597077e-15 -1.3304955360227874e-16 0
1,1,0,0,0,2,0 3.6635367606651937e-15 -1.0058371227309005e-15 0
1,1,0,0,1,0,1 -1.5094458801426723e-15 -2.5503262057084006e-16 0
1,1,0,0,1,1,0 1.7484704287622456e-15 1.0248581932968128e-15 0
1,1,0,0,2,0,0 6.8632161276997852e-15 -8.2177042227116483e-16 0
1,1,0,1,0,0,1 9.3604043249484397e-15 6.1164070578323267e-16 0
1,1,0,1,0,1,0 6.1522952891181374e-16 -1.1887714218384498e-16 0
1,1,0,1,1,0,0 5.1904914624703071e-15 -4.6428575249030931e-16 0
1,1,0,2,0,0,0 7.306263734263864e-15 -1.5097644319513742e-15 0
1,1,1,0,0,0,1 6.2807804063020404e-15 4.1255830995090835e-16 0
1,1,1,0,0,1,0 1.128566132308552e-15 3.0733727717436806e-16 0
1,1,1,0,1,0,0 -4.4673570342565347e-15 -2.6312211023125811e-16 0
1,1,1,1,0,0,0 -3.6877901623038437e-15 4.8555567294292384e-16 0
1,1,2,0,0,0,0 6.1879172438717848e-15 -9.4328729737180407e-16 0
1,2,0,0,0,0,1 3.7999117741271959e-15 -9.8266663903223694e-16 0
1,2,0,0,0,1,0 6.043586854923011e-15 -1.4887857656756265e-15 0
1,2,0,0,1,0,0 -4.0115480381963664e-17 8.8199846731695786e-17 0
1,2,0,1,0,0,0 -1.8726339923169633e-15 -2.0914259907245381e-16 0
1,2,1,0,0,0,0 1.9576354426398268e-15 -3.0422712959943254e-16 0
1,3,0,0,0,0,0 2.3193252873809911e-15 -1.2669986587665605e-15 0
2,0,0,0,0,0,2 2.2518879122523927e-16 2.7689168232564176e-16 0
2,0,0,0,0,1,1 -9.9211003995458569e-15 1.6390968443635856e-15 0
2,0,0,0,0,2,0 -0.16666666666666971 0.059166849084105605 0
2,0,0,0,1,0,1 4.6958812028761662e-15 -1.5223333525845803e-15 0
2,0,0,0,1,1,0 -5.0884487866765388e-16 -4.1155213324718318e-16 0
2,0,0,0,2,0,0 -0.16666666666666269 0.059166849084104141 0
2,0,0,1,0,0,1 -5.3730891264036629e-15 4.2638960938423676e-16 0
2,0,0,1,0,1,0 -5.6255591547940687e-15 3.639395642490717e-16 0
2,0,0,1,1,0,0 1.821871307788013e-15 -1.4931606908481949e-15 0
2,0,0,2,0,0,0 -0.16666666666666533 0.057791329323745907 0
2,0,1,0,0,0,1 1.9598173995119539e-15 -3.2333687051584736e-15 0
2,0,1,0,0,1,0 -4.6892557111627431e-15 5.4332081368679841e-16 0
2,0,1,0,1,0,0 -9.985757389025093e-15 2.5151004359963511e-15 0
2,0,1,1,0,0,0 -3.7276903569125053e-16 4.55195505854461e-16 0
2,0,2,0,0,0,0 -0.1666666666666711 0.057791329323747226 0
2,1,0,0,0,0,1 -3.9368898309983114e-15 9.7510044168380539e-16 0
2,1,0,0,0,1,0 -7.0052559533332163e-15 1.8834970124594388e-15 0
2,1,0,0,1,0,0 1.3201315003831919e-15 1.3962251593499436e-16 0
2,1,0,1,0,0,0 -1.7612061504805622e-15 3.7811383681507388e-16 0
2,1,1,0,0,0,0 4.1521865900734429e-16 3.097758495464021e-16 0
2,2,0,0,0,0,0 -4.3937293039975067e-17 -5.9820854866887707e-17 0
3,0,0,0,0,0,1 2.277349722646857e-15 -8.7166127722866638e-16 0
3,0,0,0,0,1,0 7.9900312982637139e-15 -1.425075335514947e-15 0
3,0,0,0,1,0,0 -2.878961437939565e-15 2.0336083687779068e-15 0
3,0,0,1,0,0,0 -3.5446634776697961e-16 1.2266019634461084e-15 0
3,0,1,0,0,0,0 1.3605212605388023e-15 8.8369253321146646e-17 0
3,1,0,0,0,0,0 3.7506443212509225e-15 -1.0982545515808889e-15 0
4,0,0,0,0,0,0 -1.0387995124467794e-15 1.3268601712149164e-16 0
