# sectors lambda 1.9614068619764455 2.1995688493332102 2.298606272079097 2.3421820411462999
0,0,0,0,0,0,4 2.4330852003290326e-16 5.3761519975409344e-16 0
0,0,0,0,0,1,3 -7.0002190892884397e-15 1.0704056998406264e-15 0
0,0,0,0,0,2,2 -0.33333333333334331 0.12891078647848639 0
0,0,0,0,0,3,1 -1.9574050496781736e-15 1.6546280404844405e-15 0
0,0,0,0,0,4,0 -0.041666666666668843 0.015962543556106205 0
0,0,0,0,1,0,3 5.4802735225821693e-15 -1.0770557555095199e-15 0
0,0,0,0,1,1,2 7.864675504267761e-15 -1.2194902748209613e-15 0
0,0,0,0,1,2,1 6.0894791000052489e-15 -1.7623130331347742e-15 0
0,0,0,0,1,3,0 1.3288218995207574e-15 -6.8267806230086492e-16 0
0,0,0,0,2,0,2 -0.33333333333333759 0.12891078647848356 0
0,0,0,0,2,1,1 -4.418342863834855e-15 1.4734700335607294e-15 0
0,0,0,0,2,2,0 -0.083333333333336715 0.031925087112210884 0
0,0,0,0,3,0,1 1.4270734920277842e-15 -9.0738338134731797e-16 0
0,0,0,0,3,1,0 3.2147573299732102e-15 -7.0847549461142768e-16 0
0,0,0,0,4,0,0 -0.041666666666664909 0.015962543556104887 0
0,0,0,1,0,0,3 4.6051487276321801e-17 1.8969472260349507e-16 0
0,0,0,1,0,1,2 -1.5065531287772327e-15 8.2174393158107595e-16 0
0,0,0,1,0,2,1 -3.079025749641584e-15 1.4766291488166328e-15 0
0,0,0,1,0,3,0 -4.6509969270011609e-15 6.6315225880075879e-16 0
0,0,0,1,1,0,2 2.3597092772072344e-15 -7.8288205996104865e-16 0
0,0,0,1,1,1,1 -1.4142135623730934 0.53851858480402226 0
0,0,0,1,1,2,0 -4.2387222746499698e-17 -4.4420101819910018e-16 0
0,0,0,1,2,0,1 -1.045978291375305e-14 -8.6145421257689684e-17 0
0,0,0,1,2,1,0 -3.043882829116036e-15 -3.4775784682472555e-17 0
0,0,0,1,3,0,0 4.3551457960243964e-15 -1.3595828290969446e-15 0
0,0,0,2,0,0,2 -0.33333333333334048 0.1261597469577668 0
0,0,0,2,0,1,1 -1.3095806990909287e-15 1.2961365921521084e-15 0
0,0,0,2,0,2,0 -0.16666666666666852 0.062474654464063868 0
0,0,0,2,1,0,1 3.0292642580562884e-15 -6.4758887542790827e-16 0
0,0,0,2,1,1,0 1.1497523582076202e-15 -1.3446969910181975e-15 0
0,0,0,2,2,0,0 -0.16666666666665897 0.06247465446405924 0
0,0,0,3,0,0,1 -1.6664187391102203e-16 3.3642115785867399e-16 0
0,0,0,3,0,1,0 -3.8098864341140626e-15 1.4352126258276865e-16 0
0,0,0,3,1,0,0 3.3052919667757308e-17 -1.5352256175582644e-15 0
0,0,0,4,0,0,0 1.3543531666168965e-15 -7.901800958345917e-17 0
0,0,1,0,0,0,3 -3.5358543350183513e-17 -2.4708289884586843e-16 0
0,0,1,0,0,1,2 -3.4204545662844255e-15 3.3699714026280692e-16 0
0,0,1,0,0,2,1 0.70710678118655046 -0.26925929240201124 0
0,0,1,0,0,3,0 -9.6514322141943998e-16 4.8022024724814205e-16 0
0,0,1,0,1,0,2 -8.9239359445884153e-15 2.1792472137288112e-15 0
0,0,1,0,1,1,1 4.9265519913360353e-15 -1.8929492305239104e-17 0
0,0,1,0,1,2,0 -1.2083071529282469e-14 3.2971299572959883e-15 0
0,0,1,0,2,0,1 -0.70710678118653469 0.26925929240201324 0
0,0,1,0,2,1,0 -7.911625402333544e-15 7.5540102889944854e-16 0
0,0,1,0,3,0,0 -7.2659272839421003e-15 2.2422124087515008e-15 0
0,0,1,1,0,0,2 -4.0596052994917864e-15 1.072303053642476e-15 0
0,0,1,1,0,1,1 -2.9898772260089634e-15 1.640939988056811e-16 0
0,0,1,1,0,2,0 4.95968283803494e-16 1.8041937301788158e-15 0
0,0,1,1,1,0,1 -2.4931466125529406e-15 -8.8262527169792604e-17 0
0,0,1,1,1,1,0 -9.1052145478279917e-16 1.7605359580114346e-15 0
0,0,1,1,2,0,0 -1.0650234672053154e-15 1.0073417146373796e-15 0
0,0,1,2,0,0,1 2.324421037591673e-15 -6.4888144770541833e-16 0
0,0,1,2,0,1,0 -3.7127283669322053e-15 1.6895393504384737e-15 0
0,0,1,2,1,0,0 -9.336279206608334e-15 2.5095053598632629e-15 0
0,0,1,3,0,0,0 -5.3632872611380361e-15 7.8715110601521032e-16 0
0,0,2,0,0,0,2 -0.33333333333334003 0.12615974695776641 0
0,0,2,0,0,1,1 -4.4257132680858291e-15 1.4159273796846006e-15 0
0,0,2,0,0,2,0 -0.16666666666667918 0.062474654464062335 0
0,0,2,0,1,0,1 -1.6614267504355771e-15 -6.0929790401433037e-16 0
0,0,2,0,1,1,0 5.1656795567412914e-15 -1.0542815806566935e-15 0
0,0,2,0,2,0,0 -0.16666666666666655 0.062474654464060322 0
0,0,2,1,0,0,1 2.0290708132794655e-15 6.355593135110027e-16 0
0,0,2,1,0,1,0 -3.8267525541597902e-15 -3.8617926131218061e-16 0
0,0,2,1,1,0,0 4.4794236272712243e-15 -9.3584223419154559e-16 0
0,0,2,2,0,0,0 -1.0253028894652294e-15 2.5619358522653568e-16 0
0,0,3,0,0,0,1 2.9118790440939984e-15 -9.5138740635603014e-18 0
0,0,3,0,0,1,0 -2.917703242639319e-15 9.0615076477496698e-16 0
0,0,3,0,1,0,0 -1.024628783588113e-14 2.270367947699995e-15 0
0,0,3,1,0,0,0 -2.856049408474573e-15 5.6219270775162422e-16 0
0,0,4,0,0,0,0 -6.0149395653721601e-15 6.8633957397360845e-16 0
0,1,0,0,0,0,3 -3.1683341626941773e-15 4.2121559943337001e-16 0
0,1,0,0,0,1,2 -1.0131534689110731e-14 2.87123974253851e-15 0
0,1,0,0,0,2,1 -5.1760189369358215e-15 1.6047623897820269e-15 0
0,1,0,0,0,3,0 0.166666666666658 -0.061508511654260259 0
0,1,0,0,1,0,2 -6.6266298079017193e-15 -3.391025721528066e-16 0
0,1,0,0,1,1,1 -4.6913653111319929e-15 9.7016994605852093e-16 0
0,1,0,0,1,2,0 1.279851013430611e-15 7.2397365649836617e-17 0
0,1,0,0,2,0,1 -3.4122004202480775e-15 9.6602326684236756e-16 0
0,1,0,0,2,1,0 -0.50000000000000677 0.18452553496278484 0
0,1,0,0,3,0,0 1.4458920276000527e-15 -8.0865220406651331e-16 0
0,1,0,1,0,0,2 2.8775247030035597e-15 -4.6515614878119699e-17 0
0,1,0,1,0,1,1 -1.5008968657710182e-15 8.6020621982882095e-16 0
0,1,0,1,0,2,0 -3.0003205911824438e-15 4.8436434416274662e-17 0
0,1,0,1,1,0,1 -0.94280904158207102 0.34576594600847521 0
0,1,0,1,1,1,0 -3.6869087900682144e-15 -7.7043965754699633e-17 0
0,1,0,1,2,0,0 -2.924743177005421e-15 2.6465295222117483e-16 0
0,1,0,2,0,0,1 -2.3316549608232164e-15 1.2229785731191874e-15 0
0,1,0,2,0,1,0 -0.33333333333334236 0.12026598378780959 0
0,1,0,2,1,0,0 2.3203096800256836e-16 -1.2064614440930906e-15 0
0,1,0,3,0,0,0 -1.1781268508726928e-15 -1.5794632648863787e-16 0
0,1,1,0,0,0,2 -5.1757174569032603e-15 4.5404823746289196e-16 0
0,1,1,0,0,1,1 -0.94280904158204071 0.34576594600847627 0
0,1,1,0,0,2,0 -3.8150640088709777e-15 1.1057230851627597e-15 0
0,1,1,0,1,0,1 5.8096036327525918e-15 2.0554527652347049e-16 0
0,1,1,0,1,1,0 5.8982279293595991e-16 -7.2416086271460277e-16 0
0,1,1,0,2,0,0 -4.7904385304839867e-15 3.1875497793757083e-16 0
0,1,1,1,0,0,1 -4.202516007530128e-15 -3.3387787291214063e-16 0
0,1,1,1,0,1,0 1.3917910742184565e-15 -3.3553500496741265e-17 0
0,1,1,1,1,0,0 -0.66666666666666741 0.24053196757560935 0
0,1,1,2,0,0,0 4.4638864378199639e-16 7.595271832179679e-16 0
0,1,2,0,0,0,1 -3.9238621454066691e-15 1.543469720268877e-15 0
0,1,2,0,0,1,0 0.33333333333333182 -0.12026598378780327 0
0,1,2,0,1,0,0 5.5858486029475532e-16 -3.8793269620192867e-16 0
0,1,2,1,0,0,0 -6.5112089171116408e-15 1.0363972341942377e-15 0
0,1,3,0,0,0,0 -8.6561245566943084e-16 -1.0908999177900009e-16 0
0,2,0,0,0,0,2 -5.3418641038360803e-16 9.0795155682082962e-16 0
0,2,0,0,0,1,1 -8.1209453224595496e-15 1.3053658631453913e-15 0
0,2,0,0,0,2,0 -0.16666666666666743 0.059166849084106007 0
0,2,0,0,1,0,1 3.4360535250410607e-15 -2.9544509200229996e-16 0
0,2,0,0,1,1,0 1.3588305827760827e-15 -1.1803166950763444e-15 0
0,2,0,0,2,0,0 -0.1666666666666686 0.059166849084103176 0
0,2,0,1,0,0,1 2.8451633410364607e-15 1.4789059733788523e-15 0
0,2,0,1,0,1,0 -4.1454470064983262e-15 -5.100900171001177e-16 0
0,2,0,1,1,0,0 1.9619722513297688e-15 -4.0126322403688519e-16 0
0,2,0,2,0,0,0 -0.16666666666666788 0.057791329323746712 0
0,2,1,0,0,0,1 -1.4315805485498601e-15 4.2413988987632933e-16 0
0,2,1,0,0,1,0 -4.6154486482707924e-15 1.2292955282183771e-15 0
0,2,1,0,1,0,0 -1.1810864786188091e-14 3.7055861851209571e-15 0
0,2,1,1,0,0,0 -4.7574791328663935e-15 1.3127519904454488e-15 0
0,2,2,0,0,0,0 -0.16666666666667335 0.057791329323746046 0
0,3,0,0,0,0,1 -1.8711161092754836e-15 1.861954600917981e-15 0
0,3,0,0,0,1,0 -6.8991036841770104e-15 -9.4827032511013432e-17 0
0,3,0,0,1,0,0 -9.9226182825873366e-16 -4.0700949555105836e-16 0
0,3,0,1,0,0,0 -9.0118884576995129e-16 -1.5108357273585504e-16 0
0,3,1,0,0,0,0 -1.3105835861004778e-15 3.7719393580770699e-16 0
0,4,0,0,0,0,0 9.3718435789647003e-16 -2.2659825404947043e-16 0
1,0,0,0,0,0,3 3.6877781644378826e-15 -1.1241279174872831e-15 0
1,0,0,0,0,1,2 9.9472838820113818e-15 -2.3227134191700083e-15 0
1,0,0,0,0,2,1 7.2580288133783366e-15 -7.3492644261929918e-16 0
1,0,0,0,0,3,0 8.0989089133037817e-15 -2.0146644769125643e-15 0
1,0,0,0,1,0,2 8.409540459017404e-15 -4.9356101616739728e-16 0
1,0,0,0,1,1,1 -1.2914118423723239e-15 -1.0101647166319005e-15 0
1,0,0,0,1,2,0 0.50000000000000022 -0.18452553496278196 0
1,0,0,0,2,0,1 -7.7477838987554835e-17 -9.6397113957867684e-16 0
1,0,0,0,2,1,0 5.9570565630699126e-15 -2.0246625361845989e-15 0
1,0,0,0,3,0,0 -0.16666666666666727 0.061508511654263021 0
1,0,0,1,0,0,2 3.717200700893708e-15 -7.0286116336804039e-16 0
1,0,0,1,0,1,1 0.94280904158205714 -0.34576594600847482 0
1,0,0,1,0,2,0 2.7333549919988931e-15 3.5548278730368477e-16 0
1,0,0,1,1,0,1 3.0893273643460908e-15 2.9531803706021181e-16 0
1,0,0,1,1,1,0 -3.8179671284308686e-16 1.1485123019728399e-15 0
1,0,0,1,2,0,0 3.9654419172949467e-16 -6.3130900806079903e-17 0
1,0,0,2,0,0,1 2.0056249412994664e-15 -1.3991900086468556e-15 0
1,0,0,2,0,1,0 5.2318311358559577e-15 -1.457764031015385e-15 0
1,0,0,2,1,0,0 0.3333333333333241 -0.12026598378780509 0
1,0,0,3,0,0,0 1.0185062970964609e-15 -1.7482760031328759e-18 0
1,0,1,0,0,0,2 3.2634214341270562e-15 -1.3520407666708922e-15 0
1,0,1,0,0,1,1 -7.4850607482968012e-16 8.6194072712597603e-18 0
1,0,1,0,0,2,0 2.6101896252045398e-15 -9.0983535809552318e-16 0
1,0,1,0,1,0,1 -0.94280904158205714 0.34576594600847443 0
1,0,1,0,1,1,0 -3.9211831752514886e-15 1.7877307978159812e-16 0
1,0,1,0,2,0,0 -2.0325714416317899e-15 4.9933862790061886e-17 0
1,0,1,1,0,0,1 7.7992625378831004e-15 1.3487475025719675e-16 0
1,0,1,1,0,1,0 -0.66666666666666707 0.2405319675756101 0
1,0,1,1,1,0,0 3.8112137347424101e-15 -4.4903418819613322e-16 0
1,0,1,2,0,0,0 3.3159849107018691e-15 -5.2814198327200135e-16 0
1,0,2,0,0,0,1 -4.748534464943388e-16 -5.297479577399955e-16 0
1,0,2,0,0,1,0 6.9826008039855503e-15 -1.4241402111411783e-15 0
1,0,2,0,1,0,0 -0.33333333333333498 0.12026598378780765 0
1,0,2,1,0,0,0 1.5763554198945651e-15 -9.4042341188677048e-16 0
1,0,3,0,0,0,0 -7.1524054989216199e-16 -3.7155947264257139e-16 0
1,1,0,0,0,0,2 4.2730673835339812e-15 -1.8251973741415476e-15 0
1,1,0,0,0,1,1 8.7252400803597077e-15 -5.6811278036639953e-16 0
1,1,0,0,0,2,0 3.6635367606651937e-15 -7.7975555877925519e-16 0
1,1,0,0,1,0,1 -1.5094458801426723e-15 -5.2884787923205416e-16 0
1,1,0,0,1,1,0 1.7484704287622456e-15 1.3003133077439113e-15 0
1,1,0,0,2,0,0 6.8632161276997852e-15 -9.1040394987185471e-16 0
1,1,0,1,0,0,1 9.3604043249484397e-15 1.7202382989467275e-16 0
1,1,0,1,0,1,0 6.1522952891181374e-16 -1.5708171623680294e-16 0
1,1,0,1,1,0,0 5.1904914624703071e-15 -2.6251572819075693e-16 0
1,1,0,2,0,0,0 7.306263734263864e-15 -1.0763546135002938e-15 0
1,1,1,0,0,0,1 6.2807804063020404e-15 5.2477323480315806e-16 0
1,1,1,0,0,1,0 1.128566132308552e-15 2.7897183783671605e-16 0
1,1,1,0,1,0,0 -4.4673570342565347e-15 -8.6658903943668983e-16 0
1,1,1,1,0,0,0 -3.6877901623038437e-15 1.1197055236296954e-15 0
1,1,2,0,0,0,0 6.1879172438717848e-15 -1.1234816984388949e-15 0
1,2,0,0,0,0,1 3.7999117741271959e-15 -7.295325368111838e-16 0
1,2,0,0,0,1,0 6.043586854923011e-15 -8.3712604990321404e-16 0
1,2,0,0,1,0,0 -4.0115480381963664e-17 7.8116766527580594e-17 0
1,2,0,1,0,0,0 -1.8726339923169633e-15 -6.051474425727843e-16 0
1,2,1,0,0,0,0 1.9576354426398268e-15 -1.2694381136546529e-15 0
1,3,0,0,0,0,0 2.3193252873809911e-15 -1.2952421253598079e-15 0
2,0,0,0,0,0,2 2.2518879122523927e-16 9.2764337877859759e-16 0
2,0,0,0,0,1,1 -9.9211003995458569e-15 1.3038886376853798e-15 0
2,0,0,0,0,2,0 -0.16666666666666971 0.059166849084105376 0
2,0,0,0,1,0,1 4.6958812028761662e-15 -1.5062871604317948e-15 0
2,0,0,0,1,1,0 -5.0884487866765388e-16 -2.6779454847213058e-16 0
2,0,0,0,2,0,0 -0.16666666666666269 0.05916684908410387 0
2,0,0,1,0,0,1 -5.3730891264036629e-15 7.5392708569210765e-16 0
2,0,0,1,0,1,0 -5.6255591547940687e-15 3.9989441879412224e-16 0
2,0,0,1,1,0,0 1.821871307788013e-15 -1.1659281464013356e-15 0
2,0,0,2,0,0,0 -0.16666666666666533 0.057791329323745602 0
2,0,1,0,0,0,1 1.9598173995119539e-15 -1.6040432328744136e-15 0
2,0,1,0,0,1,0 -4.6892557111627431e-15 6.5779901057411161e-16 0
2,0,1,0,1,0,0 -9.985757389025093e-15 2.6862553014503441e-15 0
2,0,1,1,0,0,0 -3.7276903569125053e-16 5.1592438004080532e-16 0
2,0,2,0,0,0,0 -0.1666666666666711 0.057791329323747767 0
2,1,0,0,0,0,1 -3.9368898309983114e-15 2.2413797130708774e-16 0
2,1,0,0,0,1,0 -7.0052559533332163e-15 1.7198773521042201e-15 0
2,1,0,0,1,0,0 1.3201315003831919e-15 2.4735155429858529e-16 0
2,1,0,1,0,0,0 -1.7612061504805622e-15 2.7670027610621101e-16 0
2,1,1,0,0,0,0 4.1521865900734429e-16 2.6400896534035775e-16 0
2,2,0,0,0,0,0 -4.3937293039975067e-17 1.7978782525240877e-16 0
3,0,0,0,0,0,1 2.277349722646857e-15 -8.0880126814703024e-16 0
3,0,0,0,0,1,0 7.9900312982637139e-15 -1.7584878323449737e-15 0
3,0,0,0,1,0,0 -2.878961437939565e-15 2.6012661331052157e-15 0
3,0,0,1,0,0,0 -3.5446634776697961e-16 4.3992519588136048e-16 0
3,0,1,0,0,0,0 1.3605212605388023e-15 -1.1704301265159922e-16 0
3,1,0,0,0,0,0 3.7506443212509225e-15 -1.2305704153044304e-15 0
4,0,0,0,0,0,0 -1.0387995124467794e-15 2.4272152620045603e-16 0
