# sectors lambda 1.9614068619764455 2.1995688493332102 2.298606272079097 2.3421820411462999
0,0,0,0,0,0,4 2.4330852003290326e-16 5.0341539747575381e-16 0
0,0,0,0,0,1,3 -7.0002190892884397e-15 2.1279636039372996e-15 0
0,0,0,0,0,2,2 -0.33333333333334331 0.12891078647848667 0
0,0,0,0,0,3,1 -1.9574050496781736e-15 1.4232321918217217e-15 0
0,0,0,0,0,4,0 -0.041666666666668843 0.015962543556106178 0
0,0,0,0,1,0,3 5.4802735225821693e-15 -8.3869983711921253e-16 0
0,0,0,0,1,1,2 7.864675504267761e-15 -6.4049920965938978e-16 0
0,0,0,0,1,2,1 6.0894791000052489e-15 -1.6271096340940427e-15 0
0,0,0,0,1,3,0 1.3288218995207574e-15 -8.1513707459249241e-16 0
0,0,0,0,2,0,2 -0.33333333333333759 0.12891078647848353 0
0,0,0,0,2,1,1 -4.418342863834855e-15 1.1475767540825976e-15 0
0,0,0,0,2,2,0 -0.083333333333336715 0.031925087112210704 0
0,0,0,0,3,0,1 1.4270734920277842e-15 -8.9629709153321479e-16 0
0,0,0,0,3,1,0 3.2147573299732102e-15 -1.5988343078123223e-15 0
0,0,0,0,4,0,0 -0.041666666666664909 0.015962543556105154 0
0,0,0,1,0,0,3 4.6051487276321801e-17 5.1187895068471878e-16 0
0,0,0,1,0,1,2 -1.5065531287772327e-15 1.236966258588712e-15 0
0,0,0,1,0,2,1 -3.079025749641584e-15 2.3592239273284576e-16 0
0,0,0,1,0,3,0 -4.6509969270011609e-15 6.6548329347160262e-16 0
0,0,0,1,1,0,2 2.3597092772072344e-15 -7.9576034889110303e-16 0
0,0,0,1,1,1,1 -1.4142135623730934 0.53851858480402481 0
0,0,0,1,1,2,0 -4.2387222746499698e-17 -1.297627370139276e-15 0
0,0,0,1,2,0,1 -1.045978291375305e-14 2.2339879884945412e-16 0
0,0,0,1,2,1,0 -3.043882829116036e-15 8.0468913494634742e-16 0
0,0,0,1,3,0,0 4.3551457960243964e-15 -1.6011926990003845e-15 0
0,0,0,2,0,0,2 -0.33333333333334048 0.12615974695776658 0
0,0,0,2,0,1,1 -1.3095806990909287e-15 1.5716594692349872e-15 0
0,0,0,2,0,2,0 -0.16666666666666852 0.062474654464062779 0
0,0,0,2,1,0,1 3.0292642580562884e-15 -9.6625791677802664e-16 0
0,0,0,2,1,1,0 1.1497523582076202e-15 -1.1140075678334888e-15 0
0,0,0,2,2,0,0 -0.16666666666665897 0.062474654464059746 0
0,0,0,3,0,0,1 -1.6664187391102203e-16 5.1784206263338906e-16 0
0,0,0,3,0,1,0 -3.8098864341140626e-15 1.6085494481538065e-15 0
0,0,0,3,1,0,0 3.3052919667757308e-17 -1.4858685842052827e-15 0
0,0,0,4,0,0,0 1.3543531666168965e-15 -3.8374658268766626e-16 0
0,0,1,0,0,0,3 -3.5358543350183513e-17 -3.829673123761923e-16 0
0,0,1,0,0,1,2 -3.4204545662844255e-15 -3.4911309954033243e-17 0
0,0,1,0,0,2,1 0.70710678118655046 -0.2692592924020113 0
0,0,1,0,0,3,0 -9.6514322141943998e-16 5.0128087444867298e-16 0
0,0,1,0,1,0,2 -8.9239359445884153e-15 2.7971297966635639e-15 0
0,0,1,0,1,1,1 4.9265519913360353e-15 5.3636836725573511e-16 0
0,0,1,0,1,2,0 -1.2083071529282469e-14 3.3413925109877091e-15 0
0,0,1,0,2,0,1 -0.70710678118653469 0.26925929240201329 0
0,0,1,0,2,1,0 -7.911625402333544e-15 8.3062729549452383e-16 0
0,0,1,0,3,0,0 -7.2659272839421003e-15 2.2517564352027499e-15 0
0,0,1,1,0,0,2 -4.0596052994917864e-15 1.5590827240341554e-15 0
0,0,1,1,0,1,1 -2.9898772260089634e-15 8.8872052078636798e-16 0
0,0,1,1,0,2,0 4.95968283803494e-16 1.6011497683265929e-15 0
0,0,1,1,1,0,1 -2.4931466125529406e-15 2.8025270906034683e-16 0
0,0,1,1,1,1,0 -9.1052145478279917e-16 1.2697701505699766e-15 0
0,0,1,1,2,0,0 -1.0650234672053154e-15 1.4292025035504436e-15 0
0,0,1,2,0,0,1 2.324421037591673e-15 -7.4809949901499806e-16 0
0,0,1,2,0,1,0 -3.7127283669322053e-15 1.2662397172458206e-15 0
0,0,1,2,1,0,0 -9.336279206608334e-15 2.4341067220634213e-15 0
0,0,1,3,0,0,0 -5.3632872611380361e-15 7.0156012076105778e-16 0
0,0,2,0,0,0,2 -0.33333333333334003 0.12615974695776619 0
0,0,2,0,0,1,1 -4.4257132680858291e-15 1.5659674078294383e-15 0
0,0,2,0,0,2,0 -0.16666666666667918 0.062474654464062751 0
0,0,2,0,1,0,1 -1.6614267504355771e-15 -8.0131180282740772e-16 0
0,0,2,0,1,1,0 5.1656795567412914e-15 -1.3375819142612613e-15 0
0,0,2,0,2,0,0 -0.16666666666666655 0.062474654464060711 0
0,0,2,1,0,0,1 2.0290708132794655e-15 3.4970941073519946e-16 0
0,0,2,1,0,1,0 -3.8267525541597902e-15 2.3670843930789776e-16 0
0,0,2,1,1,0,0 4.4794236272712243e-15 -1.2529531584351897e-15 0
0,0,2,2,0,0,0 -1.0253028894652294e-15 2.5787748672567723e-16 0
0,0,3,0,0,0,1 2.9118790440939984e-15 1.1223525364298381e-16 0
0,0,3,0,0,1,0 -2.917703242639319e-15 9.1997264840826265e-16 0
0,0,3,0,1,0,0 -1.024628783588113e-14 2.4728542442355693e-15 0
0,0,3,1,0,0,0 -2.856049408474573e-15 6.751699622564028e-16 0
0,0,4,0,0,0,0 -6.0149395653721601e-15 8.1144909314014718e-16 0
0,1,0,0,0,0,3 -3.1683341626941773e-15 8.3231466577019129e-16 0
0,1,0,0,0,1,2 -1.0131534689110731e-14 3.6354207164873445e-15 0
0,1,0,0,0,2,1 -5.1760189369358215e-15 1.0801632101956298e-15 0
0,1,0,0,0,3,0 0.166666666666658 -0.061508511654260134 0
0,1,0,0,1,0,2 -6.6266298079017193e-15 2.3332393079001762e-16 0
0,1,0,0,1,1,1 -4.6913653111319929e-15 1.0823924951774844e-15 0
0,1,0,0,1,2,0 1.279851013430611e-15 5.8778497506297975e-16 0
0,1,0,0,2,0,1 -3.4122004202480775e-15 2.1216186250727896e-15 0
0,1,0,0,2,1,0 -0.50000000000000677 0.18452553496278776 0
0,1,0,0,3,0,0 1.4458920276000527e-15 -6.3333673689044407e-16 0
0,1,0,1,0,0,2 2.8775247030035597e-15 2.1978967199864305e-16 0
0,1,0,1,0,1,1 -1.5008968657710182e-15 1.0518193803159849e-15 0
0,1,0,1,0,2,0 -3.0003205911824438e-15 -2.2107245068531314e-16 0
0,1,0,1,1,0,1 -0.94280904158207102 0.34576594600847699 0
0,1,0,1,1,1,0 -3.6869087900682144e-15 6.8627509448193135e-16 0
0,1,0,1,2,0,0 -2.924743177005421e-15 8.1759465726197679e-16 0
0,1,0,2,0,0,1 -2.3316549608232164e-15 5.7752075723140186e-16 0
0,1,0,2,0,1,0 -0.33333333333334236 0.12026598378780831 0
0,1,0,2,1,0,0 2.3203096800256836e-16 -6.1619477726764199e-16 0
0,1,0,3,0,0,0 -1.1781268508726928e-15 2.3820791541648465e-16 0
0,1,1,0,0,0,2 -5.1757174569032603e-15 9.7486321158780645e-16 0
0,1,1,0,0,1,1 -0.94280904158204071 0.34576594600847754 0
0,1,1,0,0,2,0 -3.8150640088709777e-15 9.5601126018774761e-16 0
0,1,1,0,1,0,1 5.8096036327525918e-15 7.4067326879835763e-16 0
0,1,1,0,1,1,0 5.8982279293595991e-16 -7.8047003596592343e-16 0
0,1,1,0,2,0,0 -4.7904385304839867e-15 9.6710706710373385e-16 0
0,1,1,1,0,0,1 -4.202516007530128e-15 3.0394556839856966e-16 0
0,1,1,1,0,1,0 1.3917910742184565e-15 -5.0140713171412743e-17 0
0,1,1,1,1,0,0 -0.66666666666666741 0.24053196757560882 0
0,1,1,2,0,0,0 4.4638864378199639e-16 9.232982457527721e-17 0
0,1,2,0,0,0,1 -3.9238621454066691e-15 1.3498565981329937e-15 0
0,1,2,0,0,1,0 0.33333333333333182 -0.12026598378780373 0
0,1,2,0,1,0,0 5.5858486029475532e-16 2.153083239075779e-16 0
0,1,2,1,0,0,0 -6.5112089171116408e-15 1.4369424948979265e-15 0
0,1,3,0,0,0,0 -8.6561245566943084e-16 4.392130975025905e-18 0
0,2,0,0,0,0,2 -5.3418641038360803e-16 7.2819083662273298e-16 0
0,2,0,0,0,1,1 -8.1209453224595496e-15 1.7296412782932813e-15 0
0,2,0,0,0,2,0 -0.16666666666666743 0.059166849084106327 0
0,2,0,0,1,0,1 3.4360535250410607e-15 -1.4980421417232215e-15 0
0,2,0,0,1,1,0 1.3588305827760827e-15 -5.8281287781958291e-16 0
0,2,0,0,2,0,0 -0.1666666666666686 0.059166849084102906 0
0,2,0,1,0,0,1 2.8451633410364607e-15 1.3910855974075265e-15 0
0,2,0,1,0,1,0 -4.1454470064983262e-15 2.2310170204320467e-16 0
0,2,0,1,1,0,0 1.9619722513297688e-15 -4.152494320619482e-17 0
0,2,0,2,0,0,0 -0.16666666666666788 0.05779132932374606 0
0,2,1,0,0,0,1 -1.4315805485498601e-15 1.3116677882729633e-15 0
0,2,1,0,0,1,0 -4.6154486482707924e-15 8.7557456944498124e-16 0
0,2,1,0,1,0,0 -1.1810864786188091e-14 3.5455579444620966e-15 0
0,2,1,1,0,0,0 -4.7574791328663935e-15 6.7567479389296636e-16 0
0,2,2,0,0,0,0 -0.16666666666667335 0.057791329323745894 0
0,3,0,0,0,0,1 -1.8711161092754836e-15 1.175112524648414e-15 0
0,3,0,0,0,1,0 -6.8991036841770104e-15 1.0838904643609149e-15 0
0,3,0,0,1,0,0 -9.9226182825873366e-16 5.0740661672321608e-17 0
0,3,0,1,0,0,0 -9.0118884576995129e-16 4.0240163631799497e-16 0
0,3,1,0,0,0,0 -1.3105835861004778e-15 1.4409046872332354e-16 0
0,4,0,0,0,0,0 9.3718435789647003e-16 2.7579392762600019e-16 0
1,0,0,0,0,0,3 3.6877781644378826e-15 -7.5826389438204966e-16 0
1,0,0,0,0,1,2 9.9472838820113818e-15 -2.0042561360567035e-15 0
1,0,0,0,0,2,1 7.2580288133783366e-15 -7.8528763353125086e-16 0
1,0,0,0,0,3,0 8.0989089133037817e-15 -2.0728319234664117e-15 0
1,0,0,0,1,0,2 8.409540459017404e-15 3.9922695683168585e-16 0
1,0,0,0,1,1,1 -1.2914118423723239e-15 6.5408561813334876e-16 0
1,0,0,0,1,2,0 0.50000000000000022 -0.18452553496278301 0
1,0,0,0,2,0,1 -7.7477838987554835e-17 -7.1404665695300705e-17 0
1,0,0,0,2,1,0 5.9570565630699126e-15 -2.1294717460998858e-15 0
1,0,0,0,3,0,0 -0.16666666666666727 0.061508511654263617 0
1,0,0,1,0,0,2 3.717200700893708e-15 -8.978820291438705e-16 0
1,0,0,1,0,1,1 0.94280904158205714 -0.34576594600847455 0
1,0,0,1,0,2,0 2.7333549919988931e-15 -3.4586049302287591e-16 0
1,0,0,1,1,0,1 3.0893273643460908e-15 5.0065068193591578e-16 0
1,0,0,1,1,1,0 -3.8179671284308686e-16 3.6849998963708885e-16 0
1,0,0,1,2,0,0 3.9654419172949467e-16 -4.0844563991312803e-16 0
1,0,0,2,0,0,1 2.0056249412994664e-15 -9.7496880360758986e-16 0
1,0,0,2,0,1,0 5.2318311358559577e-15 -1.8854275779522922e-15 0
1,0,0,2,1,0,0 0.3333333333333241 -0.12026598378780565 0
1,0,0,3,0,0,0 1.0185062970964609e-15 -2.4345759783162002e-16 0
1,0,1,0,0,0,2 3.2634214341270562e-15 -7.7376798544859238e-16 0
1,0,1,0,0,1,1 -7.4850607482968012e-16 -2.7495367094232392e-16 0
1,0,1,0,0,2,0 2.6101896252045398e-15 -5.1228552649940085e-17 0
1,0,1,0,1,0,1 -0.94280904158205714 0.34576594600847294 0
1,0,1,0,1,1,0 -3.9211831752514886e-15 6.8783818701553812e-16 0
1,0,1,0,2,0,0 -2.0325714416317899e-15 -2.1218778839695142e-16 0
1,0,1,1,0,0,1 7.7992625378831004e-15 7.4105218489384228e-17 0
1,0,1,1,0,1,0 -0.66666666666666707 0.2405319675756091 0
1,0,1,1,1,0,0 3.8112137347424101e-15 -5.6043426735312429e-16 0
1,0,1,2,0,0,0 3.3159849107018691e-15 -4.7816026312041959e-16 0
1,0,2,0,0,0,1 -4.748534464943388e-16 -6.0932162093685349e-16 0
1,0,2,0,0,1,0 6.9826008039855503e-15 -1.8800336721441768e-15 0
1,0,2,0,1,0,0 -0.33333333333333498 0.12026598378780498 0
1,0,2,1,0,0,0 1.5763554198945651e-15 -1.038611471132489e-15 0
1,0,3,0,0,0,0 -7.1524054989216199e-16 -2.308673001036321e-16 0
1,1,0,0,0,0,2 4.2730673835339812e-15 -1.3729154294211917e-15 0
1,1,0,0,0,1,1 8.7252400803597077e-15 -6.4876155149677465e-16 0
1,1,0,0,0,2,0 3.6635367606651937e-15 -1.8299086713880505e-15 0
1,1,0,0,1,0,1 -1.5094458801426723e-15 -2.2771933584755245e-16 0
1,1,0,0,1,1,0 1.7484704287622456e-15 6.4195654078020721e-16 0
1,1,0,0,2,0,0 6.8632161276997852e-15 -6.5203749219500083e-16 0
1,1,0,1,0,0,1 9.3604043249484397e-15 -9.7166640516795399e-17 0
1,1,0,1,0,1,0 6.1522952891181374e-16 -6.7583775645117626e-16 0
1,1,0,1,1,0,0 5.1904914624703071e-15 -1.7573766803898295e-16 0
1,1,0,2,0,0,0 7.306263734263864e-15 -1.3337717536548707e-15 0
1,1,1,0,0,0,1 6.2807804063020404e-15 1.6554549947771888e-16 0
1,1,1,0,0,1,0 1.128566132308552e-15 6.0139824816196885e-17 0
1,1,1,0,1,0,0 -4.4673570342565347e-15 -6.4386973011102566e-16 0
1,1,1,1,0,0,0 -3.6877901623038437e-15 6.3022352787537223e-16 0
1,1,2,0,0,0,0 6.1879172438717848e-15 -5.9924298943857677e-16 0
1,2,0,0,0,0,1 3.7999117741271959e-15 -9.6363889090511634e-16 0
1,2,0,0,0,1,0 6.043586854923011e-15 -1.7341678223634083e-15 0
1,2,0,0,1,0,0 -4.0115480381963664e-17 -2.7647155398380363e-18 0
1,2,0,1,0,0,0 -1.8726339923169633e-15 -4.3059089280261809e-16 0
1,2,1,0,0,0,0 1.9576354426398268e-15 -5.3326483853699536e-16 0
1,3,0,0,0,0,0 2.3193252873809911e-15 -9.7296302958849168e-16 0
2,0,0,0,0,0,2 2.2518879122523927e-16 1.0742004074443257e-15 0
2,0,0,0,0,1,1 -9.9211003995458569e-15 1.1544042631539408e-15 0
2,0,0,0,0,2,0 -0.16666666666666971 0.059166849084105549 0
2,0,0,0,1,0,1 4.6958812028761662e-15 -1.8943959627978207e-15 0
2,0,0,0,1,1,0 -5.0884487866765388e-16 -5.8154910466227949e-16 0
2,0,0,0,2,0,0 -0.16666666666666269 0.059166849084103829 0
2,0,0,1,0,0,1 -5.3730891264036629e-15 1.4579808714498821e-15 0
2,0,0,1,0,1,0 -5.6255591547940687e-15 1.3436517523612856e-15 0
2,0,0,1,1,0,0 1.821871307788013e-15 -1.5213236893114532e-15 0
2,0,0,2,0,0,0 -0.16666666666666533 0.057791329323745276 0
2,0,1,0,0,0,1 1.9598173995119539e-15 -1.6666897896533417e-15 0
2,0,1,0,0,1,0 -4.6892557111627431e-15 6.4786500816871317e-16 0
2,0,1,0,1,0,0 -9.985757389025093e-15 2.3579550719734707e-15 0
2,0,1,1,0,0,0 -3.7276903569125053e-16 3.5426305985963857e-16 0
2,0,2,0,0,0,0 -0.1666666666666711 0.057791329323747698 0
2,1,0,0,0,0,1 -3.9368898309983114e-15 2.601454854694968e-16 0
2,1,0,0,0,1,0 -7.0052559533332163e-15 2.1460948674987974e-15 0
2,1,0,0,1,0,0 1.3201315003831919e-15 4.293729769941404e-16 0
2,1,0,1,0,0,0 -1.7612061504805622e-15 1.501322891256898e-16 0
2,1,1,0,0,0,0 4.1521865900734429e-16 1.894521912134184e-16 0
2,2,0,0,0,0,0 -4.3937293039975067e-17 3.0024268661554832e-16 0
3,0,0,0,0,0,1 2.277349722646857e-15 -7.3812483902813142e-16 0
3,0,0,0,0,1,0 7.9900312982637139e-15 -1.7478694273181938e-15 0
3,0,0,0,1,0,0 -2.878961437939565e-15 1.8850819885098125e-15 0
3,0,0,1,0,0,0 -3.5446634776697961e-16 5.8315169099848463e-16 0
3,0,1,0,0,0,0 1.3605212605388023e-15 5.4099655527953261e-16 0
3,1,0,0,0,0,0 3.7506443212509225e-15 -1.1788279572990811e-15 0
4,0,0,0,0,0,0 -1.0387995124467794e-15 6.3462418913723395e-16 0
