# sectors lambda 1.9614068619764455 2.1995688493332102 2.298606272079097 2.3421820411462999
0,0,0,0,0,0,4 2.4330852003290326e-16 3.7073615661784021e-16 0
0,0,0,0,0,1,3 -7.0002190892884397e-15 1.0071967131847215e-15 0
0,0,0,0,0,2,2 -0.33333333333334331 0.12891078647848606 0
0,0,0,0,0,3,1 -1.9574050496781736e-15 1.6137265135274248e-15 0
0,0,0,0,0,4,0 -0.041666666666668843 0.015962543556106091 0
0,0,0,0,1,0,3 5.4802735225821693e-15 -1.1249503864790671e-15 0
0,0,0,0,1,1,2 7.864675504267761e-15 -1.395917073338665e-15 0
0,0,0,0,1,2,1 6.0894791000052489e-15 -8.3884383272024576e-16 0
0,0,0,0,1,3,0 1.3288218995207574e-15 -5.814135793907188e-16 0
0,0,0,0,2,0,2 -0.33333333333333759 0.12891078647848342 0
0,0,0,0,2,1,1 -4.418342863834855e-15 1.3312227085306313e-15 0
0,0,0,0,2,2,0 -0.083333333333336715 0.031925087112210759 0
0,0,0,0,3,0,1 1.4270734920277842e-15 -1.311953422010284e-15 0
0,0,0,0,3,1,0 3.2147573299732102e-15 -2.2651729738661149e-15 0
0,0,0,0,4,0,0 -0.041666666666664909 0.015962543556105078 0
0,0,0,1,0,0,3 4.6051487276321801e-17 -9.3498884849718689e-17 0
0,0,0,1,0,1,2 -1.5065531287772327e-15 6.5450574647518689e-16 0
0,0,0,1,0,2,1 -3.079025749641584e-15 6.659711844492211e-16 0
0,0,0,1,0,3,0 -4.6509969270011609e-15 4.6832112840511364e-16 0
0,0,0,1,1,0,2 2.3597092772072344e-15 -9.7292914827060151e-16 0
0,0,0,1,1,1,1 -1.4142135623730934 0.53851858480402126 0
0,0,0,1,1,2,0 -4.2387222746499698e-17 -8.1383264385372078e-16 0
0,0,0,1,2,0,1 -1.045978291375305e-14 4.8582543483703818e-16 0
0,0,0,1,2,1,0 -3.043882829116036e-15 -4.7818736817473173e-16 0
0,0,0,1,3,0,0 4.3551457960243964e-15 -1.2317553929609036e-15 0
0,0,0,2,0,0,2 -0.33333333333334048 0.12615974695776669 0
0,0,0,2,0,1,1 -1.3095806990909287e-15 1.5334684477091853e-15 0
0,0,0,2,0,2,0 -0.16666666666666852 0.062474654464064243 0
0,0,0,2,1,0,1 3.0292642580562884e-15 -8.7258793127296258e-16 0
0,0,0,2,1,1,0 1.1497523582076202e-15 -1.1040583188350397e-15 0
0,0,0,2,2,0,0 -0.16666666666665897 0.062474654464059858 0
0,0,0,3,0,0,1 -1.6664187391102203e-16 7.3380158286534547e-16 0
0,0,0,3,0,1,0 -3.8098864341140626e-15 -4.8409627001477773e-16 0
0,0,0,3,1,0,0 3.3052919667757308e-17 -7.5419347755401912e-16 0
0,0,0,4,0,0,0 1.3543531666168965e-15 -7.1829071553522472e-16 0
0,0,1,0,0,0,3 -3.5358543350183513e-17 -6.575618413488804e-16 0
0,0,1,0,0,1,2 -3.4204545662844255e-15 6.2474439684045979e-16 0
0,0,1,0,0,2,1 0.70710678118655046 -0.2692592924020113 0
0,0,1,0,0,3,0 -9.6514322141943998e-16 3.1475744319969801e-16 0
0,0,1,0,1,0,2 -8.9239359445884153e-15 2.6450204670285839e-15 0
0,0,1,0,1,1,1 4.9265519913360353e-15 2.4192955039477326e-16 0
0,0,1,0,1,2,0 -1.2083071529282469e-14 3.2751748633031569e-15 0
0,0,1,0,2,0,1 -0.70710678118653469 0.26925929240201257 0
0,0,1,0,2,1,0 -7.911625402333544e-15 8.0961113752372376e-16 0
0,0,1,0,3,0,0 -7.2659272839421003e-15 2.3741598131429867e-15 0
0,0,1,1,0,0,2 -4.0596052994917864e-15 1.2438238373296828e-15 0
0,0,1,1,0,1,1 -2.9898772260089634e-15 4.3926451018250212e-16 0
0,0,1,1,0,2,0 4.95968283803494e-16 1.4098694000458378e-15 0
0,0,1,1,1,0,1 -2.4931466125529406e-15 2.8253461582024991e-16 0
0,0,1,1,1,1,0 -9.1052145478279917e-16 1.5857083576981471e-15 0
0,0,1,1,2,0,0 -1.0650234672053154e-15 9.8966921922586585e-16 0
0,0,1,2,0,0,1 2.324421037591673e-15 -7.7649204340696221e-16 0
0,0,1,2,0,1,0 -3.7127283669322053e-15 2.0010306345935591e-15 0
0,0,1,2,1,0,0 -9.336279206608334e-15 3.127825858831746e-15 0
0,0,1,3,0,0,0 -5.3632872611380361e-15 1.0400412627474542e-15 0
0,0,2,0,0,0,2 -0.33333333333334003 0.12615974695776652 0
0,0,2,0,0,1,1 -4.4257132680858291e-15 1.2515623303357981e-15 0
0,0,2,0,0,2,0 -0.16666666666667918 0.062474654464062723 0
0,0,2,0,1,0,1 -1.6614267504355771e-15 -6.0371426282603002e-16 0
0,0,2,0,1,1,0 5.1656795567412914e-15 -8.5348733831237811e-16 0
0,0,2,0,2,0,0 -0.16666666666666655 0.062474654464060586 0
0,0,2,1,0,0,1 2.0290708132794655e-15 1.2945373939476923e-16 0
0,0,2,1,0,1,0 -3.8267525541597902e-15 -1.9502086577583011e-17 0
0,0,2,1,1,0,0 4.4794236272712243e-15 -1.5217450882027122e-15 0
0,0,2,2,0,0,0 -1.0253028894652294e-15 4.7376246805827527e-17 0
0,0,3,0,0,0,1 2.9118790440939984e-15 2.230474919345804e-16 0
0,0,3,0,0,1,0 -2.917703242639319e-15 9.0647602542671263e-16 0
0,0,3,0,1,0,0 -1.024628783588113e-14 2.4645485567921488e-15 0
0,0,3,1,0,0,0 -2.856049408474573e-15 7.1902255200165244e-16 0
0,0,4,0,0,0,0 -6.0149395653721601e-15 7.3068344282826558e-16 0
0,1,0,0,0,0,3 -3.1683341626941773e-15 4.154218940741506e-16 0
0,1,0,0,0,1,2 -1.0131534689110731e-14 1.9045921906047463e-15 0
0,1,0,0,0,2,1 -5.1760189369358215e-15 8.0321172366349359e-16 0
0,1,0,0,0,3,0 0.166666666666658 -0.061508511654260772 0
0,1,0,0,1,0,2 -6.6266298079017193e-15 1.8700653204578443e-16 0
0,1,0,0,1,1,1 -4.6913653111319929e-15 4.2182114479682095e-16 0
0,1,0,0,1,2,0 1.279851013430611e-15 -8.2130658744606365e-18 0
0,1,0,0,2,0,1 -3.4122004202480775e-15 2.205591610645045e-15 0
0,1,0,0,2,1,0 -0.50000000000000677 0.18452553496278776 0
0,1,0,0,3,0,0 1.4458920276000527e-15 -3.0905184298519282e-16 0
0,1,0,1,0,0,2 2.8775247030035597e-15 -3.3681074656111354e-16 0
0,1,0,1,0,1,1 -1.5008968657710182e-15 5.1534861381549413e-16 0
0,1,0,1,0,2,0 -3.0003205911824438e-15 -2.6207906778357378e-16 0
0,1,0,1,1,0,1 -0.94280904158207102 0.34576594600847543 0
0,1,0,1,1,1,0 -3.6869087900682144e-15 -9.9839897193288139e-16 0
0,1,0,1,2,0,0 -2.924743177005421e-15 7.6056702591604451e-16 0
0,1,0,2,0,0,1 -2.3316549608232164e-15 1.1781468132869118e-15 0
0,1,0,2,0,1,0 -0.33333333333334236 0.12026598378780692 0
0,1,0,2,1,0,0 2.3203096800256836e-16 -1.065515161669975e-15 0
0,1,0,3,0,0,0 -1.1781268508726928e-15 2.4825001743305636e-16 0
0,1,1,0,0,0,2 -5.1757174569032603e-15 7.8619357300382624e-16 0
0,1,1,0,0,1,1 -0.94280904158204071 0.34576594600847776 0
0,1,1,0,0,2,0 -3.8150640088709777e-15 7.9171103095664542e-16 0
0,1,1,0,1,0,1 5.8096036327525918e-15 -9.5429246558505546e-17 0
0,1,1,0,1,1,0 5.8982279293595991e-16 -6.7016759452482464e-16 0
0,1,1,0,2,0,0 -4.7904385304839867e-15 1.1791778220220672e-15 0
0,1,1,1,0,0,1 -4.202516007530128e-15 -2.8704033906076684e-16 0
0,1,1,1,0,1,0 1.3917910742184565e-15 -1.407752649067806e-15 0
0,1,1,1,1,0,0 -0.66666666666666741 0.24053196757560941 0
0,1,1,2,0,0,0 4.4638864378199639e-16 3.1131800511246037e-16 0
0,1,2,0,0,0,1 -3.9238621454066691e-15 1.1921882163835736e-15 0
0,1,2,0,0,1,0 0.33333333333333182 -0.12026598378780332 0
0,1,2,0,1,0,0 5.5858486029475532e-16 1.196907609557845e-16 0
0,1,2,1,0,0,0 -6.5112089171116408e-15 1.1478532175257475e-15 0
0,1,3,0,0,0,0 -8.6561245566943084e-16 1.4439647614811086e-16 0
0,2,0,0,0,0,2 -5.3418641038360803e-16 7.318771240091837e-16 0
0,2,0,0,0,1,1 -8.1209453224595496e-15 1.6082241875020609e-15 0
0,2,0,0,0,2,0 -0.16666666666666743 0.059166849084106556 0
0,2,0,0,1,0,1 3.4360535250410607e-15 -8.1401899110211673e-16 0
0,2,0,0,1,1,0 1.3588305827760827e-15 -1.1387375417615253e-15 0
0,2,0,0,2,0,0 -0.1666666666666686 0.059166849084103572 0
0,2,0,1,0,0,1 2.8451633410364607e-15 1.1651378646615473e-15 0
0,2,0,1,0,1,0 -4.1454470064983262e-15 1.0557418654577599e-16 0
0,2,0,1,1,0,0 1.9619722513297688e-15 -1.1643247130321832e-15 0
0,2,0,2,0,0,0 -0.16666666666666788 0.05779132932374647 0
0,2,1,0,0,0,1 -1.4315805485498601e-15 5.9089018400459992e-16 0
0,2,1,0,0,1,0 -4.6154486482707924e-15 9.0343856527785871e-16 0
0,2,1,0,1,0,0 -1.1810864786188091e-14 3.6411845760753181e-15 0
0,2,1,1,0,0,0 -4.7574791328663935e-15 1.3327013104191821e-15 0
0,2,2,0,0,0,0 -0.16666666666667335 0.05779132932374588 0
0,3,0,0,0,0,1 -1.8711161092754836e-15 1.6564440791233537e-15 0
0,3,0,0,0,1,0 -6.8991036841770104e-15 5.1481984907758571e-16 0
0,3,0,0,1,0,0 -9.9226182825873366e-16 -7.460395148872756e-16 0
0,3,0,1,0,0,0 -9.0118884576995129e-16 3.7269449679189215e-16 0
0,3,1,0,0,0,0 -1.3105835861004778e-15 3.2298382718343177e-16 0
0,4,0,0,0,0,0 9.3718435789647003e-16 1.3647394846161287e-16 0
1,0,0,0,0,0,3 3.6877781644378826e-15 -9.8934803492017886e-16 0
1,0,0,0,0,1,2 9.9472838820113818e-15 -2.3855971451741675e-15 0
1,0,0,0,0,2,1 7.2580288133783366e-15 -5.552741426384511e-16 0
1,0,0,0,0,3,0 8.0989089133037817e-15 -1.9289854002318974e-15 0
1,0,0,0,1,0,2 8.409540459017404e-15 -5.4630745185881707e-16 0
1,0,0,0,1,1,1 -1.2914118423723239e-15 -5.2460477368426739e-16 0
1,0,0,0,1,2,0 0.50000000000000022 -0.18452553496278082 0
1,0,0,0,2,0,1 -7.7477838987554835e-17 1.3248251745591379e-16 0
1,0,0,0,2,1,0 5.9570565630699126e-15 -1.9304182623412964e-15 0
1,0,0,0,3,0,0 -0.16666666666666727 0.061508511654263756 0
1,0,0,1,0,0,2 3.717200700893708e-15 -5.2749146196851004e-16 0
1,0,0,1,0,1,1 0.94280904158205714 -0.3457659460084746 0
1,0,0,1,0,2,0 2.7333549919988931e-15 2.8853330315270487e-16 0
1,0,0,1,1,0,1 3.0893273643460908e-15 1.0074220239486911e-15 0
1,0,0,1,1,1,0 -3.8179671284308686e-16 1.4456379073424924e-15 0
1,0,0,1,2,0,0 3.9654419172949467e-16 2.3827730314489033e-16 0
1,0,0,2,0,0,1 2.0056249412994664e-15 -3.9082777812671221e-16 0
1,0,0,2,0,1,0 5.2318311358559577e-15 -2.4885692465059783e-15 0
1,0,0,2,1,0,0 0.3333333333333241 -0.1202659837878054 0
1,0,0,3,0,0,0 1.0185062970964609e-15 2.2013369859602561e-16 0
1,0,1,0,0,0,2 3.2634214341270562e-15 -1.3227402029594715e-15 0
1,0,1,0,0,1,1 -7.4850607482968012e-16 -2.0453473983939041e-16 0
1,0,1,0,0,2,0 2.6101896252045398e-15 -5.711305994110516e-16 0
1,0,1,0,1,0,1 -0.94280904158205714 0.34576594600847355 0
1,0,1,0,1,1,0 -3.9211831752514886e-15 4.9861272066482193e-16 0
1,0,1,0,2,0,0 -2.0325714416317899e-15 -3.5263040385380591e-16 0
1,0,1,1,0,0,1 7.7992625378831004e-15 -4.3801767768414379e-17 0
1,0,1,1,0,1,0 -0.66666666666666707 0.24053196757560813 0
1,0,1,1,1,0,0 3.8112137347424101e-15 -4.8557180140889472e-16 0
1,0,1,2,0,0,0 3.3159849107018691e-15 -1.7054500173196985e-16 0
1,0,2,0,0,0,1 -4.748534464943388e-16 -3.2635163018171487e-16 0
1,0,2,0,0,1,0 6.9826008039855503e-15 -1.4100455828988667e-15 0
1,0,2,0,1,0,0 -0.33333333333333498 0.12026598378780723 0
1,0,2,1,0,0,0 1.5763554198945651e-15 -7.6803526646157527e-16 0
1,0,3,0,0,0,0 -7.1524054989216199e-16 -2.6129611170079559e-16 0
1,1,0,0,0,0,2 4.2730673835339812e-15 -1.578324539466598e-15 0
1,1,0,0,0,1,1 8.7252400803597077e-15 -2.968996069191506e-16 0
1,1,0,0,0,2,0 3.6635367606651937e-15 -7.4657897230119875e-16 0
1,1,0,0,1,0,1 -1.5094458801426723e-15 -1.8748682522499311e-16 0
1,1,0,0,1,1,0 1.7484704287622456e-15 1.0257933176705816e-15 0
1,1,0,0,2,0,0 6.8632161276997852e-15 -9.3360587636304451e-16 0
1,1,0,1,0,0,1 9.3604043249484397e-15 1.3325538353231567e-15 0
1,1,0,1,0,1,0 6.1522952891181374e-16 -2.1009920247134411e-16 0
1,1,0,1,1,0,0 5.1904914624703071e-15 -3.7462223282575809e-16 0
1,1,0,2,0,0,0 7.306263734263864e-15 -1.5291174407302404e-15 0
1,1,1,0,0,0,1 6.2807804063020404e-15 6.7287525156467796e-16 0
1,1,1,0,0,1,0 1.128566132308552e-15 -2.8968684203479356e-17 0
1,1,1,0,1,0,0 -4.4673570342565347e-15 -8.4598919815946525e-16 0
1,1,1,1,0,0,0 -3.6877901623038437e-15 1.0893478628001013e-15 0
1,1,2,0,0,0,0 6.1879172438717848e-15 -1.1143744001900167e-15 0
1,2,0,0,0,0,1 3.7999117741271959e-15 -8.3385989085860146e-16 0
1,2,0,0,0,1,0 6.043586854923011e-15 -7.1683381886594733e-16 0
1,2,0,0,1,0,0 -4.0115480381963664e-17 2.5451645999097217e-16 0
1,2,0,1,0,0,0 -1.8726339923169633e-15 -1.8198333465169192e-16 0
1,2,1,0,0,0,0 1.9576354426398268e-15 -4.2495304150569346e-16 0
1,3,0,0,0,0,0 2.3193252873809911e-15 -6.1840181413141959e-16 0
2,0,0,0,0,0,2 2.2518879122523927e-16 1.0748780338021291e-15 0
2,0,0,0,0,1,1 -9.9211003995458569e-15 1.6231861774823608e-15 0
2,0,0,0,0,2,0 -0.16666666666666971 0.059166849084105577 0
2,0,0,0,1,0,1 4.6958812028761662e-15 -2.0026349149956588e-15 0
2,0,0,0,1,1,0 -5.0884487866765388e-16 -5.795026730617131e-16 0
2,0,0,0,2,0,0 -0.16666666666666269 0.059166849084104578 0
2,0,0,1,0,0,1 -5.3730891264036629e-15 7.2712018697740355e-16 0
2,0,0,1,0,1,0 -5.6255591547940687e-15 1.5262720557893128e-15 0
2,0,0,1,1,0,0 1.821871307788013e-15 -1.1690181225929193e-15 0
2,0,0,2,0,0,0 -0.16666666666666533 0.057791329323745602 0
2,0,1,0,0,0,1 1.9598173995119539e-15 -2.2081606833833367e-15 0
2,0,1,0,0,1,0 -4.6892557111627431e-15 5.3506732464875251e-16 0
2,0,1,0,1,0,0 -9.985757389025093e-15 2.5737151159463487e-15 0
2,0,1,1,0,0,0 -3.7276903569125053e-16 4.1753303288774579e-16 0
2,0,2,0,0,0,0 -0.1666666666666711 0.057791329323747989 0
2,1,0,0,0,0,1 -3.9368898309983114e-15 6.840023227668144e-16 0
2,1,0,0,0,1,0 -7.0052559533332163e-15 2.120869525597984e-15 0
2,1,0,0,1,0,0 1.3201315003831919e-15 3.9618418050362645e-17 0
2,1,0,1,0,0,0 -1.7612061504805622e-15 2.511131048355531e-16 0
2,1,1,0,0,0,0 4.1521865900734429e-16 -1.6772292279075784e-17 0
2,2,0,0,0,0,0 -4.3937293039975067e-17 1.157385819128276e-17 0
3,0,0,0,0,0,1 2.277349722646857e-15 -8.6263190601093553e-16 0
3,0,0,0,0,1,0 7.9900312982637139e-15 -1.693923592973462e-15 0
3,0,0,0,1,0,0 -2.878961437939565e-15 2.0618755522936773e-15 0
3,0,0,1,0,0,0 -3.5446634776697961e-16 7.537204096529776e-16 0
3,0,1,0,0,0,0 1.3605212605388023e-15 -6.0962655279786504e-17 0
3,1,0,0,0,0,0 3.7506443212509225e-15 -1.2257999257454942e-15 0
4,0,0,0,0,0,0 -1.0387995124467794e-15 1.9929922919241158e-16 0
