# sectors lambda 1.9614068619764455 2.1995688493332102 2.298606272079097 2.3421820411462999
0,0,0,0,0,0,4 2.4330852003290326e-16 6.7780254065646917e-16 0
0,0,0,0,0,1,3 -7.0002190892884397e-15 1.6484480881012731e-15 0
0,0,0,0,0,2,2 -0.33333333333334331 0.12891078647848608 0
0,0,0,0,0,3,1 -1.9574050496781736e-15 1.7680897978350485e-15 0
0,0,0,0,0,4,0 -0.041666666666668843 0.015962543556106129 0
0,0,0,0,1,0,3 5.4802735225821693e-15 -1.3900378176517729e-15 0
0,0,0,0,1,1,2 7.864675504267761e-15 -9.1949153369422221e-16 0
0,0,0,0,1,2,1 6.0894791000052489e-15 -1.9875560344686377e-15 0
0,0,0,0,1,3,0 1.3288218995207574e-15 -5.7200134928082902e-16 0
0,0,0,0,2,0,2 -0.33333333333333759 0.12891078647848342 0
0,0,0,0,2,1,1 -4.418342863834855e-15 1.1253056109213218e-15 0
0,0,0,0,2,2,0 -0.083333333333336715 0.031925087112210745 0
0,0,0,0,3,0,1 1.4270734920277842e-15 -1.1733923843666365e-15 0
0,0,0,0,3,1,0 3.2147573299732102e-15 -2.1234458048206085e-16 0
0,0,0,0,4,0,0 -0.041666666666664909 0.015962543556104658 0
0,0,0,1,0,0,3 4.6051487276321801e-17 3.7400909192603082e-16 0
0,0,0,1,0,1,2 -1.5065531287772327e-15 1.3198264096209167e-15 0
0,0,0,1,0,2,1 -3.079025749641584e-15 2.1076890233118206e-16 0
0,0,0,1,0,3,0 -4.6509969270011609e-15 9.1861739569265577e-16 0
0,0,0,1,1,0,2 2.3597092772072344e-15 -7.4862127131050671e-16 0
0,0,0,1,1,1,1 -1.4142135623730934 0.53851858480402093 0
0,0,0,1,1,2,0 -4.2387222746499698e-17 -5.5714777951777761e-16 0
0,0,0,1,2,0,1 -1.045978291375305e-14 -1.0516816659646557e-15 0
0,0,0,1,2,1,0 -3.043882829116036e-15 -4.3690637045734615e-16 0
0,0,0,1,3,0,0 4.3551457960243964e-15 -1.4064203629483183e-15 0
0,0,0,2,0,0,2 -0.33333333333334048 0.12615974695776647 0
0,0,0,2,0,1,1 -1.3095806990909287e-15 1.6212888236805112e-15 0
0,0,0,2,0,2,0 -0.16666666666666852 0.062474654464062841 0
0,0,0,2,1,0,1 3.0292642580562884e-15 -1.1377566776086048e-15 0
0,0,0,2,1,1,0 1.1497523582076202e-15 -3.2444919418218171e-16 0
0,0,0,2,2,0,0 -0.16666666666665897 0.062474654464059837 0
0,0,0,3,0,0,1 -1.6664187391102203e-16 2.3903269771516356e-16 0
0,0,0,3,0,1,0 -3.8098864341140626e-15 7.0646613559155469e-16 0
0,0,0,3,1,0,0 3.3052919667757308e-17 -1.675196118026143e-15 0
0,0,0,4,0,0,0 1.3543531666168965e-15 -8.8708744126406169e-16 0
0,0,1,0,0,0,3 -3.5358543350183513e-17 1.4946404574070482e-16 0
0,0,1,0,0,1,2 -3.4204545662844255e-15 1.2227090000205276e-16 0
0,0,1,0,0,2,1 0.70710678118655046 -0.26925929240201196 0
0,0,1,0,0,3,0 -9.6514322141943998e-16 4.2802946517012108e-16 0
0,0,1,0,1,0,2 -8.9239359445884153e-15 3.013974466325401e-15 0
0,0,1,0,1,1,1 4.9265519913360353e-15 -3.4278068122665928e-16 0
0,0,1,0,1,2,0 -1.2083071529282469e-14 3.8614842931290055e-15 0
0,0,1,0,2,0,1 -0.70710678118653469 0.26925929240201324 0
0,0,1,0,2,1,0 -7.911625402333544e-15 9.7424723741564761e-16 0
0,0,1,0,3,0,0 -7.2659272839421003e-15 1.893424569862914e-15 0
0,0,1,1,0,0,2 -4.0596052994917864e-15 9.7212277290481541e-16 0
0,0,1,1,0,1,1 -2.9898772260089634e-15 3.8532545210134828e-16 0
0,0,1,1,0,2,0 4.95968283803494e-16 -2.7891100887189602e-17 0
0,0,1,1,1,0,1 -2.4931466125529406e-15 -3.3600272358273037e-16 0
0,0,1,1,1,1,0 -9.1052145478279917e-16 1.0476730296022155e-15 0
0,0,1,1,2,0,0 -1.0650234672053154e-15 1.4369026153761364e-15 0
0,0,1,2,0,0,1 2.324421037591673e-15 1.5863233036178537e-16 0
0,0,1,2,0,1,0 -3.7127283669322053e-15 1.2019736334717424e-15 0
0,0,1,2,1,0,0 -9.336279206608334e-15 2.4938928485794716e-15 0
0,0,1,3,0,0,0 -5.3632872611380361e-15 6.1600979308837345e-16 0
0,0,2,0,0,0,2 -0.33333333333334003 0.12615974695776619 0
0,0,2,0,0,1,1 -4.4257132680858291e-15 1.5679325242670683e-15 0
0,0,2,0,0,2,0 -0.16666666666667918 0.062474654464062834 0
0,0,2,0,1,0,1 -1.6614267504355771e-15 -3.2502009438863111e-16 0
0,0,2,0,1,1,0 5.1656795567412914e-15 -1.4713199463032428e-15 0
0,0,2,0,2,0,0 -0.16666666666666655 0.062474654464060246 0
0,0,2,1,0,0,1 2.0290708132794655e-15 6.4228136698041283e-16 0
0,0,2,1,0,1,0 -3.8267525541597902e-15 -7.2411152594875627e-17 0
0,0,2,1,1,0,0 4.4794236272712243e-15 -9.3020438289462097e-16 0
0,0,2,2,0,0,0 -1.0253028894652294e-15 9.8628516378290731e-18 0
0,0,3,0,0,0,1 2.9118790440939984e-15 1.0476103491641187e-16 0
0,0,3,0,0,1,0 -2.917703242639319e-15 9.3932735125302341e-16 0
0,0,3,0,1,0,0 -1.024628783588113e-14 2.5039050956533727e-15 0
0,0,3,1,0,0,0 -2.856049408474573e-15 8.4061582564590176e-16 0
0,0,4,0,0,0,0 -6.0149395653721601e-15 7.538311592108311e-16 0
0,1,0,0,0,0,3 -3.1683341626941773e-15 9.0908624826111295e-16 0
0,1,0,0,0,1,2 -1.0131534689110731e-14 2.3794998472077094e-15 0
0,1,0,0,0,2,1 -5.1760189369358215e-15 1.8983304567732115e-15 0
0,1,0,0,0,3,0 0.166666666666658 -0.061508511654260488 0
0,1,0,0,1,0,2 -6.6266298079017193e-15 -9.99815376065473e-16 0
0,1,0,0,1,1,1 -4.6913653111319929e-15 1.2815257049420457e-15 0
0,1,0,0,1,2,0 1.279851013430611e-15 -4.7206186031807156e-16 0
0,1,0,0,2,0,1 -3.4122004202480775e-15 3.2029491891144605e-15 0
0,1,0,0,2,1,0 -0.50000000000000677 0.18452553496278637 0
0,1,0,0,3,0,0 1.4458920276000527e-15 -7.8116767899400578e-16 0
0,1,0,1,0,0,2 2.8775247030035597e-15 1.926051742635583e-16 0
0,1,0,1,0,1,1 -1.5008968657710182e-15 1.5186964092878922e-15 0
0,1,0,1,0,2,0 -3.0003205911824438e-15 3.9646533178412161e-16 0
0,1,0,1,1,0,1 -0.94280904158207102 0.34576594600847632 0
0,1,0,1,1,1,0 -3.6869087900682144e-15 1.209307701790727e-15 0
0,1,0,1,2,0,0 -2.924743177005421e-15 4.3194534743568816e-16 0
0,1,0,2,0,0,1 -2.3316549608232164e-15 1.3062995100746985e-15 0
0,1,0,2,0,1,0 -0.33333333333334236 0.12026598378780805 0
0,1,0,2,1,0,0 2.3203096800256836e-16 -5.0395264643110802e-16 0
0,1,0,3,0,0,0 -1.1781268508726928e-15 2.4076902244290638e-16 0
0,1,1,0,0,0,2 -5.1757174569032603e-15 8.0863655797427618e-16 0
0,1,1,0,0,1,1 -0.94280904158204071 0.34576594600847643 0
0,1,1,0,0,2,0 -3.8150640088709777e-15 9.2523052849823539e-16 0
0,1,1,0,1,0,1 5.8096036327525918e-15 -2.3247240116067331e-16 0
0,1,1,0,1,1,0 5.8982279293595991e-16 -1.1520954601946313e-15 0
0,1,1,0,2,0,0 -4.7904385304839867e-15 8.6822863895322453e-16 0
0,1,1,1,0,0,1 -4.202516007530128e-15 3.6629989007899813e-16 0
0,1,1,1,0,1,0 1.3917910742184565e-15 -3.5661864284310944e-16 0
0,1,1,1,1,0,0 -0.66666666666666741 0.24053196757561107 0
0,1,1,2,0,0,0 4.4638864378199639e-16 7.6950184320483454e-16 0
0,1,2,0,0,0,1 -3.9238621454066691e-15 1.2053070626706482e-15 0
0,1,2,0,0,1,0 0.33333333333333182 -0.12026598378780362 0
0,1,2,0,1,0,0 5.5858486029475532e-16 2.4957818121954793e-16 0
0,1,2,1,0,0,0 -6.5112089171116408e-15 1.2445640513114545e-15 0
0,1,3,0,0,0,0 -8.6561245566943084e-16 2.9802792398930683e-16 0
0,2,0,0,0,0,2 -5.3418641038360803e-16 9.147820305074883e-16 0
0,2,0,0,0,1,1 -8.1209453224595496e-15 1.5258925850289429e-15 0
0,2,0,0,0,2,0 -0.16666666666666743 0.059166849084105952 0
0,2,0,0,1,0,1 3.4360535250410607e-15 -4.8463837110102048e-16 0
0,2,0,0,1,1,0 1.3588305827760827e-15 -1.0083622305201434e-15 0
0,2,0,0,2,0,0 -0.1666666666666686 0.059166849084103433 0
0,2,0,1,0,0,1 2.8451633410364607e-15 1.2982778914427673e-15 0
0,2,0,1,0,1,0 -4.1454470064983262e-15 1.567485290870918e-16 0
0,2,0,1,1,0,0 1.9619722513297688e-15 -3.2526065174565133e-16 0
0,2,0,2,0,0,0 -0.16666666666666788 0.057791329323746018 0
0,2,1,0,0,0,1 -1.4315805485498601e-15 1.2194021833944468e-15 0
0,2,1,0,0,1,0 -4.6154486482707924e-15 1.0457943105252054e-15 0
0,2,1,0,1,0,0 -1.1810864786188091e-14 3.3339216803929261e-15 0
0,2,1,1,0,0,0 -4.7574791328663935e-15 5.6898930012039273e-16 0
0,2,2,0,0,0,0 -0.16666666666667335 0.057791329323745998 0
0,3,0,0,0,0,1 -1.8711161092754836e-15 1.8432521134426061e-15 0
0,3,0,0,0,1,0 -6.8991036841770104e-15 1.7567463326054189e-15 0
0,3,0,0,1,0,0 -9.9226182825873366e-16 -8.072969376327066e-16 0
0,3,0,1,0,0,0 -9.0118884576995129e-16 1.8046545161021221e-16 0
0,3,1,0,0,0,0 -1.3105835861004778e-15 1.9179536431268573e-16 0
0,4,0,0,0,0,0 9.3718435789647003e-16 4.8924623033408388e-17 0
1,0,0,0,0,0,3 3.6877781644378826e-15 -4.9767590222515867e-16 0
1,0,0,0,0,1,2 9.9472838820113818e-15 -1.3212900825537721e-15 0
1,0,0,0,0,2,1 7.2580288133783366e-15 -4.0023323197302396e-16 0
1,0,0,0,0,3,0 8.0989089133037817e-15 -1.9689111452336761e-15 0
1,0,0,0,1,0,2 8.409540459017404e-15 7.0332533742313574e-17 0
1,0,0,0,1,1,1 -1.2914118423723239e-15 -1.1995206260564939e-15 0
1,0,0,0,1,2,0 0.50000000000000022 -0.18452553496278187 0
1,0,0,0,2,0,1 -7.7477838987554835e-17 -2.2356947598832586e-16 0
1,0,0,0,2,1,0 5.9570565630699126e-15 -2.0658351136847359e-15 0
1,0,0,0,3,0,0 -0.16666666666666727 0.06150851165426257 0
1,0,0,1,0,0,2 3.717200700893708e-15 -7.9626518052766659e-16 0
1,0,0,1,0,1,1 0.94280904158205714 -0.34576594600847554 0
1,0,0,1,0,2,0 2.7333549919988931e-15 6.9586805935550888e-16 0
1,0,0,1,1,0,1 3.0893273643460908e-15 4.134960738611318e-16 0
1,0,0,1,1,1,0 -3.8179671284308686e-16 4.8763686773430071e-16 0
1,0,0,1,2,0,0 3.9654419172949467e-16 1.0687199983964719e-16 0
1,0,0,2,0,0,1 2.0056249412994664e-15 -1.2447996192849198e-15 0
1,0,0,2,0,1,0 5.2318311358559577e-15 -2.4542000376381878e-15 0
1,0,0,2,1,0,0 0.3333333333333241 -0.12026598378780524 0
1,0,0,3,0,0,0 1.0185062970964609e-15 5.278573802017239e-16 0
1,0,1,0,0,0,2 3.2634214341270562e-15 -9.623514008252898e-16 0
1,0,1,0,0,1,1 -7.4850607482968012e-16 -1.2874900798265365e-16 0
1,0,1,0,0,2,0 2.6101896252045398e-15 4.3026563215087243e-16 0
1,0,1,0,1,0,1 -0.94280904158205714 0.34576594600847366 0
1,0,1,0,1,1,0 -3.9211831752514886e-15 3.3462714207638938e-16 0
1,0,1,0,2,0,0 -2.0325714416317899e-15 2.371755779783085e-16 0
1,0,1,1,0,0,1 7.7992625378831004e-15 -8.1260952827788557e-17 0
1,0,1,1,0,1,0 -0.66666666666666707 0.2405319675756093 0
1,0,1,1,1,0,0 3.8112137347424101e-15 1.587170336565108e-17 0
1,0,1,2,0,0,0 3.3159849107018691e-15 -7.4547030874672071e-16 0
1,0,2,0,0,0,1 -4.748534464943388e-16 -2.7826726383198275e-16 0
1,0,2,0,0,1,0 6.9826008039855503e-15 -1.8378717601616468e-15 0
1,0,2,0,1,0,0 -0.33333333333333498 0.12026598378780629 0
1,0,2,1,0,0,0 1.5763554198945651e-15 -6.2101745187254087e-16 0
1,0,3,0,0,0,0 -7.1524054989216199e-16 1.0218266662496978e-16 0
1,1,0,0,0,0,2 4.2730673835339812e-15 -9.0918206366285684e-16 0
1,1,0,0,0,1,1 8.7252400803597077e-15 -1.4874338004900642e-16 0
1,1,0,0,0,2,0 3.6635367606651937e-15 -5.2205425490660685e-16 0
1,1,0,0,1,0,1 -1.5094458801426723e-15 9.1478393755527169e-17 0
1,1,0,0,1,1,0 1.7484704287622456e-15 1.4726743481147943e-15 0
1,1,0,0,2,0,0 6.8632161276997852e-15 -7.5601356050991898e-16 0
1,1,0,1,0,0,1 9.3604043249484397e-15 2.618499798850968e-16 0
1,1,0,1,0,1,0 6.1522952891181374e-16 -5.202894440194469e-16 0
1,1,0,1,1,0,0 5.1904914624703071e-15 7.2285902672766822e-17 0
1,1,0,2,0,0,0 7.306263734263864e-15 -4.2160492153629753e-16 0
1,1,1,0,0,0,1 6.2807804063020404e-15 -6.1282589467725747e-16 0
1,1,1,0,0,1,0 1.128566132308552e-15 2.4929180336492536e-16 0
1,1,1,0,1,0,0 -4.4673570342565347e-15 -9.5245785149754188e-16 0
1,1,1,1,0,0,0 -3.6877901623038437e-15 1.396177077613499e-15 0
1,1,2,0,0,0,0 6.1879172438717848e-15 -7.9193267409282765e-16 0
1,2,0,0,0,0,1 3.7999117741271959e-15 -9.4604771065653903e-16 0
1,2,0,0,0,1,0 6.043586854923011e-15 -1.3979567286756533e-15 0
1,2,0,0,1,0,0 -4.0115480381963664e-17 3.4623996378324584e-16 0
1,2,0,1,0,0,0 -1.8726339923169633e-15 -5.2133861463965481e-16 0
1,2,1,0,0,0,0 1.9576354426398268e-15 -4.9054727294106648e-16 0
1,3,0,0,0,0,0 2.3193252873809911e-15 -6.9481096223733552e-16 0
2,0,0,0,0,0,2 2.2518879122523927e-16 1.0857200555269841e-15 0
2,0,0,0,0,1,1 -9.9211003995458569e-15 1.268868907514098e-15 0
2,0,0,0,0,2,0 -0.16666666666666971 0.059166849084106 0
2,0,0,0,1,0,1 4.6958812028761662e-15 -9.7307653200342376e-16 0
2,0,0,0,1,1,0 -5.0884487866765388e-16 -4.690224716854402e-16 0
2,0,0,0,2,0,0 -0.16666666666666269 0.059166849084104252 0
2,0,0,1,0,0,1 -5.3730891264036629e-15 1.0550100289913322e-15 0
2,0,0,1,0,1,0 -5.6255591547940687e-15 1.7307932431015471e-16 0
2,0,0,1,1,0,0 1.821871307788013e-15 -9.8779372946196722e-16 0
2,0,0,2,0,0,0 -0.16666666666666533 0.057791329323745533 0
2,0,1,0,0,0,1 1.9598173995119539e-15 -7.5202295562667998e-16 0
2,0,1,0,0,1,0 -4.6892557111627431e-15 4.357544056490803e-16 0
2,0,1,0,1,0,0 -9.985757389025093e-15 2.2515986505009054e-15 0
2,0,1,1,0,0,0 -3.7276903569125053e-16 1.1064960796572376e-16 0
2,0,2,0,0,0,0 -0.1666666666666711 0.057791329323748072 0
2,1,0,0,0,0,1 -3.9368898309983114e-15 1.0358259277383607e-15 0
2,1,0,0,0,1,0 -7.0052559533332163e-15 2.1270494779811513e-15 0
2,1,0,0,1,0,0 1.3201315003831919e-15 -3.0342314932405096e-16 0
2,1,0,1,0,0,0 -1.7612061504805622e-15 1.9310828860757862e-16 0
2,1,1,0,0,0,0 4.1521865900734429e-16 2.9192717128185949e-16 0
2,2,0,0,0,0,0 -4.3937293039975067e-17 1.4850859257620197e-16 0
3,0,0,0,0,0,1 2.277349722646857e-15 -8.8090071261731628e-16 0
3,0,0,0,0,1,0 7.9900312982637139e-15 -1.6040974429830379e-15 0
3,0,0,0,1,0,0 -2.878961437939565e-15 2.7430797772663197e-15 0
3,0,0,1,0,0,0 -3.5446634776697961e-16 1.5280304961878127e-15 0
3,0,1,0,0,0,0 1.3605212605388023e-15 2.5754883794214256e-16 0
3,1,0,0,0,0,0 3.7506443212509225e-15 -9.8998595322989698e-16 0
4,0,0,0,0,0,0 -1.0387995124467794e-15 5.8771465748534354e-16 0
