# sectors lambda 1.9614068619764455 2.1995688493332102 2.298606272079097 2.3421820411462999
0,0,0,0,0,0,4 2.4330852003290326e-16 4.0597611535540812e-16 0
0,0,0,0,0,1,3 -7.0002190892884397e-15 1.6255985273161411e-15 0
0,0,0,0,0,2,2 -0.33333333333334331 0.12891078647848656 0
0,0,0,0,0,3,1 -1.9574050496781736e-15 1.5197261851729316e-15 0
0,0,0,0,0,4,0 -0.041666666666668843 0.015962543556106025 0
0,0,0,0,1,0,3 5.4802735225821693e-15 -1.1062411227401141e-15 0
0,0,0,0,1,1,2 7.864675504267761e-15 -1.3290556806141995e-15 0
0,0,0,0,1,2,1 6.0894791000052489e-15 -9.6010168131738238e-16 0
0,0,0,0,1,3,0 1.3288218995207574e-15 -6.5294720585223898e-16 0
0,0,0,0,2,0,2 -0.33333333333333759 0.12891078647848328 0
0,0,0,0,2,1,1 -4.418342863834855e-15 1.315027438579129e-15 0
0,0,0,0,2,2,0 -0.083333333333336715 0.031925087112210544 0
0,0,0,0,3,0,1 1.4270734920277842e-15 -1.0233659087489548e-15 0
0,0,0,0,3,1,0 3.2147573299732102e-15 -6.6399610048520986e-16 0
0,0,0,0,4,0,0 -0.041666666666664909 0.015962543556104863 0
0,0,0,1,0,0,3 4.6051487276321801e-17 5.6600774414605759e-16 0
0,0,0,1,0,1,2 -1.5065531287772327e-15 7.7712901218329744e-16 0
0,0,0,1,0,2,1 -3.079025749641584e-15 6.6250173749726748e-16 0
0,0,0,1,0,3,0 -4.6509969270011609e-15 1.0268207725067091e-15 0
0,0,0,1,1,0,2 2.3597092772072344e-15 -8.9834959133075487e-16 0
0,0,0,1,1,1,1 -1.4142135623730934 0.53851858480402004 0
0,0,0,1,1,2,0 -4.2387222746499698e-17 -2.8035096488222833e-16 0
0,0,0,1,2,0,1 -1.045978291375305e-14 -3.5508177014271906e-16 0
0,0,0,1,2,1,0 -3.043882829116036e-15 -4.074702814743647e-16 0
0,0,0,1,3,0,0 4.3551457960243964e-15 -1.8794577708037439e-15 0
0,0,0,2,0,0,2 -0.33333333333334048 0.12615974695776638 0
0,0,0,2,0,1,1 -1.3095806990909287e-15 1.4980150366689093e-15 0
0,0,0,2,0,2,0 -0.16666666666666852 0.062474654464061634 0
0,0,0,2,1,0,1 3.0292642580562884e-15 -7.1936305924644867e-16 0
0,0,0,2,1,1,0 1.1497523582076202e-15 -1.0266056261381065e-15 0
0,0,0,2,2,0,0 -0.16666666666665897 0.062474654464059386 0
0,0,0,3,0,0,1 -1.6664187391102203e-16 1.7862908418056489e-16 0
0,0,0,3,0,1,0 -3.8098864341140626e-15 6.9055546871032991e-16 0
0,0,0,3,1,0,0 3.3052919667757308e-17 -1.3844266478926868e-15 0
0,0,0,4,0,0,0 1.3543531666168965e-15 -5.5171660425998303e-16 0
0,0,1,0,0,0,3 -3.5358543350183513e-17 5.6593320524669921e-16 0
0,0,1,0,0,1,2 -3.4204545662844255e-15 -2.2171934427328566e-17 0
0,0,1,0,0,2,1 0.70710678118655046 -0.26925929240201146 0
0,0,1,0,0,3,0 -9.6514322141943998e-16 5.7900461768872757e-16 0
0,0,1,0,1,0,2 -8.9239359445884153e-15 2.7151141374797717e-15 0
0,0,1,0,1,1,1 4.9265519913360353e-15 -1.1002957984833361e-16 0
0,0,1,0,1,2,0 -1.2083071529282469e-14 3.5243380750674819e-15 0
0,0,1,0,2,0,1 -0.70710678118653469 0.26925929240201285 0
0,0,1,0,2,1,0 -7.911625402333544e-15 1.1291119652280458e-15 0
0,0,1,0,3,0,0 -7.2659272839421003e-15 2.5326701707603674e-15 0
0,0,1,1,0,0,2 -4.0596052994917864e-15 1.3382578465531703e-15 0
0,0,1,1,0,1,1 -2.9898772260089634e-15 2.6107588313450947e-16 0
0,0,1,1,0,2,0 4.95968283803494e-16 6.0615032958233339e-16 0
0,0,1,1,1,0,1 -2.4931466125529406e-15 1.3020421058603654e-16 0
0,0,1,1,1,1,0 -9.1052145478279917e-16 1.5337750736360914e-15 0
0,0,1,1,2,0,0 -1.0650234672053154e-15 1.2133401274096254e-15 0
0,0,1,2,0,0,1 2.324421037591673e-15 -2.1682688196994482e-16 0
0,0,1,2,0,1,0 -3.7127283669322053e-15 1.4216872037259298e-15 0
0,0,1,2,1,0,0 -9.336279206608334e-15 2.4794729596854144e-15 0
0,0,1,3,0,0,0 -5.3632872611380361e-15 8.5626899451116123e-16 0
0,0,2,0,0,0,2 -0.33333333333334003 0.12615974695776663 0
0,0,2,0,0,1,1 -4.4257132680858291e-15 1.3417679510865921e-15 0
0,0,2,0,0,2,0 -0.16666666666667918 0.062474654464062196 0
0,0,2,0,1,0,1 -1.6614267504355771e-15 -6.8437890445895155e-16 0
0,0,2,0,1,1,0 5.1656795567412914e-15 -1.2209234545677156e-15 0
0,0,2,0,2,0,0 -0.16666666666666655 0.062474654464060315 0
0,0,2,1,0,0,1 2.0290708132794655e-15 3.6060564256867877e-16 0
0,0,2,1,0,1,0 -3.8267525541597902e-15 -5.8099683918066969e-17 0
0,0,2,1,1,0,0 4.4794236272712243e-15 -9.1480871204532681e-16 0
0,0,2,2,0,0,0 -1.0253028894652294e-15 -1.9938816765187328e-16 0
0,0,3,0,0,0,1 2.9118790440939984e-15 -3.8827990302137128e-16 0
0,0,3,0,0,1,0 -2.917703242639319e-15 8.6397530026528085e-16 0
0,0,3,0,1,0,0 -1.024628783588113e-14 2.5830518542448145e-15 0
0,0,3,1,0,0,0 -2.856049408474573e-15 1.0030293110842303e-15 0
0,0,4,0,0,0,0 -6.0149395653721601e-15 8.3406211997475842e-16 0
0,1,0,0,0,0,3 -3.1683341626941773e-15 7.4386738970147814e-16 0
0,1,0,0,0,1,2 -1.0131534689110731e-14 3.1337792986058749e-15 0
0,1,0,0,0,2,1 -5.1760189369358215e-15 9.52614783031996e-16 0
0,1,0,0,0,3,0 0.166666666666658 -0.061508511654260425 0
0,1,0,0,1,0,2 -6.6266298079017193e-15 -3.9895053207400644e-16 0
0,1,0,0,1,1,1 -4.6913653111319929e-15 1.229199397592464e-15 0
0,1,0,0,1,2,0 1.279851013430611e-15 1.1682593779921919e-16 0
0,1,0,0,2,0,1 -3.4122004202480775e-15 5.9088931516238312e-16 0
0,1,0,0,2,1,0 -0.50000000000000677 0.18452553496278751 0
0,1,0,0,3,0,0 1.4458920276000527e-15 -2.9262618007203743e-16 0
0,1,0,1,0,0,2 2.8775247030035597e-15 -5.0689793242188891e-17 0
0,1,0,1,0,1,1 -1.5008968657710182e-15 5.8351782541052022e-16 0
0,1,0,1,0,2,0 -3.0003205911824438e-15 1.5414614623361134e-16 0
0,1,0,1,1,0,1 -0.94280904158207102 0.34576594600847477 0
0,1,0,1,1,1,0 -3.6869087900682144e-15 8.6436878061446388e-16 0
0,1,0,1,2,0,0 -2.924743177005421e-15 4.2262120875231282e-16 0
0,1,0,2,0,0,1 -2.3316549608232164e-15 2.3104200551219944e-16 0
0,1,0,2,0,1,0 -0.33333333333334236 0.1202659837878079 0
0,1,0,2,1,0,0 2.3203096800256836e-16 6.9241024079802185e-16 0
0,1,0,3,0,0,0 -1.1781268508726928e-15 1.775058256783772e-16 0
0,1,1,0,0,0,2 -5.1757174569032603e-15 8.8084442266181078e-16 0
0,1,1,0,0,1,1 -0.94280904158204071 0.34576594600847738 0
0,1,1,0,0,2,0 -3.8150640088709777e-15 9.369128069067667e-16 0
0,1,1,0,1,0,1 5.8096036327525918e-15 1.0605725910576788e-17 0
0,1,1,0,1,1,0 5.8982279293595991e-16 -1.0818391594175706e-15 0
0,1,1,0,2,0,0 -4.7904385304839867e-15 3.9551649174954455e-16 0
0,1,1,1,0,0,1 -4.202516007530128e-15 1.0789997721001232e-17 0
0,1,1,1,0,1,0 1.3917910742184565e-15 -1.9987011375601764e-16 0
0,1,1,1,1,0,0 -0.66666666666666741 0.24053196757561049 0
0,1,1,2,0,0,0 4.4638864378199639e-16 2.709856842959996e-16 0
0,1,2,0,0,0,1 -3.9238621454066691e-15 8.7668538419029167e-16 0
0,1,2,0,0,1,0 0.33333333333333182 -0.12026598378780373 0
0,1,2,0,1,0,0 5.5858486029475532e-16 -1.50058739558609e-16 0
0,1,2,1,0,0,0 -6.5112089171116408e-15 1.1413480044908345e-15 0
0,1,3,0,0,0,0 -8.6561245566943084e-16 -1.2595998427790193e-17 0
0,2,0,0,0,0,2 -5.3418641038360803e-16 1.0036595035969875e-15 0
0,2,0,0,0,1,1 -8.1209453224595496e-15 1.3868029988262087e-15 0
0,2,0,0,0,2,0 -0.16666666666666743 0.059166849084106431 0
0,2,0,0,1,0,1 3.4360535250410607e-15 -9.5767577895644607e-16 0
0,2,0,0,1,1,0 1.3588305827760827e-15 -1.3332976216140491e-15 0
0,2,0,0,2,0,0 -0.1666666666666686 0.059166849084103613 0
0,2,0,1,0,0,1 2.8451633410364607e-15 1.2619571186645029e-15 0
0,2,0,1,0,1,0 -4.1454470064983262e-15 4.0589818832426072e-16 0
0,2,0,1,1,0,0 1.9619722513297688e-15 -5.3592113385958484e-16 0
0,2,0,2,0,0,0 -0.16666666666666788 0.05779132932374665 0
0,2,1,0,0,0,1 -1.4315805485498601e-15 3.6494245125862079e-16 0
0,2,1,0,0,1,0 -4.6154486482707924e-15 1.353382466859343e-15 0
0,2,1,0,1,0,0 -1.1810864786188091e-14 3.7203313346667599e-15 0
0,2,1,1,0,0,0 -4.7574791328663935e-15 2.4156024402977039e-16 0
0,2,2,0,0,0,0 -0.16666666666667335 0.057791329323746018 0
0,3,0,0,0,0,1 -1.8711161092754836e-15 7.8306501907765558e-16 0
0,3,0,0,0,1,0 -6.8991036841770104e-15 1.4952367686019152e-15 0
0,3,0,0,1,0,0 -9.9226182825873366e-16 7.8550447396574796e-16 0
0,3,0,1,0,0,0 -9.0118884576995129e-16 1.9174115420406146e-16 0
0,3,1,0,0,0,0 -1.3105835861004778e-15 3.9779377708493158e-16 0
0,4,0,0,0,0,0 9.3718435789647003e-16 2.3112479811959741e-16 0
1,0,0,0,0,0,3 3.6877781644378826e-15 -4.9138752962474275e-16 0
1,0,0,0,0,1,2 9.9472838820113818e-15 -1.7659213934900775e-15 0
1,0,0,0,0,2,1 7.2580288133783366e-15 -1.2556145359554627e-15 0
1,0,0,0,0,3,0 8.0989089133037817e-15 -1.6963427190708202e-15 0
1,0,0,0,1,0,2 8.409540459017404e-15 -1.8904081316821475e-17 0
1,0,0,0,1,1,1 -1.2914118423723239e-15 -1.4583196846287838e-16 0
1,0,0,0,1,2,0 0.50000000000000022 -0.18452553496278074 0
1,0,0,0,2,0,1 -7.7477838987554835e-17 -1.0523336166362455e-15 0
1,0,0,0,2,1,0 5.9570565630699126e-15 -1.7646979602768871e-15 0
1,0,0,0,3,0,0 -0.16666666666666727 0.061508511654262799 0
1,0,0,1,0,0,2 3.717200700893708e-15 -1.0876445143831459e-15 0
1,0,0,1,0,1,1 0.94280904158205714 -0.34576594600847593 0
1,0,0,1,0,2,0 2.7333549919988931e-15 3.9662825974950966e-16 0
1,0,0,1,1,0,1 3.0893273643460908e-15 1.2701242103419288e-15 0
1,0,0,1,1,1,0 -3.8179671284308686e-16 7.4632750608934206e-16 0
1,0,0,1,2,0,0 3.9654419172949467e-16 1.0600463810165879e-16 0
1,0,0,2,0,0,1 2.0056249412994664e-15 -8.8191715215402144e-16 0
1,0,0,2,0,1,0 5.2318311358559577e-15 -1.8987090545652396e-15 0
1,0,0,2,1,0,0 0.3333333333333241 -0.12026598378780563 0
1,0,0,3,0,0,0 1.0185062970964609e-15 5.0752858946762069e-16 0
1,0,1,0,0,0,2 3.2634214341270562e-15 -5.6686155335688992e-16 0
1,0,1,0,0,1,1 -7.4850607482968012e-16 -1.3791051634015616e-16 0
1,0,1,0,0,2,0 2.6101896252045398e-15 -1.0402919844998415e-16 0
1,0,1,0,1,0,1 -0.94280904158205714 0.34576594600847416 0
1,0,1,0,1,1,0 -3.9211831752514886e-15 3.7365842028586754e-16 0
1,0,1,0,2,0,0 -2.0325714416317899e-15 -9.9989910082765206e-16 0
1,0,1,1,0,0,1 7.7992625378831004e-15 -8.8362477057568611e-18 0
1,0,1,1,0,1,0 -0.66666666666666707 0.24053196757561118 0
1,0,1,1,1,0,0 3.8112137347424101e-15 -6.6332674758789317e-16 0
1,0,1,2,0,0,0 3.3159849107018691e-15 -3.1439152496648415e-16 0
1,0,2,0,0,0,1 -4.748534464943388e-16 -4.6274426348039133e-16 0
1,0,2,0,0,1,0 6.9826008039855503e-15 -1.4788924208516963e-15 0
1,0,2,0,1,0,0 -0.33333333333333498 0.12026598378780584 0
1,0,2,1,0,0,0 1.5763554198945651e-15 -6.8194961396622622e-16 0
1,0,3,0,0,0,0 -7.1524054989216199e-16 -3.7438856268640075e-18 0
1,1,0,0,0,0,2 4.2730673835339812e-15 -9.2682745402005843e-16 0
1,1,0,0,0,1,1 8.7252400803597077e-15 -1.5576358911585006e-16 0
1,1,0,0,0,2,0 3.6635367606651937e-15 -1.0249614326140081e-15 0
1,1,0,0,1,0,1 -1.5094458801426723e-15 6.719226509185187e-17 0
1,1,0,0,1,1,0 1.7484704287622456e-15 5.4164283754717955e-16 0
1,1,0,0,2,0,0 6.8632161276997852e-15 -1.0110179114785095e-15 0
1,1,0,1,0,0,1 9.3604043249484397e-15 3.2495054632375316e-16 0
1,1,0,1,0,1,0 6.1522952891181374e-16 -5.2180732706092661e-16 0
1,1,0,1,1,0,0 5.1904914624703071e-15 -6.4540411494903837e-17 0
1,1,0,2,0,0,0 7.306263734263864e-15 -1.3438272894524677e-15 0
1,1,1,0,0,0,1 6.2807804063020404e-15 -9.6257769596538882e-17 0
1,1,1,0,0,1,0 1.128566132308552e-15 2.6352731647593511e-17 0
1,1,1,0,1,0,0 -4.4673570342565347e-15 -9.9083860840352874e-16 0
1,1,1,1,0,0,0 -3.6877901623038437e-15 6.3886186013237417e-16 0
1,1,2,0,0,0,0 6.1879172438717848e-15 -8.3638496316473333e-16 0
1,2,0,0,0,0,1 3.7999117741271959e-15 -1.0964265519802785e-15 0
1,2,0,0,0,1,0 6.043586854923011e-15 -1.2730566384053232e-15 0
1,2,0,0,1,0,0 -4.0115480381963664e-17 1.6821396706112601e-16 0
1,2,0,1,0,0,0 -1.8726339923169633e-15 -2.6351533802260185e-16 0
1,2,1,0,0,0,0 1.9576354426398268e-15 -4.4305921778620139e-16 0
1,3,0,0,0,0,0 2.3193252873809911e-15 -7.2782491838951913e-16 0
2,0,0,0,0,0,2 2.2518879122523927e-16 7.3823325924537997e-16 0
2,0,0,0,0,1,1 -9.9211003995458569e-15 1.537534205856006e-15 0
2,0,0,0,0,2,0 -0.16666666666666971 0.059166849084106195 0
2,0,0,0,1,0,1 4.6958812028761662e-15 -2.3825393562345795e-15 0
2,0,0,0,1,1,0 -5.0884487866765388e-16 -1.1468656699233776e-15 0
2,0,0,0,2,0,0 -0.16666666666666269 0.059166849084104807 0
2,0,0,1,0,0,1 -5.3730891264036629e-15 2.1112126803723985e-16 0
2,0,0,1,0,1,0 -5.6255591547940687e-15 1.4207791844064732e-15 0
2,0,0,1,1,0,0 1.821871307788013e-15 -8.8902291154853777e-16 0
2,0,0,2,0,0,0 -0.16666666666666533 0.057791329323745706 0
2,0,1,0,0,0,1 1.9598173995119539e-15 -1.4325224491872068e-15 0
2,0,1,0,0,1,0 -4.6892557111627431e-15 7.4583622697993457e-16 0
2,0,1,0,1,0,0 -9.985757389025093e-15 2.0421307907767059e-15 0
2,0,1,1,0,0,0 -3.7276903569125053e-16 -2.4990182449433074e-16 0
2,0,2,0,0,0,0 -0.1666666666666711 0.057791329323747975 0
2,1,0,0,0,0,1 -3.9368898309983114e-15 -2.5366992610727406e-16 0
2,1,0,0,0,1,0 -7.0052559533332163e-15 1.8726414382074277e-15 0
2,1,0,0,1,0,0 1.3201315003831919e-15 9.6647452323100178e-17 0
2,1,0,1,0,0,0 -1.7612061504805622e-15 2.1826177900924232e-16 0
2,1,1,0,0,0,0 4.1521865900734429e-16 2.915748055758017e-16 0
2,2,0,0,0,0,0 -4.3937293039975067e-17 3.5775961186590433e-16 0
3,0,0,0,0,0,1 2.277349722646857e-15 -5.1780140505192085e-16 0
3,0,0,0,0,1,0 7.9900312982637139e-15 -1.6509349768344117e-15 0
3,0,0,0,1,0,0 -2.878961437939565e-15 2.5816420737832281e-15 0
3,0,0,1,0,0,0 -3.5446634776697961e-16 1.253510506114483e-15 0
3,0,1,0,0,0,0 1.3605212605388023e-15 1.3872027983773128e-16 0
3,1,0,0,0,0,0 3.7506443212509225e-15 -1.3590483727439627e-15 0
4,0,0,0,0,0,0 -1.0387995124467794e-15 -5.4566709495069282e-17 0
