# sectors lambda 1.9614068619764455 2.1995688493332102 2.298606272079097 2.3421820411462999
0,0,0,0,0,0,4 2.4330852003290326e-16 4.4345901733730542e-16 0
0,0,0,0,0,1,3 -7.0002190892884397e-15 1.5868382996497843e-15 0
0,0,0,0,0,2,2 -0.33333333333334331 0.12891078647848678 0
0,0,0,0,0,3,1 -1.9574050496781736e-15 1.3492896036582103e-15 0
0,0,0,0,0,4,0 -0.041666666666668843 0.015962543556105737 0
0,0,0,0,1,0,3 5.4802735225821693e-15 -1.2671765356854839e-15 0
0,0,0,0,1,1,2 7.864675504267761e-15 -4.4382493557051927e-16 0
0,0,0,0,1,2,1 6.0894791000052489e-15 -1.5596722589654444e-15 0
0,0,0,0,1,3,0 1.3288218995207574e-15 -5.5381046970559566e-16 0
0,0,0,0,2,0,2 -0.33333333333333759 0.1289107864784827 0
0,0,0,0,2,1,1 -4.418342863834855e-15 1.7909423232354959e-15 0
0,0,0,0,2,2,0 -0.083333333333336715 0.031925087112210468 0
0,0,0,0,3,0,1 1.4270734920277842e-15 -1.2280629563137791e-15 0
0,0,0,0,3,1,0 3.2147573299732102e-15 -1.7693250994356678e-15 0
0,0,0,0,4,0,0 -0.041666666666664909 0.015962543556104943 0
0,0,0,1,0,0,3 4.6051487276321801e-17 1.4639439833985524e-16 0
0,0,0,1,0,1,2 -1.5065531287772327e-15 5.5218416644686741e-16 0
0,0,0,1,0,2,1 -3.079025749641584e-15 -5.6725457664441592e-16 0
0,0,0,1,0,3,0 -4.6509969270011609e-15 5.8850493922513181e-16 0
0,0,0,1,1,0,2 2.3597092772072344e-15 -5.2774557185268633e-16 0
0,0,0,1,1,1,1 -1.4142135623730934 0.53851858480402215 0
0,0,0,1,1,2,0 -4.2387222746499698e-17 -5.5099154405713335e-16 0
0,0,0,1,2,0,1 -1.045978291375305e-14 -6.1105740320401437e-16 0
0,0,0,1,2,1,0 -3.043882829116036e-15 1.1703390704741624e-16 0
0,0,0,1,3,0,0 4.3551457960243964e-15 -1.8278993732671034e-15 0
0,0,0,2,0,0,2 -0.33333333333334048 0.1261597469577653 0
0,0,0,2,0,1,1 -1.3095806990909287e-15 1.5842362144358191e-15 0
0,0,0,2,0,2,0 -0.16666666666666852 0.062474654464062945 0
0,0,0,2,1,0,1 3.0292642580562884e-15 -1.1102399652841016e-15 0
0,0,0,2,1,1,0 1.1497523582076202e-15 1.5432940298973352e-17 0
0,0,0,2,2,0,0 -0.16666666666665897 0.062474654464058726 0
0,0,0,3,0,0,1 -1.6664187391102203e-16 7.244909967091262e-16 0
0,0,0,3,0,1,0 -3.8098864341140626e-15 4.7550396779783011e-16 0
0,0,0,3,1,0,0 3.3052919667757308e-17 -1.3301907047635203e-15 0
0,0,0,4,0,0,0 1.3543531666168965e-15 -5.6860305309644477e-16 0
0,0,1,0,0,0,3 -3.5358543350183513e-17 3.4884204899721105e-17 0
0,0,1,0,0,1,2 -3.4204545662844255e-15 -3.2742905609062234e-17 0
0,0,1,0,0,2,1 0.70710678118655046 -0.26925929240201163 0
0,0,1,0,0,3,0 -9.6514322141943998e-16 2.0057740190981832e-17 0
0,0,1,0,1,0,2 -8.9239359445884153e-15 2.3304620765714906e-15 0
0,0,1,0,1,1,1 4.9265519913360353e-15 -1.0069527676959122e-17 0
0,0,1,0,1,2,0 -1.2083071529282469e-14 3.2727354084150645e-15 0
0,0,1,0,2,0,1 -0.70710678118653469 0.26925929240201235 0
0,0,1,0,2,1,0 -7.911625402333544e-15 1.2398594054991775e-15 0
0,0,1,0,3,0,0 -7.2659272839421003e-15 2.4688679202429721e-15 0
0,0,1,1,0,0,2 -4.0596052994917864e-15 1.3693473438491921e-15 0
0,0,1,1,0,1,1 -2.9898772260089634e-15 4.5590701353015461e-16 0
0,0,1,1,0,2,0 4.95968283803494e-16 -1.8529015127777271e-16 0
0,0,1,1,1,0,1 -2.4931466125529406e-15 5.4165385284660195e-16 0
0,0,1,1,1,1,0 -9.1052145478279917e-16 1.7682863094788115e-15 0
0,0,1,1,2,0,0 -1.0650234672053154e-15 1.2304682453338506e-15 0
0,0,1,2,0,0,1 2.324421037591673e-15 -1.1069704181077e-15 0
0,0,1,2,0,1,0 -3.7127283669322053e-15 1.4367847189777905e-15 0
0,0,1,2,1,0,0 -9.336279206608334e-15 2.2111947554004016e-15 0
0,0,1,3,0,0,0 -5.3632872611380361e-15 6.7624400003352125e-16 0
0,0,2,0,0,0,2 -0.33333333333334003 0.12615974695776624 0
0,0,2,0,0,1,1 -4.4257132680858291e-15 1.3669078889610997e-15 0
0,0,2,0,0,2,0 -0.16666666666667918 0.062474654464062654 0
0,0,2,0,1,0,1 -1.6614267504355771e-15 -7.0839567664539999e-16 0
0,0,2,0,1,1,0 5.1656795567412914e-15 -1.051515171050961e-15 0
0,0,2,0,2,0,0 -0.16666666666666655 0.062474654464060614 0
0,0,2,1,0,0,1 2.0290708132794655e-15 5.6221303654235832e-16 0
0,0,2,1,0,1,0 -3.8267525541597902e-15 1.003158060092213e-16 0
0,0,2,1,1,0,0 4.4794236272712243e-15 -1.1603622929049276e-15 0
0,0,2,2,0,0,0 -1.0253028894652294e-15 2.8677147462241592e-17 0
0,0,3,0,0,0,1 2.9118790440939984e-15 1.8400943746152421e-16 0
0,0,3,0,0,1,0 -2.917703242639319e-15 9.3422990697644703e-16 0
0,0,3,0,1,0,0 -1.024628783588113e-14 2.4477007538339056e-15 0
0,0,3,1,0,0,0 -2.856049408474573e-15 1.0468344669844337e-15 0
0,0,4,0,0,0,0 -6.0149395653721601e-15 8.1237066498675986e-16 0
0,1,0,0,0,0,3 -3.1683341626941773e-15 1.2002928831117716e-15 0
0,1,0,0,0,1,2 -1.0131534689110731e-14 2.9927056686379374e-15 0
0,1,0,0,0,2,1 -5.1760189369358215e-15 5.890196260596963e-16 0
0,1,0,0,0,3,0 0.166666666666658 -0.061508511654260481 0
0,1,0,0,1,0,2 -6.6266298079017193e-15 -2.4155662075863332e-16 0
0,1,0,0,1,1,1 -4.6913653111319929e-15 7.6016760951479248e-16 0
0,1,0,0,1,2,0 1.279851013430611e-15 -4.6112641670812152e-16 0
0,1,0,0,2,0,1 -3.4122004202480775e-15 1.7163438529977078e-15 0
0,1,0,0,2,1,0 -0.50000000000000677 0.18452553496278853 0
0,1,0,0,3,0,0 1.4458920276000527e-15 -8.3689569477459753e-16 0
0,1,0,1,0,0,2 2.8775247030035597e-15 4.1776498869449614e-16 0
0,1,0,1,0,1,1 -1.5008968657710182e-15 1.518459995353746e-15 0
0,1,0,1,0,2,0 -3.0003205911824438e-15 2.3743664805880671e-16 0
0,1,0,1,1,0,1 -0.94280904158207102 0.34576594600847471 0
0,1,0,1,1,1,0 -3.6869087900682144e-15 3.6784491642293875e-16 0
0,1,0,1,2,0,0 -2.924743177005421e-15 6.1062046253449399e-16 0
0,1,0,2,0,0,1 -2.3316549608232164e-15 2.7613415346753966e-17 0
0,1,0,2,0,1,0 -0.33333333333334236 0.1202659837878093 0
0,1,0,2,1,0,0 2.3203096800256836e-16 -1.626454361589635e-15 0
0,1,0,3,0,0,0 -1.1781268508726928e-15 2.6083760369695698e-17 0
0,1,1,0,0,0,2 -5.1757174569032603e-15 3.2450453842237662e-16 0
0,1,1,0,0,1,1 -0.94280904158204071 0.34576594600847782 0
0,1,1,0,0,2,0 -3.8150640088709777e-15 9.2297019898125186e-16 0
0,1,1,0,1,0,1 5.8096036327525918e-15 4.6133357104143481e-17 0
0,1,1,0,1,1,0 5.8982279293595991e-16 -9.4310036183874919e-16 0
0,1,1,0,2,0,0 -4.7904385304839867e-15 9.2287161846632527e-16 0
0,1,1,1,0,0,1 -4.202516007530128e-15 2.6220378475787774e-16 0
0,1,1,1,0,1,0 1.3917910742184565e-15 -4.7538627957447532e-17 0
0,1,1,1,1,0,0 -0.66666666666666741 0.24053196757561043 0
0,1,1,2,0,0,0 4.4638864378199639e-16 3.1979544036273602e-16 0
0,1,2,0,0,0,1 -3.9238621454066691e-15 1.1104647584481943e-15 0
0,1,2,0,0,1,0 0.33333333333333182 -0.12026598378780412 0
0,1,2,0,1,0,0 5.5858486029475532e-16 -3.5563254012328876e-16 0
0,1,2,1,0,0,0 -6.5112089171116408e-15 1.2010201021650807e-15 0
0,1,3,0,0,0,0 -8.6561245566943084e-16 1.9163384616327253e-16 0
0,2,0,0,0,0,2 -5.3418641038360803e-16 4.2179530267832943e-16 0
0,2,0,0,0,1,1 -8.1209453224595496e-15 1.6192694971342569e-15 0
0,2,0,0,0,2,0 -0.16666666666666743 0.059166849084106271 0
0,2,0,0,1,0,1 3.4360535250410607e-15 -1.3453864758372625e-15 0
0,2,0,0,1,1,0 1.3588305827760827e-15 -9.8965974304476845e-16 0
0,2,0,0,2,0,0 -0.1666666666666686 0.059166849084103933 0
0,2,0,1,0,0,1 2.8451633410364607e-15 9.4921900201105913e-16 0
0,2,0,1,0,1,0 -4.1454470064983262e-15 -6.2748200732598569e-17 0
0,2,0,1,1,0,0 1.9619722513297688e-15 -9.9963440303163509e-17 0
0,2,0,2,0,0,0 -0.16666666666666788 0.057791329323745783 0
0,2,1,0,0,0,1 -1.4315805485498601e-15 5.874207370526463e-16 0
0,2,1,0,0,1,0 -4.6154486482707924e-15 1.1619394682527151e-15 0
0,2,1,0,1,0,0 -1.1810864786188091e-14 3.8092359128105713e-15 0
0,2,1,1,0,0,0 -4.7574791328663935e-15 3.6992978125205411e-16 0
0,2,2,0,0,0,0 -0.16666666666667335 0.057791329323745901 0
0,3,0,0,0,0,1 -1.8711161092754836e-15 1.2840748429832072e-15 0
0,3,0,0,0,1,0 -6.8991036841770104e-15 2.170992877657818e-15 0
0,3,0,0,1,0,0 -9.9226182825873366e-16 4.0592529337857286e-16 0
0,3,0,1,0,0,0 -9.0118884576995129e-16 4.0045007240752106e-16 0
0,3,1,0,0,0,0 -1.3105835861004778e-15 1.7119552303546115e-16 0
0,4,0,0,0,0,0 9.3718435789647003e-16 3.4344814318909567e-16 0
1,0,0,0,0,0,3 3.6877781644378826e-15 -9.0831747505404348e-16 0
1,0,0,0,0,1,2 9.9472838820113818e-15 -1.1188966420050406e-15 0
1,0,0,0,0,2,1 7.2580288133783366e-15 -1.0684812409844646e-15 0
1,0,0,0,0,3,0 8.0989089133037817e-15 -1.615732287546523e-15 0
1,0,0,0,1,0,2 8.409540459017404e-15 -1.9665055716634738e-16 0
1,0,0,0,1,1,1 -1.2914118423723239e-15 9.3034033168265529e-16 0
1,0,0,0,1,2,0 0.50000000000000022 -0.18452553496278321 0
1,0,0,0,2,0,1 -7.7477838987554835e-17 -5.2156540771128215e-16 0
1,0,0,0,2,1,0 5.9570565630699126e-15 -1.6753265611000202e-15 0
1,0,0,0,3,0,0 -0.16666666666666727 0.06150851165426343 0
1,0,0,1,0,0,2 3.717200700893708e-15 -8.4367192051959528e-16 0
1,0,0,1,0,1,1 0.94280904158205714 -0.34576594600847832 0
1,0,0,1,0,2,0 2.7333549919988931e-15 -2.4654757402320371e-16 0
1,0,0,1,1,0,1 3.0893273643460908e-15 1.0956608341959606e-15 0
1,0,0,1,1,1,0 -3.8179671284308686e-16 6.7560025499360798e-16 0
1,0,0,1,2,0,0 3.9654419172949467e-16 1.0107517104643478e-16 0
1,0,0,2,0,0,1 2.0056249412994664e-15 -1.2056870259125052e-15 0
1,0,0,2,0,1,0 5.2318311358559577e-15 -1.7379760824942636e-15 0
1,0,0,2,1,0,0 0.3333333333333241 -0.12026598378780537 0
1,0,0,3,0,0,0 1.0185062970964609e-15 4.1378575912909277e-16 0
1,0,1,0,0,0,2 3.2634214341270562e-15 -1.2515758828629542e-15 0
1,0,1,0,0,1,1 -7.4850607482968012e-16 -6.9172098604575183e-16 0
1,0,1,0,0,2,0 2.6101896252045398e-15 -5.0979186150268418e-16 0
1,0,1,0,1,0,1 -0.94280904158205714 0.34576594600847288 0
1,0,1,0,1,1,0 -3.9211831752514886e-15 2.4065900097389181e-16 0
1,0,1,0,2,0,0 -2.0325714416317899e-15 -1.4014255403528965e-16 0
1,0,1,1,0,0,1 7.7992625378831004e-15 4.28801959218017e-17 0
1,0,1,1,0,1,0 -0.66666666666666707 0.24053196757560902 0
1,0,1,1,1,0,0 3.8112137347424101e-15 -3.0542991638453365e-16 0
1,0,1,2,0,0,0 3.3159849107018691e-15 -6.2127494988850618e-16 0
1,0,2,0,0,0,1 -4.748534464943388e-16 -5.4784735775692539e-16 0
1,0,2,0,0,1,0 6.9826008039855503e-15 -1.4002742108193411e-15 0
1,0,2,0,1,0,0 -0.33333333333333498 0.12026598378780493 0
1,0,2,1,0,0,0 1.5763554198945651e-15 -3.2520644163702705e-16 0
1,0,3,0,0,0,0 -7.1524054989216199e-16 -6.2748200732598569e-18 0
1,1,0,0,0,0,2 4.2730673835339812e-15 -1.4868650777494182e-15 0
1,1,0,0,0,1,1 8.7252400803597077e-15 -9.5710864935165212e-16 0
1,1,0,0,0,2,0 3.6635367606651937e-15 -1.6966466718624261e-15 0
1,1,0,0,1,0,1 -1.5094458801426723e-15 -6.1022586230043842e-16 0
1,1,0,0,1,1,0 1.7484704287622456e-15 -2.3814457273490096e-16 0
1,1,0,0,2,0,0 6.8632161276997852e-15 -1.0830078557579888e-15 0
1,1,0,1,0,0,1 9.3604043249484397e-15 -4.1809048357250469e-16 0
1,1,0,1,0,1,0 6.1522952891181374e-16 -3.197857630069366e-16 0
1,1,0,1,1,0,0 5.1904914624703071e-15 -1.0114455857198026e-16 0
1,1,0,2,0,0,0 7.306263734263864e-15 -1.4794885256369225e-15 0
1,1,1,0,0,0,1 6.2807804063020404e-15 -1.2805644883135572e-16 0
1,1,1,0,0,1,0 1.128566132308552e-15 3.3712396861862714e-17 0
1,1,1,0,1,0,0 -4.4673570342565347e-15 -1.2208821263078111e-15 0
1,1,1,1,0,0,0 -3.6877901623038437e-15 7.1002080777030536e-16 0
1,1,2,0,0,0,0 6.1879172438717848e-15 -6.302511715716622e-16 0
1,2,0,0,0,0,1 3.7999117741271959e-15 -6.5594231435373018e-16 0
1,2,0,0,0,1,0 6.043586854923011e-15 -7.5372379778476661e-16 0
1,2,0,0,1,0,0 -4.0115480381963664e-17 -1.3200161450011016e-16 0
1,2,0,1,0,0,0 -1.8726339923169633e-15 -3.4385471900377773e-16 0
1,2,1,0,0,0,0 1.9576354426398268e-15 -5.8096973412635755e-16 0
1,3,0,0,0,0,0 2.3193252873809911e-15 -1.0067359272614151e-15 0
2,0,0,0,0,0,2 2.2518879122523927e-16 6.8041817839759045e-16 0
2,0,0,0,0,1,1 -9.9211003995458569e-15 9.589226114548044e-16 0
2,0,0,0,0,2,0 -0.16666666666666971 0.059166849084105896 0
2,0,0,0,1,0,1 4.6958812028761662e-15 -1.3778820478257264e-15 0
2,0,0,0,1,1,0 -5.0884487866765388e-16 -5.1606329344415502e-16 0
2,0,0,0,2,0,0 -0.16666666666666269 0.059166849084104176 0
2,0,0,1,0,0,1 -5.3730891264036629e-15 7.7861979017046501e-16 0
2,0,0,1,0,1,0 -5.6255591547940687e-15 1.2053075551521353e-15 0
2,0,0,1,1,0,0 1.821871307788013e-15 -1.69284447299866e-15 0
2,0,0,2,0,0,0 -0.16666666666666533 0.057791329323745096 0
2,0,1,0,0,0,1 1.9598173995119539e-15 -1.3264671479273904e-15 0
2,0,1,0,0,1,0 -4.6892557111627431e-15 6.4916605077569578e-16 0
2,0,1,0,1,0,0 -9.985757389025093e-15 2.3785549132506953e-15 0
2,0,1,1,0,0,0 -3.7276903569125053e-16 1.5390249838431735e-16 0
2,0,2,0,0,0,0 -0.1666666666666711 0.057791329323747496 0
2,1,0,0,0,0,1 -3.9368898309983114e-15 3.1812507944049561e-17 0
2,1,0,0,0,1,0 -7.0052559533332163e-15 1.9628647003487472e-15 0
2,1,0,0,1,0,0 1.3201315003831919e-15 -1.4351945094720012e-16 0
2,1,0,1,0,0,0 -1.7612061504805622e-15 1.2324407524804929e-16 0
2,1,1,0,0,0,0 4.1521865900734429e-16 2.5927481112148489e-16 0
2,2,0,0,0,0,0 -4.3937293039975067e-17 3.3840660308703807e-16 0
3,0,0,0,0,0,1 2.277349722646857e-15 -7.6176044638831542e-16 0
3,0,0,0,0,1,0 7.9900312982637139e-15 -1.8233298985231849e-15 0
3,0,0,0,1,0,0 -2.878961437939565e-15 2.8597797415742809e-15 0
3,0,0,1,0,0,0 -3.5446634776697961e-16 1.0176999217306748e-15 0
3,0,1,0,0,0,0 1.3605212605388023e-15 1.1360405888574676e-16 0
3,1,0,0,0,0,0 3.7506443212509225e-15 -1.3878621361542864e-15 0
4,0,0,0,0,0,0 -1.0387995124467794e-15 7.8662933371970167e-16 0
