# sectors lambda 1.9614068619764455 2.1995688493332102 2.298606272079097 2.3421820411462999
0,0,0,0,0,0,4 2.4330852003290326e-16 5.1099803641957431e-16 0
0,0,0,0,0,1,3 -7.0002190892884397e-15 1.4264034831762418e-15 0
0,0,0,0,0,2,2 -0.33333333333334331 0.12891078647848642 0
0,0,0,0,0,3,1 -1.9574050496781736e-15 1.6210719832460141e-15 0
0,0,0,0,0,4,0 -0.041666666666668843 0.015962543556106355 0
0,0,0,0,1,0,3 5.4802735225821693e-15 -1.06564452764411e-15 0
0,0,0,0,1,1,2 7.864675504267761e-15 -1.3913363191599137e-15 0
0,0,0,0,1,2,1 6.0894791000052489e-15 -1.5148438872649578e-15 0
0,0,0,0,1,3,0 1.3288218995207574e-15 -7.6697478121161289e-16 0
0,0,0,0,2,0,2 -0.33333333333333759 0.12891078647848359 0
0,0,0,0,2,1,1 -4.418342863834855e-15 1.3264251139173829e-15 0
0,0,0,0,2,2,0 -0.083333333333336715 0.031925087112210294 0
0,0,0,0,3,0,1 1.4270734920277842e-15 -1.0625869223386179e-15 0
0,0,0,0,3,1,0 3.2147573299732102e-15 -6.4835648414710646e-16 0
0,0,0,0,4,0,0 -0.041666666666664909 0.015962543556104474 0
0,0,0,1,0,0,3 4.6051487276321801e-17 3.1329377026684258e-16 0
0,0,0,1,0,1,2 -1.5065531287772327e-15 8.9243391322713084e-16 0
0,0,0,1,0,2,1 -3.079025749641584e-15 5.1608023410310011e-17 0
0,0,0,1,0,3,0 -4.6509969270011609e-15 -1.8344700758454735e-16 0
0,0,0,1,1,0,2 2.3597092772072344e-15 -6.8508702400285615e-16 0
0,0,0,1,1,1,1 -1.4142135623730934 0.53851858480402237 0
0,0,0,1,1,2,0 -4.2387222746499698e-17 -1.2181350221053544e-16 0
0,0,0,1,2,0,1 -1.045978291375305e-14 -4.8095764236828612e-16 0
0,0,0,1,2,1,0 -3.043882829116036e-15 -3.5504910643469056e-16 0
0,0,0,1,3,0,0 4.3551457960243964e-15 -1.3438618975959047e-15 0
0,0,0,2,0,0,2 -0.33333333333334048 0.12615974695776566 0
0,0,0,2,0,1,1 -1.3095806990909287e-15 1.5041949890520767e-15 0
0,0,0,2,0,2,0 -0.16666666666666852 0.06247465446406255 0
0,0,0,2,1,0,1 3.0292642580562884e-15 -2.2612069687380845e-15 0
0,0,0,2,1,1,0 1.1497523582076202e-15 -7.4047112029202583e-16 0
0,0,0,2,2,0,0 -0.16666666666665897 0.062474654464060239 0
0,0,0,3,0,0,1 -1.6664187391102203e-16 2.7504853863241641e-17 0
0,0,0,3,0,1,0 -3.8098864341140626e-15 1.2913118924845479e-15 0
0,0,0,3,1,0,0 3.3052919667757308e-17 -1.4125887993229978e-15 0
0,0,0,4,0,0,0 1.3543531666168965e-15 -9.1355552679986407e-16 0
0,0,1,0,0,0,3 -3.5358543350183513e-17 -4.1009269547906402e-16 0
0,0,1,0,0,1,2 -3.4204545662844255e-15 -1.628742713616349e-16 0
0,0,1,0,0,2,1 0.70710678118655046 -0.26925929240201135 0
0,0,1,0,0,3,0 -9.6514322141943998e-16 2.1412992906588713e-18 0
0,0,1,0,1,0,2 -8.9239359445884153e-15 2.9654022089980504e-15 0
0,0,1,0,1,1,1 4.9265519913360353e-15 2.9375441423958037e-16 0
0,0,1,0,1,2,0 -1.2083071529282469e-14 3.7139514825080405e-15 0
0,0,1,0,2,0,1 -0.70710678118653469 0.2692592924020128 0
0,0,1,0,2,1,0 -7.911625402333544e-15 1.0006475603156696e-15 0
0,0,1,0,3,0,0 -7.2659272839421003e-15 2.3739429727084896e-15 0
0,0,1,1,0,0,2 -4.0596052994917864e-15 1.3964795032156418e-15 0
0,0,1,1,0,1,1 -2.9898772260089634e-15 5.3190958582138848e-16 0
0,0,1,1,0,2,0 4.95968283803494e-16 1.4853298712508289e-15 0
0,0,1,1,1,0,1 -2.4931466125529406e-15 2.6988163765416517e-17 0
0,0,1,1,1,1,0 -9.1052145478279917e-16 -1.2836106689281118e-16 0
0,0,1,1,2,0,0 -1.0650234672053154e-15 1.4735486488061465e-15 0
0,0,1,2,0,0,1 2.324421037591673e-15 -1.3778854359575154e-16 0
0,0,1,2,0,1,0 -3.7127283669322053e-15 4.3956266577993564e-16 0
0,0,1,2,1,0,0 -9.336279206608334e-15 2.816009314024915e-15 0
0,0,1,3,0,0,0 -5.3632872611380361e-15 7.70345972341685e-16 0
0,0,2,0,0,0,2 -0.33333333333334003 0.12615974695776608 0
0,0,2,0,0,1,1 -4.4257132680858291e-15 1.6581381450178623e-15 0
0,0,2,0,0,2,0 -0.16666666666667918 0.062474654464062307 0
0,0,2,0,1,0,1 -1.6614267504355771e-15 -9.5808574290291715e-16 0
0,0,2,0,1,1,0 5.1656795567412914e-15 -6.3626743305490729e-16 0
0,0,2,0,2,0,0 -0.16666666666666655 0.062474654464060725 0
0,0,2,1,0,0,1 2.0290708132794655e-15 9.1333191010178894e-16 0
0,0,2,1,0,1,0 -3.8267525541597902e-15 6.199603547543675e-16 0
0,0,2,1,1,0,0 4.4794236272712243e-15 -1.0347214723222236e-15 0
0,0,2,2,0,0,0 -1.0253028894652294e-15 3.9822406982213676e-16 0
0,0,3,0,0,0,1 2.9118790440939984e-15 1.5929640419243274e-16 0
0,0,3,0,0,1,0 -2.917703242639319e-15 8.3009398237510884e-16 0
0,0,3,0,1,0,0 -1.024628783588113e-14 2.5659214599195435e-15 0
0,0,3,1,0,0,0 -2.856049408474573e-15 7.1029472451314413e-16 0
0,0,4,0,0,0,0 -6.0149395653721601e-15 7.0227734590914536e-16 0
0,1,0,0,0,0,3 -3.1683341626941773e-15 3.8097137004342369e-16 0
0,1,0,0,0,1,2 -1.0131534689110731e-14 2.4263373810590832e-15 0
0,1,0,0,0,2,1 -5.1760189369358215e-15 1.11531964780418e-15 0
0,1,0,0,0,3,0 0.166666666666658 -0.061508511654260523 0
0,1,0,0,1,0,2 -6.6266298079017193e-15 4.2265787423550882e-16 0
0,1,0,0,1,1,1 -4.6913653111319929e-15 1.2804415027695602e-15 0
0,1,0,0,1,2,0 1.279851013430611e-15 2.340248045131132e-16 0
0,1,0,0,2,0,1 -3.4122004202480775e-15 1.6213150598926064e-15 0
0,1,0,0,2,1,0 -0.50000000000000677 0.18452553496278687 0
0,1,0,0,3,0,0 1.4458920276000527e-15 -7.9461178593282603e-16 0
0,1,0,1,0,0,2 2.8775247030035597e-15 -1.3048707313712202e-16 0
0,1,0,1,0,1,1 -1.5008968657710182e-15 6.7995760865310584e-16 0
0,1,0,1,0,2,0 -3.0003205911824438e-15 4.185830561028259e-16 0
0,1,0,1,1,0,1 -0.94280904158207102 0.34576594600847577 0
0,1,0,1,1,1,0 -3.6869087900682144e-15 1.7097212145014116e-15 0
0,1,0,1,2,0,0 -2.924743177005421e-15 6.2352387131387675e-16 0
0,1,0,2,0,0,1 -2.3316549608232164e-15 1.3592085760919911e-15 0
0,1,0,2,0,1,0 -0.33333333333334236 0.12026598378780862 0
0,1,0,2,1,0,0 2.3203096800256836e-16 -9.2830937674193445e-16 0
0,1,0,3,0,0,0 -1.1781268508726928e-15 7.1254012774797753e-17 0
0,1,1,0,0,0,2 -5.1757174569032603e-15 7.3848867741446405e-16 0
0,1,1,0,0,1,1 -0.94280904158204071 0.34576594600847471 0
0,1,1,0,0,2,0 -3.8150640088709777e-15 1.1813732917479358e-15 0
0,1,1,0,1,0,1 5.8096036327525918e-15 4.4320239273229306e-16 0
0,1,1,0,1,1,0 5.8982279293595991e-16 -8.3930313343256334e-16 0
0,1,1,0,2,0,0 -4.7904385304839867e-15 5.3212596548271816e-16 0
0,1,1,1,0,0,1 -4.202516007530128e-15 5.5169846157401944e-16 0
0,1,1,1,0,1,0 1.3917910742184565e-15 8.11690513172958e-16 0
0,1,1,1,1,0,0 -0.66666666666666741 0.24053196757561091 0
0,1,1,2,0,0,0 4.4638864378199639e-16 4.0672779629118476e-16 0
0,1,2,0,0,0,1 -3.9238621454066691e-15 9.2037873174145759e-16 0
0,1,2,0,0,1,0 0.33333333333333182 -0.12026598378780369 0
0,1,2,0,1,0,0 5.5858486029475532e-16 1.8127344435296116e-16 0
0,1,2,1,0,0,0 -6.5112089171116408e-15 1.4778843588303351e-15 0
0,1,3,0,0,0,0 -8.6561245566943084e-16 2.4555253884100842e-16 0
0,2,0,0,0,0,2 -5.3418641038360803e-16 8.7444970969102753e-16 0
0,2,0,0,0,1,1 -8.1209453224595496e-15 1.6950281239366816e-15 0
0,2,0,0,0,2,0 -0.16666666666666743 0.059166849084105862 0
0,2,0,0,1,0,1 3.4360535250410607e-15 -9.1680135705374255e-16 0
0,2,0,0,1,1,0 1.3588305827760827e-15 -1.2304068354451747e-15 0
0,2,0,0,2,0,0 -0.1666666666666686 0.059166849084103232 0
0,2,0,1,0,0,1 2.8451633410364607e-15 8.6058547441036914e-16 0
0,2,0,1,0,1,0 -4.1454470064983262e-15 2.6652399905124913e-16 0
0,2,0,1,1,0,0 1.9619722513297688e-15 -3.552930519234998e-16 0
0,2,0,2,0,0,0 -0.16666666666666788 0.057791329323745748 0
0,2,1,0,0,0,1 -1.4315805485498601e-15 1.4668171191556389e-15 0
0,2,1,0,0,1,0 -4.6154486482707924e-15 1.3223742847262576e-15 0
0,2,1,0,1,0,0 -1.1810864786188091e-14 3.2619306561398886e-15 0
0,2,1,1,0,0,0 -4.7574791328663935e-15 8.7473431276130498e-16 0
0,2,2,0,0,0,0 -0.16666666666667335 0.057791329323746518 0
0,3,0,0,0,0,1 -1.8711161092754836e-15 2.0325538127585752e-15 0
0,3,0,0,0,1,0 -6.8991036841770104e-15 1.9296494740625447e-15 0
0,3,0,0,1,0,0 -9.9226182825873366e-16 -2.1705727493159799e-16 0
0,3,0,1,0,0,0 -9.0118884576995129e-16 4.5205809581783107e-16 0
0,3,1,0,0,0,0 -1.3105835861004778e-15 2.3375398838787476e-16 0
0,4,0,0,0,0,0 9.3718435789647003e-16 4.4994390158148434e-18 0
1,0,0,0,0,0,3 3.6877781644378826e-15 -8.706414495601722e-16 0
1,0,0,0,0,1,2 9.9472838820113818e-15 -1.4505269815140442e-15 0
1,0,0,0,0,2,1 7.2580288133783366e-15 -5.1797758790494974e-16 0
1,0,0,0,0,3,0 8.0989089133037817e-15 -1.85268467234323e-15 0
1,0,0,0,1,0,2 8.409540459017404e-15 7.9653114887310444e-16 0
1,0,0,0,1,1,1 -1.2914118423723239e-15 -2.1853450039160949e-16 0
1,0,0,0,1,2,0 0.50000000000000022 -0.1845255349627829 0
1,0,0,0,2,0,1 -7.7477838987554835e-17 8.8680749687499415e-17 0
1,0,0,0,2,1,0 5.9570565630699126e-15 -2.0143084054373623e-15 0
1,0,0,0,3,0,0 -0.16666666666666727 0.061508511654263763 0
1,0,0,1,0,0,2 3.717200700893708e-15 -6.9673542109349729e-16 0
1,0,0,1,0,1,1 0.94280904158205714 -0.3457659460084766 0
1,0,0,1,0,2,0 2.7333549919988931e-15 -3.6139168914373077e-16 0
1,0,0,1,1,0,1 3.0893273643460908e-15 -8.6537968089182848e-17 0
1,0,0,1,1,1,0 -3.8179671284308686e-16 1.4399458459369435e-15 0
1,0,0,1,2,0,0 3.9654419172949467e-16 1.7197834029740173e-16 0
1,0,0,2,0,0,1 2.0056249412994664e-15 -1.0986491664338738e-15 0
1,0,0,2,0,1,0 5.2318311358559577e-15 -2.0450221377421585e-15 0
1,0,0,2,1,0,0 0.3333333333333241 -0.12026598378780481 0
1,0,0,3,0,0,0 1.0185062970964609e-15 -3.3705135037143119e-17 0
1,0,1,0,0,0,2 3.2634214341270562e-15 -9.6370665354089668e-16 0
1,0,1,0,0,1,1 -7.4850607482968012e-16 -4.8447574077514766e-16 0
1,0,1,0,0,2,0 2.6101896252045398e-15 -1.8298622166124101e-16 0
1,0,1,0,1,0,1 -0.94280904158205714 0.34576594600847443 0
1,0,1,0,1,1,0 -3.9211831752514886e-15 8.4122060717024133e-16 0
1,0,1,0,2,0,0 -2.0325714416317899e-15 3.3339852078639702e-16 0
1,0,1,1,0,0,1 7.7992625378831004e-15 2.1190731461229184e-16 0
1,0,1,1,0,1,0 -0.66666666666666707 0.24053196757561052 0
1,0,1,1,1,0,0 3.8112137347424101e-15 -9.2261369713780156e-16 0
1,0,1,2,0,0,0 3.3159849107018691e-15 -5.3817085336749226e-16 0
1,0,2,0,0,0,1 -4.748534464943388e-16 -4.5055376530350744e-17 0
1,0,2,0,0,1,0 6.9826008039855503e-15 -2.3452783768848628e-15 0
1,0,2,0,1,0,0 -0.33333333333333498 0.12026598378780701 0
1,0,2,1,0,0,0 1.5763554198945651e-15 -1.3164247253047434e-15 0
1,0,3,0,0,0,0 -7.1524054989216199e-16 -1.9006402896849794e-16 0
1,1,0,0,0,0,2 4.2730673835339812e-15 -1.1661379785419214e-15 0
1,1,0,0,0,1,1 8.7252400803597077e-15 -3.5907860151119428e-16 0
1,1,0,0,0,2,0 3.6635367606651937e-15 -1.303452313144066e-15 0
1,1,0,0,1,0,1 -1.5094458801426723e-15 -3.9684626473194404e-16 0
1,1,0,0,1,1,0 1.7484704287622456e-15 8.4681864404753691e-16 0
1,1,0,0,2,0,0 6.8632161276997852e-15 -7.3140217119449803e-16 0
1,1,0,1,0,0,1 9.3604043249484397e-15 -3.1581293761517997e-16 0
1,1,0,1,0,1,0 6.1522952891181374e-16 -1.2997666192466533e-16 0
1,1,0,1,1,0,0 5.1904914624703071e-15 -4.9149922701969547e-16 0
1,1,0,2,0,0,0 7.306263734263864e-15 1.4391493163214156e-16 0
1,1,1,0,0,0,1 6.2807804063020404e-15 -8.1015069006961928e-16 0
1,1,1,0,0,1,0 1.128566132308552e-15 3.5464914947620426e-16 0
1,1,1,0,1,0,0 -4.4673570342565347e-15 -1.4546602977928275e-15 0
1,1,1,1,0,0,0 -3.6877901623038437e-15 8.5234126789476999e-16 0
1,1,2,0,0,0,0 6.1879172438717848e-15 -1.6484523903563762e-15 0
1,2,0,0,0,0,1 3.7999117741271959e-15 -5.9129675981928198e-16 0
1,2,0,0,0,1,0 6.043586854923011e-15 -1.0300869315513217e-15 0
1,2,0,0,1,0,0 -4.0115480381963664e-17 7.0310510885684963e-17 0
1,2,0,1,0,0,0 -1.8726339923169633e-15 -3.9210171567938268e-16 0
1,2,1,0,0,0,0 1.9576354426398268e-15 -8.0496590296186277e-16 0
1,3,0,0,0,0,0 2.3193252873809911e-15 -7.4650030081058194e-16 0
2,0,0,0,0,0,2 2.2518879122523927e-16 9.2720969790960339e-16 0
2,0,0,0,0,1,1 -9.9211003995458569e-15 1.3569061239199209e-15 0
2,0,0,0,0,2,0 -0.16666666666666971 0.059166849084105584 0
2,0,0,0,1,0,1 4.6958812028761662e-15 -1.4351634979167457e-15 0
2,0,0,0,1,1,0 -5.0884487866765388e-16 -8.0165569820399296e-16 0
2,0,0,0,2,0,0 -0.16666666666666269 0.059166849084103919 0
2,0,0,1,0,0,1 -5.3730891264036629e-15 9.3249518350047023e-16 0
2,0,0,1,0,1,0 -5.6255591547940687e-15 9.9056776236422506e-16 0
2,0,0,1,1,0,0 1.821871307788013e-15 -1.0515448172041149e-15 0
2,0,0,2,0,0,0 -0.16666666666666533 0.057791329323745096 0
2,0,1,0,0,0,1 1.9598173995119539e-15 -1.6088679325419741e-15 0
2,0,1,0,0,1,0 -4.6892557111627431e-15 2.3669488678074169e-16 0
2,0,1,0,1,0,0 -9.985757389025093e-15 1.7762844180832602e-15 0
2,0,1,1,0,0,0 -3.7276903569125053e-16 3.7758018283165495e-16 0
2,0,2,0,0,0,0 -0.1666666666666711 0.057791329323748281 0
2,1,0,0,0,0,1 -3.9368898309983114e-15 5.0239845887549241e-16 0
2,1,0,0,0,1,0 -7.0052559533332163e-15 2.053323730252137e-15 0
2,1,0,0,1,0,0 1.3201315003831919e-15 2.3607585170473605e-16 0
2,1,0,1,0,0,0 -1.7612061504805622e-15 -6.4064466705983022e-17 0
2,1,1,0,0,0,0 4.1521865900734429e-16 2.225382322427872e-16 0
2,2,0,0,0,0,0 -4.3937293039975067e-17 1.0882679306323251e-16 0
3,0,0,0,0,0,1 2.277349722646857e-15 -7.6575844189935571e-16 0
3,0,0,0,0,1,0 7.9900312982637139e-15 -1.7263954480394028e-15 0
3,0,0,0,1,0,0 -2.878961437939565e-15 3.6316918778354391e-15 0
3,0,0,1,0,0,0 -3.5446634776697961e-16 8.9355538484929553e-16 0
3,0,1,0,0,0,0 1.3605212605388023e-15 7.0198702536647395e-17 0
3,1,0,0,0,0,0 3.7506443212509225e-15 -1.1374374486879256e-15 0
4,0,0,0,0,0,0 -1.0387995124467794e-15 8.5945892059052093e-17 0
