# sectors lambda 1.9614068619764455 2.1995688493332102 2.298606272079097 2.3421820411462999
0,0,0,0,0,0,4 2.4330852003290326e-16 3.1251449995536862e-16 0
0,0,0,0,0,1,3 -7.0002190892884397e-15 1.1792867030124832e-15 0
0,0,0,0,0,2,2 -0.33333333333334331 0.12891078647848644 0
0,0,0,0,0,3,1 -1.9574050496781736e-15 1.8869725660480841e-15 0
0,0,0,0,0,4,0 -0.041666666666668843 0.015962543556106119 0
0,0,0,0,1,0,3 5.4802735225821693e-15 -1.1658883358528147e-15 0
0,0,0,0,1,1,2 7.864675504267761e-15 -1.1231961812453034e-15 0
0,0,0,0,1,2,1 6.0894791000052489e-15 -1.4899817761971496e-15 0
0,0,0,0,1,3,0 1.3288218995207574e-15 -1.0324010255632204e-15 0
0,0,0,0,2,0,2 -0.33333333333333759 0.12891078647848334 0
0,0,0,0,2,1,1 -4.418342863834855e-15 1.1017190255929602e-15 0
0,0,0,0,2,2,0 -0.083333333333336715 0.031925087112210419 0
0,0,0,0,3,0,1 1.4270734920277842e-15 -1.0104929518251289e-15 0
0,0,0,0,3,1,0 3.2147573299732102e-15 -1.9320139301388581e-15 0
0,0,0,0,4,0,0 -0.041666666666664909 0.015962543556104887 0
0,0,0,1,0,0,3 4.6051487276321801e-17 1.932454847183851e-16 0
0,0,0,1,0,1,2 -1.5065531287772327e-15 1.3466875184442451e-15 0
0,0,0,1,0,2,1 -3.079025749641584e-15 8.1125427556227869e-16 0
0,0,0,1,0,3,0 -4.6509969270011609e-15 6.6499540249398414e-16 0
0,0,0,1,1,0,2 2.3597092772072344e-15 -8.4360754601560395e-16 0
0,0,0,1,1,1,1 -1.4142135623730934 0.53851858480402393 0
0,0,0,1,1,2,0 -4.2387222746499698e-17 -1.0024126710986292e-16 0
0,0,0,1,2,0,1 -1.045978291375305e-14 3.2104179239361447e-16 0
0,0,0,1,2,1,0 -3.043882829116036e-15 -6.0787912382767942e-16 0
0,0,0,1,3,0,0 4.3551457960243964e-15 -1.6298841318718048e-15 0
0,0,0,2,0,0,2 -0.33333333333334048 0.12615974695776558 0
0,0,0,2,0,1,1 -1.3095806990909287e-15 1.068752291527586e-15 0
0,0,0,2,0,2,0 -0.16666666666666852 0.062474654464062633 0
0,0,0,2,1,0,1 3.0292642580562884e-15 -9.3886487126382256e-16 0
0,0,0,2,1,1,0 1.1497523582076202e-15 -1.433349153343727e-16 0
0,0,0,2,2,0,0 -0.16666666666665897 0.062474654464060198 0
0,0,0,3,0,0,1 -1.6664187391102203e-16 2.2254604842980585e-16 0
0,0,0,3,0,1,0 -3.8098864341140626e-15 1.2573899170129077e-15 0
0,0,0,3,1,0,0 3.3052919667757308e-17 -1.4348755067146793e-15 0
0,0,0,4,0,0,0 1.3543531666168965e-15 -1.0167885142794292e-15 0
0,0,1,0,0,0,3 -3.5358543350183513e-17 -7.7923643015606614e-16 0
0,0,1,0,0,1,2 -3.4204545662844255e-15 4.156831129309424e-16 0
0,0,1,0,0,2,1 0.70710678118655046 -0.26925929240201152 0
0,0,1,0,0,3,0 -9.6514322141943998e-16 3.5794934724608929e-16 0
0,0,1,0,1,0,2 -8.9239359445884153e-15 2.4504442935500623e-15 0
0,0,1,0,1,1,1 4.9265519913360353e-15 -3.8980456232642902e-17 0
0,0,1,0,1,2,0 -1.2083071529282469e-14 3.334101251377744e-15 0
0,0,1,0,2,0,1 -0.70710678118653469 0.2692592924020128 0
0,0,1,0,2,1,0 -7.911625402333544e-15 1.4313305150117424e-15 0
0,0,1,0,3,0,0 -7.2659272839421003e-15 2.3969001761610943e-15 0
0,0,1,1,0,0,2 -4.0596052994917864e-15 1.572797881516097e-15 0
0,0,1,1,0,1,1 -2.9898772260089634e-15 6.4987078218781136e-16 0
0,0,1,1,0,2,0 4.95968283803494e-16 1.6492612397306372e-15 0
0,0,1,1,1,0,1 -2.4931466125529406e-15 2.9742037283529699e-16 0
0,0,1,1,1,1,0 -9.1052145478279917e-16 5.8445273360546723e-17 0
0,0,1,1,2,0,0 -1.0650234672053154e-15 1.371897812992934e-15 0
0,0,1,2,0,0,1 2.324421037591673e-15 -7.238404754056349e-16 0
0,0,1,2,0,1,0 -3.7127283669322053e-15 3.06287113727155e-16 0
0,0,1,2,1,0,0 -9.336279206608334e-15 2.7773939289925387e-15 0
0,0,1,3,0,0,0 -5.3632872611380361e-15 7.9558077790628512e-16 0
0,0,2,0,0,0,2 -0.33333333333334003 0.12615974695776622 0
0,0,2,0,0,1,1 -4.4257132680858291e-15 1.2492584007192664e-15 0
0,0,2,0,0,2,0 -0.16666666666667918 0.06247465446406187 0
0,0,2,0,1,0,1 -1.6614267504355771e-15 -5.2451668225775294e-16 0
0,0,2,0,1,1,0 5.1656795567412914e-15 -1.1771631914137166e-15 0
0,0,2,0,2,0,0 -0.16666666666666655 0.062474654464060378 0
0,0,2,1,0,0,1 2.0290708132794655e-15 8.3991787049736422e-16 0
0,0,2,1,0,1,0 -3.8267525541597902e-15 1.1324085115796412e-15 0
0,0,2,1,1,0,0 4.4794236272712243e-15 -7.4647997201984784e-16 0
0,0,2,2,0,0,0 -1.0253028894652294e-15 1.8766861979366278e-16 0
0,0,3,0,0,0,1 2.9118790440939984e-15 5.7882843483569868e-17 0
0,0,3,0,0,1,0 -2.917703242639319e-15 1.1047715205766279e-15 0
0,0,3,0,1,0,0 -1.024628783588113e-14 3.0975637009669548e-15 0
0,0,3,1,0,0,0 -2.856049408474573e-15 4.3767378230755855e-16 0
0,0,4,0,0,0,0 -6.0149395653721601e-15 7.258996125004101e-16 0
0,1,0,0,0,0,3 -3.1683341626941773e-15 6.4337744171374577e-16 0
0,1,0,0,0,1,2 -1.0131534689110731e-14 2.9831538529002673e-15 0
0,1,0,0,0,2,1 -5.1760189369358215e-15 9.9055400779853234e-16 0
0,1,0,0,0,3,0 0.166666666666658 -0.061508511654260946 0
0,1,0,0,1,0,2 -6.6266298079017193e-15 5.8696130014831526e-16 0
0,1,0,0,1,1,1 -4.6913653111319929e-15 1.1890805272818942e-15 0
0,1,0,0,1,2,0 1.279851013430611e-15 4.5719814162579367e-16 0
0,1,0,0,2,0,1 -3.4122004202480775e-15 2.0059354294334812e-15 0
0,1,0,0,2,1,0 -0.50000000000000677 0.18452553496278659 0
0,1,0,0,3,0,0 1.4458920276000527e-15 -5.6432725004120649e-16 0
0,1,0,1,0,0,2 2.8775247030035597e-15 -2.9412852225224771e-16 0
0,1,0,1,0,1,1 -1.5008968657710182e-15 4.218599888777095e-16 0
0,1,0,1,0,2,0 -3.0003205911824438e-15 3.5290952556138185e-16 0
0,1,0,1,1,0,1 -0.94280904158207102 0.34576594600847715 0
0,1,0,1,1,1,0 -3.6869087900682144e-15 1.3254644019331964e-15 0
0,1,0,1,2,0,0 -2.924743177005421e-15 6.2070462311505134e-16 0
0,1,0,2,0,0,1 -2.3316549608232164e-15 8.0271817790722261e-16 0
0,1,0,2,0,1,0 -0.33333333333334236 0.12026598378780758 0
0,1,0,2,1,0,0 2.3203096800256836e-16 -5.8549090479698784e-16 0
0,1,0,3,0,0,0 -1.1781268508726928e-15 2.3671314588220747e-17 0
0,1,1,0,0,0,2 -5.1757174569032603e-15 7.1693847365603764e-16 0
0,1,1,0,0,1,1 -0.94280904158204071 0.34576594600847732 0
0,1,1,0,0,2,0 -3.8150640088709777e-15 1.3678832108851525e-15 0
0,1,1,0,1,0,1 5.8096036327525918e-15 8.6928598349801269e-16 0
0,1,1,0,1,1,0 5.8982279293595991e-16 -9.6974163987658898e-16 0
0,1,1,0,2,0,0 -4.7904385304839867e-15 8.6475900577673193e-16 0
0,1,1,1,0,0,1 -4.202516007530128e-15 -1.6229273089229521e-16 0
0,1,1,1,0,1,0 1.3917910742184565e-15 -2.7810691185726435e-16 0
0,1,1,1,1,0,0 -0.66666666666666741 0.24053196757561027 0
0,1,1,2,0,0,0 4.4638864378199639e-16 4.3647332415744978e-16 0
0,1,2,0,0,0,1 -3.9238621454066691e-15 1.1858558259918802e-15 0
0,1,2,0,0,1,0 0.33333333333333182 -0.12026598378780308 0
0,1,2,0,1,0,0 5.5858486029475532e-16 2.6952541619495792e-16 0
0,1,2,1,0,0,0 -6.5112089171116408e-15 1.4314400729248679e-15 0
0,1,3,0,0,0,0 -8.6561245566943084e-16 2.5750506673306124e-18 0
0,2,0,0,0,0,2 -5.3418641038360803e-16 6.5118537732195003e-16 0
0,2,0,0,0,1,1 -8.1209453224595496e-15 1.4402541659297441e-15 0
0,2,0,0,0,2,0 -0.16666666666666743 0.059166849084106223 0
0,2,0,0,1,0,1 3.4360535250410607e-15 -1.0182826803983858e-15 0
0,2,0,0,1,1,0 1.3588305827760827e-15 -6.845652517073475e-16 0
0,2,0,0,2,0,0 -0.1666666666666686 0.059166849084103371 0
0,2,0,1,0,0,1 2.8451633410364607e-15 8.4936398192514417e-16 0
0,2,0,1,0,1,0 -4.1454470064983262e-15 7.9499124297499613e-17 0
0,2,0,1,1,0,0 1.9619722513297688e-15 7.8832339961421027e-16 0
0,2,0,2,0,0,0 -0.16666666666666788 0.057791329323745713 0
0,2,1,0,0,0,1 -1.4315805485498601e-15 1.3985123822890522e-15 0
0,2,1,0,0,1,0 -4.6154486482707924e-15 1.3056233611613566e-15 0
0,2,1,0,1,0,0 -1.1810864786188091e-14 3.5587852109664198e-15 0
0,2,1,1,0,0,0 -4.7574791328663935e-15 7.0689981646054889e-16 0
0,2,2,0,0,0,0 -0.16666666666667335 0.05779132932374579 0
0,3,0,0,0,0,1 -1.8711161092754836e-15 1.398078701420058e-15 0
0,3,0,0,0,1,0 -6.8991036841770104e-15 1.3576244078591926e-15 0
0,3,0,0,1,0,0 -9.9226182825873366e-16 9.4943584244555623e-16 0
0,3,0,1,0,0,0 -9.0118884576995129e-16 5.6156251523886702e-16 0
0,3,1,0,0,0,0 -1.3105835861004778e-15 1.5710089479314959e-16 0
0,4,0,0,0,0,0 9.3718435789647003e-16 3.0848262312643815e-16 0
1,0,0,0,0,0,3 3.6877781644378826e-15 -7.7967688728863838e-16 0
1,0,0,0,0,1,2 9.9472838820113818e-15 -1.6236469634056672e-15 0
1,0,0,0,0,2,1 7.2580288133783366e-15 -8.8400424133605604e-16 0
1,0,0,0,0,3,0 8.0989089133037817e-15 -2.0201532504107722e-15 0
1,0,0,0,1,0,2 8.409540459017404e-15 -3.2042578768272378e-16 0
1,0,0,0,1,1,1 -1.2914118423723239e-15 -9.8624111806965009e-16 0
1,0,0,0,1,2,0 0.50000000000000022 -0.18452553496278215 0
1,0,0,0,2,0,1 -7.7477838987554835e-17 4.265837916873948e-17 0
1,0,0,0,2,1,0 5.9570565630699126e-15 -2.066635242182536e-15 0
1,0,0,0,3,0,0 -0.16666666666666727 0.061508511654263395 0
1,0,0,1,0,0,2 3.717200700893708e-15 -5.4150477504788519e-16 0
1,0,0,1,0,1,1 0.94280904158205714 -0.34576594600847521 0
1,0,0,1,0,2,0 2.7333549919988931e-15 7.7352403995978314e-16 0
1,0,0,1,1,0,1 3.0893273643460908e-15 2.6069641237413954e-16 0
1,0,0,1,1,1,0 -3.8179671284308686e-16 1.3425201163437539e-15 0
1,0,0,1,2,0,0 3.9654419172949467e-16 1.8259473362093191e-16 0
1,0,0,2,0,0,1 2.0056249412994664e-15 -6.1734471701324622e-16 0
1,0,0,2,0,1,0 5.2318311358559577e-15 -2.0243951914106217e-15 0
1,0,0,2,1,0,0 0.3333333333333241 -0.12026598378780516 0
1,0,0,3,0,0,0 1.0185062970964609e-15 6.2449367508807252e-16 0
1,0,1,0,0,0,2 3.2634214341270562e-15 -1.2738833425618434e-15 0
1,0,1,0,0,1,1 -7.4850607482968012e-16 -3.6841189821057441e-16 0
1,0,1,0,0,2,0 2.6101896252045398e-15 -1.4094628242311558e-16 0
1,0,1,0,1,0,1 -0.94280904158205714 0.34576594600847327 0
1,0,1,0,1,1,0 -3.9211831752514886e-15 6.2940816024804197e-16 0
1,0,1,0,2,0,0 -2.0325714416317899e-15 -3.1449316892015466e-16 0
1,0,1,1,0,0,1 7.7992625378831004e-15 -1.947227101783966e-16 0
1,0,1,1,0,1,0 -0.66666666666666707 0.24053196757561041 0
1,0,1,1,1,0,0 3.8112137347424101e-15 -5.4581109055172605e-16 0
1,0,1,2,0,0,0 3.3159849107018691e-15 -4.3922385260103392e-16 0
1,0,2,0,0,0,1 -4.748534464943388e-16 -1.7221196257216631e-16 0
1,0,2,0,0,1,0 6.9826008039855503e-15 -1.7130258799999409e-15 0
1,0,2,0,1,0,0 -0.33333333333333498 0.12026598378780544 0
1,0,2,1,0,0,0 1.5763554198945651e-15 -4.9307481925567331e-16 0
1,0,3,0,0,0,0 -7.1524054989216199e-16 -6.7276438868620059e-17 0
1,1,0,0,0,0,2 4.2730673835339812e-15 -1.8475296914543794e-15 0
1,1,0,0,0,1,1 8.7252400803597077e-15 -4.033592853232005e-16 0
1,1,0,0,0,2,0 3.6635367606651937e-15 -1.1060372214578609e-15 0
1,1,0,0,1,0,1 -1.5094458801426723e-15 -7.5505617849304324e-16 0
1,1,0,0,1,1,0 1.7484704287622456e-15 1.6259112002666675e-15 0
1,1,0,0,2,0,0 6.8632161276997852e-15 -1.0503742020403481e-15 0
1,1,0,1,0,0,1 9.3604043249484397e-15 -2.7202470081211808e-16 0
1,1,0,1,0,1,0 6.1522952891181374e-16 -3.2511757116349942e-16 0
1,1,0,1,1,0,0 5.1904914624703071e-15 -2.9546584403957053e-16 0
1,1,0,2,0,0,0 7.306263734263864e-15 -7.5577107547746344e-16 0
1,1,1,0,0,0,1 6.2807804063020404e-15 1.5078665596377421e-16 0
1,1,1,0,0,1,0 1.128566132308552e-15 1.0379047785537584e-16 0
1,1,1,0,1,0,0 -4.4673570342565347e-15 -1.5270794429193303e-15 0
1,1,1,1,0,0,0 -3.6877901623038437e-15 9.7420499299312585e-16 0
1,1,2,0,0,0,0 6.1879172438717848e-15 -1.1607471278936912e-15 0
1,2,0,0,0,0,1 3.7999117741271959e-15 -6.4789211322302531e-16 0
1,2,0,0,0,1,0 6.043586854923011e-15 -1.3712853552325099e-15 0
1,2,0,0,1,0,0 -4.0115480381963664e-17 -5.0903291998194433e-17 0
1,2,0,1,0,0,0 -1.8726339923169633e-15 -3.552930519234998e-16 0
1,2,1,0,0,0,0 1.9576354426398268e-15 -1.024625263107426e-15 0
1,3,0,0,0,0,0 2.3193252873809911e-15 -8.7543904417342056e-16 0
2,0,0,0,0,0,2 2.2518879122523927e-16 1.1333707410077221e-15 0
2,0,0,0,0,1,1 -9.9211003995458569e-15 1.4848961903818347e-15 0
2,0,0,0,0,2,0 -0.16666666666666971 0.059166849084105813 0
2,0,0,0,1,0,1 4.6958812028761662e-15 -2.4338932697607132e-15 0
2,0,0,0,1,1,0 -5.0884487866765388e-16 -4.0255579631439525e-16 0
2,0,0,0,2,0,0 -0.16666666666666269 0.059166849084103558 0
2,0,0,1,0,0,1 -5.3730891264036629e-15 7.7103037496306648e-16 0
2,0,0,1,0,1,0 -5.6255591547940687e-15 2.7877548360033533e-16 0
2,0,0,1,1,0,0 1.821871307788013e-15 -1.1514667528928629e-15 0
2,0,0,2,0,0,0 -0.16666666666666533 0.057791329323745477 0
2,0,1,0,0,0,1 1.9598173995119539e-15 -1.3380681111729853e-15 0
2,0,1,0,0,1,0 -4.6892557111627431e-15 6.5683678114603072e-16 0
2,0,1,0,1,0,0 -9.985757389025093e-15 2.3085366287318131e-15 0
2,0,1,1,0,0,0 -3.7276903569125053e-16 5.3833348369336509e-16 0
2,0,2,0,0,0,0 -0.1666666666666711 0.057791329323747996 0
2,1,0,0,0,0,1 -3.9368898309983114e-15 5.706249418909196e-16 0
2,1,0,0,0,1,0 -7.0052559533332163e-15 2.1261469054787433e-15 0
2,1,0,0,1,0,0 1.3201315003831919e-15 2.0983445246690096e-16 0
2,1,0,1,0,0,0 -1.7612061504805622e-15 4.7818157921911046e-16 0
2,1,1,0,0,0,0 4.1521865900734429e-16 9.8762158936272278e-17 0
2,2,0,0,0,0,0 -4.3937293039975067e-17 1.5420065398175087e-16 0
3,0,0,0,0,0,1 2.277349722646857e-15 -1.0821150833034698e-15 0
3,0,0,0,0,1,0 7.9900312982637139e-15 -1.810346577507671e-15 0
3,0,0,0,1,0,0 -2.878961437939565e-15 2.7798511715725234e-15 0
3,0,0,1,0,0,0 -3.5446634776697961e-16 7.5702383814726937e-16 0
3,0,1,0,0,0,0 1.3605212605388023e-15 1.8313868759174678e-16 0
3,1,0,0,0,0,0 3.7506443212509225e-15 -1.1829554953227137e-15 0
4,0,0,0,0,0,0 -1.0387995124467794e-15 1.736078728692414e-17 0
