# sectors lambda 1.9614068619764455 2.1995688493332102 2.298606272079097 2.3421820411462999
0,0,0,0,0,0,4 2.4330852003290326e-16 4.2470909601688422e-16 0
0,0,0,0,0,1,3 -7.0002190892884397e-15 1.1519377032115363e-15 0
0,0,0,0,0,2,2 -0.33333333333334331 0.12891078647848606 0
0,0,0,0,0,3,1 -1.9574050496781736e-15 1.7730771278284818e-15 0
0,0,0,0,0,4,0 -0.041666666666668843 0.015962543556106008 0
0,0,0,0,1,0,3 5.4802735225821693e-15 -1.1656350730015856e-15 0
0,0,0,0,1,1,2 7.864675504267761e-15 -1.9624398135166532e-15 0
0,0,0,0,1,2,1 6.0894791000052489e-15 -1.2344692054602063e-15 0
0,0,0,0,1,3,0 1.3288218995207574e-15 -1.9359886686397959e-15 0
0,0,0,0,2,0,2 -0.33333333333333759 0.12891078647848367 0
0,0,0,0,2,1,1 -4.418342863834855e-15 8.0324335558450274e-16 0
0,0,0,0,2,2,0 -0.083333333333336715 0.031925087112210794 0
0,0,0,0,3,0,1 1.4270734920277842e-15 -1.2192541362627733e-15 0
0,0,0,0,3,1,0 3.2147573299732102e-15 -2.6659483069253817e-15 0
0,0,0,0,4,0,0 -0.041666666666664909 0.015962543556105172 0
0,0,0,1,0,0,3 4.6051487276321801e-17 -3.0703250272073879e-16 0
0,0,0,1,0,1,2 -1.5065531287772327e-15 6.15528678374333e-16 0
0,0,0,1,0,2,1 -3.079025749641584e-15 7.274454476291492e-16 0
0,0,0,1,0,3,0 -4.6509969270011609e-15 7.5324945933430421e-17 0
0,0,0,1,1,0,2 2.3597092772072344e-15 -9.3612048451471863e-16 0
0,0,0,1,1,1,1 -1.4142135623730934 0.53851858480402282 0
0,0,0,1,1,2,0 -4.2387222746499698e-17 -5.3581610177412531e-16 0
0,0,0,1,2,0,1 -1.045978291375305e-14 3.0145685540587815e-16 0
0,0,0,1,2,1,0 -3.043882829116036e-15 -5.3464719630691437e-16 0
0,0,0,1,3,0,0 4.3551457960243964e-15 -1.645866412741742e-15 0
0,0,0,2,0,0,2 -0.33333333333334048 0.12615974695776536 0
0,0,0,2,0,1,1 -1.3095806990909287e-15 1.42054879144482e-15 0
0,0,0,2,0,2,0 -0.16666666666666852 0.062474654464062467 0
0,0,0,2,1,0,1 3.0292642580562884e-15 -1.5481271998943683e-15 0
0,0,0,2,1,1,0 1.1497523582076202e-15 3.6335511151546623e-16 0
0,0,0,2,2,0,0 -0.16666666666665897 0.06247465446405949 0
0,0,0,3,0,0,1 -1.6664187391102203e-16 1.2389720326078102e-16 0
0,0,0,3,0,1,0 -3.8098864341140626e-15 -2.4858045309661403e-16 0
0,0,0,3,1,0,0 3.3052919667757308e-17 -1.0742093012902718e-15 0
0,0,0,4,0,0,0 1.3543531666168965e-15 -5.6883344605809794e-16 0
0,0,1,0,0,0,3 -3.5358543350183513e-17 -6.3707042028890437e-16 0
0,0,1,0,0,1,2 -3.4204545662844255e-15 3.0089320791903962e-16 0
0,0,1,0,0,2,1 0.70710678118655046 -0.26925929240201213 0
0,0,1,0,0,3,0 -9.6514322141943998e-16 4.4758576185632837e-16 0
0,0,1,0,1,0,2 -8.9239359445884153e-15 2.2976420909642283e-15 0
0,0,1,0,1,1,1 4.9265519913360353e-15 5.1189589134366387e-16 0
0,0,1,0,1,2,0 -1.2083071529282469e-14 3.437507033578549e-15 0
0,0,1,0,2,0,1 -0.70710678118653469 0.26925929240201202 0
0,0,1,0,2,1,0 -7.911625402333544e-15 8.6029758908742109e-16 0
0,0,1,0,3,0,0 -7.2659272839421003e-15 1.8344439716797026e-15 0
0,0,1,1,0,0,2 -4.0596052994917864e-15 1.3873722049667636e-15 0
0,0,1,1,0,1,1 -2.9898772260089634e-15 8.8270319872907343e-16 0
0,0,1,1,0,2,0 4.95968283803494e-16 6.9711489185386721e-16 0
0,0,1,1,1,0,1 -2.4931466125529406e-15 -1.1547600169917877e-16 0
0,0,1,1,1,1,0 -9.1052145478279917e-16 -1.033702068170203e-16 0
0,0,1,1,2,0,0 -1.0650234672053154e-15 1.7242161910847951e-15 0
0,0,1,2,0,0,1 2.324421037591673e-15 -6.047544192852583e-16 0
0,0,1,2,0,1,0 -3.7127283669322053e-15 6.7017246786760243e-16 0
0,0,1,2,1,0,0 -9.336279206608334e-15 2.6711599037808516e-15 0
0,0,1,3,0,0,0 -5.3632872611380361e-15 9.5585296405395481e-16 0
0,0,2,0,0,0,2 -0.33333333333334003 0.12615974695776641 0
0,0,2,0,0,1,1 -4.4257132680858291e-15 1.1474789217771897e-15 0
0,0,2,0,0,2,0 -0.16666666666667918 0.062474654464062238 0
0,0,2,0,1,0,1 -1.6614267504355771e-15 -9.8128766939410694e-16 0
0,0,2,0,1,1,0 5.1656795567412914e-15 -1.9172522998465308e-15 0
0,0,2,0,2,0,0 -0.16666666666666655 0.062474654464060753 0
0,0,2,1,0,0,1 2.0290708132794655e-15 3.679782173415802e-16 0
0,0,2,1,0,1,0 -3.8267525541597902e-15 4.8486876406267365e-16 0
0,0,2,1,1,0,0 4.4794236272712243e-15 -1.1997370429745174e-15 0
0,0,2,2,0,0,0 -1.0253028894652294e-15 -2.024239337348327e-16 0
0,0,3,0,0,0,1 2.9118790440939984e-15 4.7783500246867394e-16 0
0,0,3,0,0,1,0 -2.917703242639319e-15 9.4566993396206361e-16 0
0,0,3,0,1,0,0 -1.024628783588113e-14 3.1426085954645833e-15 0
0,0,3,1,0,0,0 -2.856049408474573e-15 1.1491797639352763e-15 0
0,0,4,0,0,0,0 -6.0149395653721601e-15 9.2703245626539043e-16 0
0,1,0,0,0,0,3 -3.1683341626941773e-15 2.3342500689530261e-16 0
0,1,0,0,0,1,2 -1.0131534689110731e-14 2.0933517888344727e-15 0
0,1,0,0,0,2,1 -5.1760189369358215e-15 1.6908412660137979e-15 0
0,1,0,0,0,3,0 0.166666666666658 -0.06150851165426062 0
0,1,0,0,1,0,2 -6.6266298079017193e-15 7.1409141819961241e-16 0
0,1,0,0,1,1,1 -4.6913653111319929e-15 8.1010104781819227e-16 0
0,1,0,0,1,2,0 1.279851013430611e-15 -4.7005608629897338e-16 0
0,1,0,0,2,0,1 -3.4122004202480775e-15 1.0632762017143173e-15 0
0,1,0,0,2,1,0 -0.50000000000000677 0.18452553496278631 0
0,1,0,0,3,0,0 1.4458920276000527e-15 -2.8172994823855811e-16 0
0,1,0,1,0,0,2 2.8775247030035597e-15 -1.3346862911145715e-16 0
0,1,0,1,0,1,1 -1.5008968657710182e-15 8.8042659034567561e-16 0
0,1,0,1,0,2,0 -3.0003205911824438e-15 5.889898538075978e-17 0
0,1,0,1,1,0,1 -0.94280904158207102 0.3457659460084746 0
0,1,0,1,1,1,0 -3.6869087900682144e-15 1.3508502954087096e-15 0
0,1,0,1,2,0,0 -2.924743177005421e-15 8.6204834926068772e-16 0
0,1,0,2,0,0,1 -2.3316549608232164e-15 2.059223708757257e-15 0
0,1,0,2,0,1,0 -0.33333333333334236 0.12026598378780799 0
0,1,0,2,1,0,0 2.3203096800256836e-16 -1.7079049488676364e-15 0
0,1,0,3,0,0,0 -1.1781268508726928e-15 -7.8040626376456208e-17 0
0,1,1,0,0,0,2 -5.1757174569032603e-15 6.3841681689405199e-16 0
0,1,1,0,0,1,1 -0.94280904158204071 0.34576594600847615 0
0,1,1,0,0,2,0 -3.8150640088709777e-15 4.1234869080396742e-16 0
0,1,1,0,1,0,1 5.8096036327525918e-15 -2.9318772281986155e-16 0
0,1,1,0,1,1,0 5.8982279293595991e-16 -1.1975235312217739e-15 0
0,1,1,0,2,0,0 -4.7904385304839867e-15 6.1062220277066868e-16 0
0,1,1,1,0,0,1 -4.202516007530128e-15 8.9604107155541565e-16 0
0,1,1,1,0,1,0 1.3917910742184565e-15 2.6113264998481885e-16 0
0,1,1,1,1,0,0 -0.66666666666666741 0.24053196757561029 0
0,1,1,2,0,0,0 4.4638864378199639e-16 1.897789415768353e-16 0
0,1,2,0,0,0,1 -3.9238621454066691e-15 8.4827928727117145e-16 0
0,1,2,0,0,1,0 0.33333333333333182 -0.12026598378780405 0
0,1,2,0,1,0,0 5.5858486029475532e-16 2.1798917291127402e-15 0
0,1,2,1,0,0,0 -6.5112089171116408e-15 1.5151809135638365e-15 0
0,1,3,0,0,0,0 -8.6561245566943084e-16 -3.417162166025173e-17 0
0,2,0,0,0,0,2 -5.3418641038360803e-16 7.7994793783175975e-16 0
0,2,0,0,0,1,1 -8.1209453224595496e-15 1.5114049334991053e-15 0
0,2,0,0,0,2,0 -0.16666666666666743 0.059166849084106514 0
0,2,0,0,1,0,1 3.4360535250410607e-15 -1.0078743395425249e-15 0
0,2,0,0,1,1,0 1.3588305827760827e-15 -1.3615952983159207e-15 0
0,2,0,0,2,0,0 -0.1666666666666686 0.059166849084103891 0
0,2,0,1,0,0,1 2.8451633410364607e-15 7.0706244678642172e-16 0
0,2,0,1,0,1,0 -4.1454470064983262e-15 4.1145472445824893e-16 0
0,2,0,1,1,0,0 1.9619722513297688e-15 -4.9580565347762118e-16 0
0,2,0,2,0,0,0 -0.16666666666666788 0.05779132932374581 0
0,2,1,0,0,0,1 -1.4315805485498601e-15 7.3931746141786547e-16 0
0,2,1,0,0,1,0 -4.6154486482707924e-15 1.1561660916842298e-15 0
0,2,1,0,1,0,0 -1.1810864786188091e-14 3.488312069754862e-15 0
0,2,1,1,0,0,0 -4.7574791328663935e-15 1.1891529427821013e-15 0
0,2,2,0,0,0,0 -0.16666666666667335 0.057791329323745901 0
0,3,0,0,0,0,1 -1.8711161092754836e-15 2.1647180575845582e-15 0
0,3,0,0,0,1,0 -6.8991036841770104e-15 1.5955254695568244e-15 0
0,3,0,0,1,0,0 -9.9226182825873366e-16 2.4914965923716892e-16 0
0,3,0,1,0,0,0 -9.0118884576995129e-16 2.2437563959587514e-16 0
0,3,1,0,0,0,0 -1.3105835861004778e-15 1.7011132086297565e-16 0
0,4,0,0,0,0,0 9.3718435789647003e-16 3.7570315782053942e-16 0
1,0,0,0,0,0,3 3.6877781644378826e-15 -9.4198195250971839e-16 0
1,0,0,0,0,1,2 9.9472838820113818e-15 -1.2674594446898668e-15 0
1,0,0,0,0,2,1 7.2580288133783366e-15 -8.8633527600689987e-16 0
1,0,0,0,0,3,0 8.0989089133037817e-15 -1.7545779282604479e-15 0
1,0,0,0,1,0,2 8.409540459017404e-15 -1.6694511170613907e-16 0
1,0,0,0,1,1,1 -1.2914118423723239e-15 -1.0889320044629724e-15 0
1,0,0,0,1,2,0 0.50000000000000022 -0.1845255349627804 0
1,0,0,0,2,0,1 -7.7477838987554835e-17 -3.78610386653753e-16 0
1,0,0,0,2,1,0 5.9570565630699126e-15 -2.2837461978271662e-15 0
1,0,0,0,3,0,0 -0.16666666666666727 0.061508511654263721 0
1,0,0,1,0,0,2 3.717200700893708e-15 -5.1925152545762021e-16 0
1,0,0,1,0,1,1 0.94280904158205714 -0.34576594600847782 0
1,0,0,1,0,2,0 2.7333549919988931e-15 7.1673895117585484e-16 0
1,0,0,1,1,0,1 3.0893273643460908e-15 2.9976326596740238e-16 0
1,0,0,1,1,1,0 -3.8179671284308686e-16 1.0689318625124039e-15 0
1,0,0,1,2,0,0 3.9654419172949467e-16 5.2331405429132945e-16 0
1,0,0,2,0,0,1 2.0056249412994664e-15 -1.0068714525329758e-15 0
1,0,0,2,0,1,0 5.2318311358559577e-15 -1.8481852333274151e-15 0
1,0,0,2,1,0,0 0.3333333333333241 -0.12026598378780476 0
1,0,0,3,0,0,0 1.0185062970964609e-15 4.3700123814743863e-16 0
1,0,1,0,0,0,2 3.2634214341270562e-15 -9.4633231372681648e-16 0
1,0,1,0,0,1,1 -7.4850607482968012e-16 -5.6823035859965287e-16 0
1,0,1,0,0,2,0 2.6101896252045398e-15 2.617724830303314e-15 0
1,0,1,0,1,0,1 -0.94280904158205714 0.34576594600847366 0
1,0,1,0,1,1,0 -3.9211831752514886e-15 3.685084599665614e-16 0
1,0,1,0,2,0,0 -2.0325714416317899e-15 -2.3683761183235404e-16 0
1,0,1,1,0,0,1 7.7992625378831004e-15 2.9815559743351372e-18 0
1,0,1,1,0,1,0 -0.66666666666666707 0.24053196757560988 0
1,0,1,1,1,0,0 3.8112137347424101e-15 -7.3716091553415602e-16 0
1,0,1,2,0,0,0 3.3159849107018691e-15 -3.8654517954539447e-16 0
1,0,2,0,0,0,1 -4.748534464943388e-16 -3.1290752324289461e-16 0
1,0,2,0,0,1,0 6.9826008039855503e-15 -1.4060340348606704e-15 0
1,0,2,0,1,0,0 -0.33333333333333498 0.12026598378780597 0
1,0,2,1,0,0,0 1.5763554198945651e-15 -4.2412633734917327e-16 0
1,0,3,0,0,0,0 -7.1524054989216199e-16 -8.14269712854504e-17 0
1,1,0,0,0,0,2 4.2730673835339812e-15 -1.7582207849362554e-15 0
1,1,0,0,0,1,1 8.7252400803597077e-15 -5.4207837569959136e-16 0
1,1,0,0,0,2,0 3.6635367606651937e-15 -6.7450663288522484e-16 0
1,1,0,0,1,0,1 -1.5094458801426723e-15 -6.5613321428185238e-16 0
1,1,0,0,1,1,0 1.7484704287622456e-15 8.7476395504335078e-16 0
1,1,0,0,2,0,0 6.8632161276997852e-15 -6.4065444935746131e-16 0
1,1,0,1,0,0,1 9.3604043249484397e-15 3.184995433974644e-16 0
1,1,0,1,0,1,0 6.1522952891181374e-16 -8.6062050596264674e-16 0
1,1,0,1,1,0,0 5.1904914624703071e-15 -2.8615133555094093e-16 0
1,1,0,2,0,0,0 7.306263734263864e-15 -2.4542206850740306e-16 0
1,1,1,0,0,0,1 6.2807804063020404e-15 -5.4495483867966489e-16 0
1,1,1,0,0,1,0 1.128566132308552e-15 -1.1914719989996118e-16 0
1,1,1,0,1,0,0 -4.4673570342565347e-15 -1.0118721305497475e-15 0
1,1,1,1,0,0,0 -3.6877901623038437e-15 4.2147932454903048e-16 0
1,1,2,0,0,0,0 6.1879172438717848e-15 -1.0831493776224341e-15 0
1,2,0,0,0,0,1 3.7999117741271959e-15 -8.5725155272997622e-16 0
1,2,0,0,0,1,0 6.043586854923011e-15 -1.4880810342635109e-15 0
1,2,0,0,1,0,0 -4.0115480381963664e-17 6.0119010464321221e-17 0
1,2,0,1,0,0,0 -1.8726339923169633e-15 -4.4224606615683726e-16 0
1,2,1,0,0,0,0 1.9576354426398268e-15 -5.1158079508728527e-16 0
1,3,0,0,0,0,0 2.3193252873809911e-15 -8.6104626033367548e-16 0
2,0,0,0,0,0,2 2.2518879122523927e-16 1.2112706671008056e-15 0
2,0,0,0,0,1,1 -9.9211003995458569e-15 1.406562583419757e-15 0
2,0,0,0,0,2,0 -0.16666666666666971 0.059166849084106098 0
2,0,0,0,1,0,1 4.6958812028761662e-15 -2.4241727196580229e-15 0
2,0,0,0,1,1,0 -5.0884487866765388e-16 -8.7876957772202446e-16 0
2,0,0,0,2,0,0 -0.16666666666666269 0.059166849084103343 0
2,0,0,1,0,0,1 -5.3730891264036629e-15 9.5604947569771781e-16 0
2,0,0,1,0,1,0 -5.6255591547940687e-15 8.7672653425324709e-16 0
2,0,0,1,1,0,0 1.821871307788013e-15 -1.3908458870834535e-15 0
2,0,0,2,0,0,0 -0.16666666666666533 0.0577913293237452 0
2,0,1,0,0,0,1 1.9598173995119539e-15 -1.4213009567019819e-15 0
2,0,1,0,0,1,0 -4.6892557111627431e-15 6.3850021190386963e-16 0
2,0,1,0,1,0,0 -9.985757389025093e-15 2.0769878906221149e-15 0
2,0,1,1,0,0,0 -3.7276903569125053e-16 6.6739419980060832e-17 0
2,0,2,0,0,0,0 -0.1666666666666711 0.057791329323748045 0
2,1,0,0,0,0,1 -3.9368898309983114e-15 3.6288874433092017e-16 0
2,1,0,0,0,1,0 -7.0052559533332163e-15 1.7988614803697891e-15 0
2,1,0,0,1,0,0 1.3201315003831919e-15 1.3340190597035878e-16 0
2,1,0,1,0,0,0 -1.7612061504805622e-15 4.152071036412342e-16 0
2,1,1,0,0,0,0 4.1521865900734429e-16 -5.6210146303236011e-17 0
2,2,0,0,0,0,0 -4.3937293039975067e-17 1.3587763726674584e-16 0
3,0,0,0,0,0,1 2.277349722646857e-15 -1.3987156701963932e-15 0
3,0,0,0,0,1,0 7.9900312982637139e-15 -1.481609702546488e-15 0
3,0,0,0,1,0,0 -2.878961437939565e-15 2.9368267054894794e-15 0
3,0,0,1,0,0,0 -3.5446634776697961e-16 5.6111189371092773e-16 0
3,0,1,0,0,0,0 1.3605212605388023e-15 1.6105484459093267e-16 0
3,1,0,0,0,0,0 3.7506443212509225e-15 -1.3533563113384138e-15 0
4,0,0,0,0,0,0 -1.0387995124467794e-15 1.301271305878364e-16 0
