# sectors lambda 1.9614068619764455 2.1995688493332102 2.298606272079097 2.3421820411462999
0,0,0,0,0,0,4 2.4330852003290326e-16 3.5536759082285818e-16 0
0,0,0,0,0,1,3 -7.0002190892884397e-15 1.5005629117742503e-15 0
0,0,0,0,0,2,2 -0.33333333333334331 0.12891078647848686 0
0,0,0,0,0,3,1 -1.9574050496781736e-15 1.8357982235067682e-15 0
0,0,0,0,0,4,0 -0.041666666666668843 0.015962543556106341 0
0,0,0,0,1,0,3 5.4802735225821693e-15 -1.2525474296534549e-15 0
0,0,0,0,1,1,2 7.864675504267761e-15 -1.9116178366813952e-15 0
0,0,0,0,1,2,1 6.0894791000052489e-15 -1.3899166919403155e-15 0
0,0,0,0,1,3,0 1.3288218995207574e-15 -1.7652539315276411e-15 0
0,0,0,0,2,0,2 -0.33333333333333759 0.12891078647848295 0
0,0,0,0,2,1,1 -4.418342863834855e-15 9.6114384947986039e-16 0
0,0,0,0,2,2,0 -0.083333333333336715 0.031925087112210489 0
0,0,0,0,3,0,1 1.4270734920277842e-15 -1.0877133076859695e-15 0
0,0,0,0,3,1,0 3.2147573299732102e-15 -1.5886308182351602e-15 0
0,0,0,0,4,0,0 -0.041666666666664909 0.015962543556104908 0
0,0,0,1,0,0,3 4.6051487276321801e-17 9.3336254523845863e-17 0
0,0,0,1,0,1,2 -1.5065531287772327e-15 1.165652860693478e-15 0
0,0,0,1,0,2,1 -3.079025749641584e-15 1.8501910073465133e-16 0
0,0,0,1,0,3,0 -4.6509969270011609e-15 5.4898577003803517e-16 0
0,0,0,1,1,0,2 2.3597092772072344e-15 -8.3770203230734697e-16 0
0,0,0,1,1,1,1 -1.4142135623730934 0.53851858480402215 0
0,0,0,1,1,2,0 -4.2387222746499698e-17 -4.8792485893636717e-17 0
0,0,0,1,2,0,1 -1.045978291375305e-14 -3.1068369117943765e-16 0
0,0,0,1,2,1,0 -3.043882829116036e-15 -1.9691821957767974e-16 0
0,0,0,1,3,0,0 4.3551457960243964e-15 -1.495379151200754e-15 0
0,0,0,2,0,0,2 -0.33333333333334048 0.12615974695776605 0
0,0,0,2,0,1,1 -1.3095806990909287e-15 1.3912753327877114e-15 0
0,0,0,2,0,2,0 -0.16666666666666852 0.062474654464062772 0
0,0,0,2,1,0,1 3.0292642580562884e-15 -6.35716861639192e-16 0
0,0,0,2,1,1,0 1.1497523582076202e-15 -1.3043646702017367e-15 0
0,0,0,2,2,0,0 -0.16666666666665897 0.06247465446405976 0
0,0,0,3,0,0,1 -1.6664187391102203e-16 4.725088592963389e-17 0
0,0,0,3,0,1,0 -3.8098864341140626e-15 1.0905176501402325e-15 0
0,0,0,3,1,0,0 3.3052919667757308e-17 -1.3284953683195908e-15 0
0,0,0,4,0,0,0 1.3543531666168965e-15 -4.8616303040607822e-16 0
0,0,1,0,0,0,3 -3.5358543350183513e-17 1.7435326186282518e-17 0
0,0,1,0,0,1,2 -3.4204545662844255e-15 5.8072578863754831e-16 0
0,0,1,0,0,2,1 0.70710678118655046 -0.26925929240201196 0
0,0,1,0,0,3,0 -9.6514322141943998e-16 1.4040418133687282e-16 0
0,0,1,0,1,0,2 -8.9239359445884153e-15 2.1056840963256697e-15 0
0,0,1,0,1,1,1 4.9265519913360353e-15 -3.2521660603239411e-16 0
0,0,1,0,1,2,0 -1.2083071529282469e-14 3.3354565040933509e-15 0
0,0,1,0,2,0,1 -0.70710678118653469 0.26925929240201224 0
0,0,1,0,2,1,0 -7.911625402333544e-15 1.1472859041443341e-15 0
0,0,1,0,3,0,0 -7.2659272839421003e-15 2.4308635867639785e-15 0
0,0,1,1,0,0,2 -4.0596052994917864e-15 1.2908240015069294e-15 0
0,0,1,1,0,1,1 -2.9898772260089634e-15 2.62756396501862e-16 0
0,0,1,1,0,2,0 4.95968283803494e-16 2.4373677989103504e-15 0
0,0,1,1,1,0,1 -2.4931466125529406e-15 5.9337537867184403e-16 0
0,0,1,1,1,1,0 -9.1052145478279917e-16 5.7479825207266272e-16 0
0,0,1,1,2,0,0 -1.0650234672053154e-15 1.2718870447238427e-15 0
0,0,1,2,0,0,1 2.324421037591673e-15 2.0579512486490481e-16 0
0,0,1,2,0,1,0 -3.7127283669322053e-15 9.4143985142347564e-16 0
0,0,1,2,1,0,0 -9.336279206608334e-15 2.6217202847155126e-15 0
0,0,1,3,0,0,0 -5.3632872611380361e-15 8.4249962692059532e-16 0
0,0,2,0,0,0,2 -0.33333333333334003 0.1261597469577663 0
0,0,2,0,0,1,1 -4.4257132680858291e-15 1.2650064372746184e-15 0
0,0,2,0,0,2,0 -0.16666666666667918 0.062474654464062696 0
0,0,2,0,1,0,1 -1.6614267504355771e-15 -9.0495983645112743e-16 0
0,0,2,0,1,1,0 5.1656795567412914e-15 -9.8790130264626852e-16 0
0,0,2,0,2,0,0 -0.16666666666666655 0.062474654464060524 0
0,0,2,1,0,0,1 2.0290708132794655e-15 4.7520581220039659e-16 0
0,0,2,1,0,1,0 -3.8267525541597902e-15 7.7630230802677724e-16 0
0,0,2,1,1,0,0 4.4794236272712243e-15 -1.132299667845919e-15 0
0,0,2,2,0,0,0 -1.0253028894652294e-15 5.7350906792694167e-17 0
0,0,3,0,0,0,1 2.9118790440939984e-15 4.9602249391211828e-18 0
0,0,3,0,0,1,0 -2.917703242639319e-15 1.3051913743582569e-15 0
0,0,3,0,1,0,0 -1.024628783588113e-14 2.994614998920312e-15 0
0,0,3,1,0,0,0 -2.856049408474573e-15 8.5118679682763543e-16 0
0,0,4,0,0,0,0 -6.0149395653721601e-15 7.6895577951700388e-16 0
0,1,0,0,0,0,3 -3.1683341626941773e-15 3.3620059658335039e-16 0
0,1,0,0,0,1,2 -1.0131534689110731e-14 2.4114702587688757e-15 0
0,1,0,0,0,2,1 -5.1760189369358215e-15 1.5257647089893018e-15 0
0,1,0,0,0,3,0 0.166666666666658 -0.061508511654260446 0
0,1,0,0,1,0,2 -6.6266298079017193e-15 6.1570007104655288e-16 0
0,1,0,0,1,1,1 -4.6913653111319929e-15 7.4832862904083066e-16 0
0,1,0,0,1,2,0 1.279851013430611e-15 -1.2996896984458277e-16 0
0,1,0,0,2,0,1 -3.4122004202480775e-15 1.9432688950121772e-15 0
0,1,0,0,2,1,0 -0.50000000000000677 0.18452553496278681 0
0,1,0,0,3,0,0 1.4458920276000527e-15 -1.7509866457460875e-16 0
0,1,0,1,0,0,2 2.8775247030035597e-15 -1.1156774522724996e-16 0
0,1,0,1,0,1,1 -1.5008968657710182e-15 1.2238205234261471e-15 0
0,1,0,1,0,2,0 -3.0003205911824438e-15 7.5162017968042347e-17 0
0,1,0,1,1,0,1 -0.94280904158207102 0.34576594600847499 0
0,1,0,1,1,1,0 -3.6869087900682144e-15 1.4424653789837347e-15 0
0,1,0,1,2,0,0 -2.924743177005421e-15 5.9750301917422464e-16 0
0,1,0,2,0,0,1 -2.3316549608232164e-15 1.3190930957100274e-15 0
0,1,0,2,0,1,0 -0.33333333333334236 0.12026598378780866 0
0,1,0,2,1,0,0 2.3203096800256836e-16 -4.8237702319864648e-16 0
0,1,0,3,0,0,0 -1.1781268508726928e-15 1.5874912809437797e-16 0
0,1,1,0,0,0,2 -5.1757174569032603e-15 9.0385661377281551e-16 0
0,1,1,0,0,1,1 -0.94280904158204071 0.34576594600847593 0
0,1,1,0,0,2,0 -3.8150640088709777e-15 6.8852208919033754e-16 0
0,1,1,0,1,0,1 5.8096036327525918e-15 2.0619579782696179e-16 0
0,1,1,0,1,1,0 5.8982279293595991e-16 -8.3073793626992785e-16 0
0,1,1,0,2,0,0 -4.7904385304839867e-15 2.6020806062335359e-16 0
0,1,1,1,0,0,1 -4.202516007530128e-15 3.5090421922970397e-16 0
0,1,1,1,0,1,0 1.3917910742184565e-15 -4.6159651819401841e-16 0
0,1,1,1,1,0,0 -0.66666666666666741 0.2405319675756106 0
0,1,1,2,0,0,0 4.4638864378199639e-16 7.6906816233584034e-16 0
0,1,2,0,0,0,1 -3.9238621454066691e-15 9.7545620210372122e-16 0
0,1,2,0,0,1,0 0.33333333333333182 -0.12026598378780377 0
0,1,2,0,1,0,0 5.5858486029475532e-16 1.6232623337586821e-15 0
0,1,2,1,0,0,0 -6.5112089171116408e-15 1.4323478675859439e-15 0
0,1,3,0,0,0,0 -8.6561245566943084e-16 3.6470635759716536e-16 0
0,2,0,0,0,0,2 -5.3418641038360803e-16 8.398365553344278e-16 0
0,2,0,0,0,1,1 -8.1209453224595496e-15 1.4441572937506919e-15 0
0,2,0,0,0,2,0 -0.16666666666666743 0.059166849084105987 0
0,2,0,0,1,0,1 3.4360535250410607e-15 -7.1123662515049091e-16 0
0,2,0,0,1,1,0 1.3588305827760827e-15 -1.2846711541780742e-15 0
0,2,0,0,2,0,0 -0.1666666666666686 0.059166849084103329 0
0,2,0,1,0,0,1 2.8451633410364607e-15 6.1176107582494588e-16 0
0,2,0,1,0,1,0 -4.1454470064983262e-15 1.1736488517155585e-17 0
0,2,0,1,1,0,0 1.9619722513297688e-15 7.3086068447247854e-16 0
0,2,0,2,0,0,0 -0.16666666666666788 0.057791329323746123 0
0,2,1,0,0,0,1 -1.4315805485498601e-15 1.1409059461064963e-15 0
0,2,1,0,0,1,0 -4.6154486482707924e-15 1.1683091560160674e-15 0
0,2,1,0,1,0,0 -1.1810864786188091e-14 3.5689767113877835e-15 0
0,2,1,1,0,0,0 -4.7574791328663935e-15 7.3639011555215461e-16 0
0,2,2,0,0,0,0 -0.16666666666667335 0.057791329323745963 0
0,3,0,0,0,0,1 -1.8711161092754836e-15 1.0217521273503394e-15 0
0,3,0,0,0,1,0 -6.8991036841770104e-15 1.934636804055978e-15 0
0,3,0,0,1,0,0 -9.9226182825873366e-16 5.4166740537375802e-16 0
0,3,0,1,0,0,0 -9.0118884576995129e-16 1.3612158275555508e-16 0
0,3,1,0,0,0,0 -1.3105835861004778e-15 1.4842727741326556e-16 0
0,4,0,0,0,0,0 9.3718435789647003e-16 1.7954387976359953e-16 0
1,0,0,0,0,0,3 3.6877781644378826e-15 -7.5097263477208465e-16 0
1,0,0,0,0,1,2 9.9472838820113818e-15 -1.5051165608986894e-15 0
1,0,0,0,0,2,1 7.2580288133783366e-15 -1.1040430722419892e-15 0
1,0,0,0,0,3,0 8.0989089133037817e-15 -1.6685871434551913e-15 0
1,0,0,0,1,0,2 8.409540459017404e-15 -4.5116871122321406e-16 0
1,0,0,0,1,1,1 -1.2914118423723239e-15 -8.3062083686830102e-16 0
1,0,0,0,1,2,0 0.50000000000000022 -0.18452553496278201 0
1,0,0,0,2,0,1 -7.7477838987554835e-17 -6.7036919126960224e-16 0
1,0,0,0,2,1,0 5.9570565630699126e-15 -2.2608153218790978e-15 0
1,0,0,0,3,0,0 -0.16666666666666727 0.061508511654262903 0
1,0,0,1,0,0,2 3.717200700893708e-15 -1.8043834655590008e-16 0
1,0,0,1,0,1,1 0.94280904158205714 -0.3457659460084746 0
1,0,0,1,0,2,0 2.7333549919988931e-15 9.695206876908502e-16 0
1,0,0,1,1,0,1 3.0893273643460908e-15 9.0426018723669538e-16 0
1,0,0,1,1,1,0 -3.8179671284308686e-16 2.3134875363085144e-15 0
1,0,0,1,2,0,0 3.9654419172949467e-16 -2.821959085204666e-17 0
1,0,0,2,0,0,1 2.0056249412994664e-15 -1.6233488078082337e-15 0
1,0,0,2,0,1,0 5.2318311358559577e-15 -1.5394044546035435e-15 0
1,0,0,2,1,0,0 0.3333333333333241 -0.12026598378780483 0
1,0,0,3,0,0,0 1.0185062970964609e-15 5.6000397461591911e-16 0
1,0,1,0,0,0,2 3.2634214341270562e-15 -1.0363753041517376e-15 0
1,0,1,0,0,1,1 -7.4850607482968012e-16 -6.2992146221407808e-16 0
1,0,1,0,0,2,0 2.6101896252045398e-15 3.2490828603959354e-16 0
1,0,1,0,1,0,1 -0.94280904158205714 0.34576594600847438 0
1,0,1,0,1,1,0 -3.9211831752514886e-15 1.1762407725341567e-16 0
1,0,1,0,2,0,0 -2.0325714416317899e-15 -5.6247773433837529e-16 0
1,0,1,1,0,0,1 7.7992625378831004e-15 -1.2392430831509316e-16 0
1,0,1,1,0,1,0 -0.66666666666666707 0.24053196757561093 0
1,0,1,1,1,0,0 3.8112137347424101e-15 -1.9061460038421324e-16 0
1,0,1,2,0,0,0 3.3159849107018691e-15 -4.4200212066802802e-16 0
1,0,2,0,0,0,1 -4.748534464943388e-16 -7.857280906638231e-16 0
1,0,2,0,0,1,0 6.9826008039855503e-15 -1.4113466255058493e-15 0
1,0,2,0,1,0,0 -0.33333333333333498 0.12026598378780566 0
1,0,2,1,0,0,0 1.5763554198945651e-15 -1.2440000201827117e-15 0
1,0,3,0,0,0,0 -7.1524054989216199e-16 9.326273206402419e-16 0
1,1,0,0,0,0,2 4.2730673835339812e-15 -8.2664717328239782e-16 0
1,1,0,0,0,1,1 8.7252400803597077e-15 -5.9790123505543877e-16 0
1,1,0,0,0,2,0 3.6635367606651937e-15 -1.1856537471035159e-15 0
1,1,0,0,1,0,1 -1.5094458801426723e-15 -5.3822622802405377e-16 0
1,1,0,0,1,1,0 1.7484704287622456e-15 8.0765184056649806e-16 0
1,1,0,0,2,0,0 6.8632161276997852e-15 -9.6016882958893937e-16 0
1,1,0,1,0,0,1 9.3604043249484397e-15 -9.1816768779674749e-17 0
1,1,0,1,0,1,0 6.1522952891181374e-16 -3.5917700118810099e-16 0
1,1,0,1,1,0,0 5.1904914624703071e-15 -6.4068544595370088e-16 0
1,1,0,2,0,0,0 7.306263734263864e-15 -1.1877021766145551e-15 0
1,1,1,0,0,0,1 6.2807804063020404e-15 -7.3620810190610787e-16 0
1,1,1,0,0,1,0 1.128566132308552e-15 2.7506871001576823e-16 0
1,1,1,0,1,0,0 -4.4673570342565347e-15 -5.5910930331980077e-16 0
1,1,1,1,0,0,0 -3.6877901623038437e-15 1.1009646061119362e-16 0
1,1,2,0,0,0,0 6.1879172438717848e-15 -7.2883210765417129e-16 0
1,2,0,0,0,0,1 3.7999117741271959e-15 -7.6097439981326342e-16 0
1,2,0,0,0,1,0 6.043586854923011e-15 -1.6636946811518505e-15 0
1,2,0,0,1,0,0 -4.0115480381963664e-17 4.027811070783649e-17 0
1,2,0,1,0,0,0 -1.8726339923169633e-15 -2.8427780962569926e-16 0
1,2,1,0,0,0,0 1.9576354426398268e-15 -8.8741947817938538e-17 0
1,3,0,0,0,0,0 2.3193252873809911e-15 -1.0362804364616451e-15 0
2,0,0,0,0,0,2 2.2518879122523927e-16 6.7914424084491998e-16 0
2,0,0,0,0,1,1 -9.9211003995458569e-15 9.6529229921815674e-16 0
2,0,0,0,0,2,0 -0.16666666666666971 0.059166849084106111 0
2,0,0,0,1,0,1 4.6958812028761662e-15 -1.8608212708345548e-15 0
2,0,0,0,1,1,0 -5.0884487866765388e-16 -9.1528008588047383e-16 0
2,0,0,0,2,0,0 -0.16666666666666269 0.059166849084104141 0
2,0,0,1,0,0,1 -5.3730891264036629e-15 3.6854742348213509e-16 0
2,0,0,1,0,1,0 -5.6255591547940687e-15 5.3693757339629e-16 0
2,0,0,1,1,0,0 1.821871307788013e-15 -1.6839599444149096e-15 0
2,0,0,2,0,0,0 -0.16666666666666533 0.057791329323745158 0
2,0,1,0,0,0,1 1.9598173995119539e-15 5.9773421021841466e-17 0
2,0,1,0,0,1,0 -4.6892557111627431e-15 7.9137271822432576e-16 0
2,0,1,0,1,0,0 -9.985757389025093e-15 2.7380801652951512e-15 0
2,0,1,1,0,0,0 -3.7276903569125053e-16 1.9901208502329237e-16 0
2,0,2,0,0,0,0 -0.1666666666666711 0.057791329323746983 0
2,1,0,0,0,0,1 -3.9368898309983114e-15 4.1848121072511441e-16 0
2,1,0,0,0,1,0 -7.0052559533332163e-15 1.8434763997675676e-15 0
2,1,0,0,1,0,0 1.3201315003831919e-15 2.7662501295569391e-16 0
2,1,0,1,0,0,0 -1.7612061504805622e-15 2.2151438552669883e-16 0
2,1,1,0,0,0,0 4.1521865900734429e-16 4.3577369451637379e-16 0
2,2,0,0,0,0,0 -4.3937293039975067e-17 2.5004412602946946e-16 0
3,0,0,0,0,0,1 2.277349722646857e-15 -7.1577672174777396e-16 0
3,0,0,0,0,1,0 7.9900312982637139e-15 -2.3057930890156564e-15 0
3,0,0,0,1,0,0 -2.878961437939565e-15 2.7522954957324465e-15 0
3,0,0,1,0,0,0 -3.5446634776697961e-16 1.0483794550802256e-15 0
3,0,1,0,0,0,0 1.3605212605388023e-15 1.2570985376790522e-16 0
3,1,0,0,0,0,0 3.7506443212509225e-15 -1.4605296960886059e-15 0
4,0,0,0,0,0,0 -1.0387995124467794e-15 5.6407905012515955e-16 0
