# sectors lambda 1.9614068619764455 2.1995688493332102 2.298606272079097 2.3421820411462999
0,0,0,0,0,0,4 2.4330852003290326e-16 3.0341736610185743e-16 0
0,0,0,0,0,1,3 -7.0002190892884397e-15 1.0271731382127669e-15 0
0,0,0,0,0,2,2 -0.33333333333334331 0.12891078647848675 0
0,0,0,0,0,3,1 -1.9574050496781736e-15 1.4659497574176505e-15 0
0,0,0,0,0,4,0 -0.041666666666668843 0.015962543556105994 0
0,0,0,0,1,0,3 5.4802735225821693e-15 -6.4803017959342776e-16 0
0,0,0,0,1,1,2 7.864675504267761e-15 -1.6388122412933082e-15 0
0,0,0,0,1,2,1 6.0894791000052489e-15 -1.1960274621820172e-15 0
0,0,0,0,1,3,0 1.3288218995207574e-15 -8.151760381080661e-16 0
0,0,0,0,2,0,2 -0.33333333333333759 0.12891078647848359 0
0,0,0,0,2,1,1 -4.418342863834855e-15 1.3532455651592431e-15 0
0,0,0,0,2,2,0 -0.083333333333336715 0.031925087112210426 0
0,0,0,0,3,0,1 1.4270734920277842e-15 -8.5691377021811774e-16 0
0,0,0,0,3,1,0 3.2147573299732102e-15 -1.1379821852415603e-15 0
0,0,0,0,4,0,0 -0.041666666666664909 0.01596254355610489 0
0,0,0,1,0,0,3 4.6051487276321801e-17 4.2740604892094192e-16 0
0,0,0,1,0,1,2 -1.5065531287772327e-15 1.8531725633208485e-16 0
0,0,0,1,0,2,1 -3.079025749641584e-15 7.0933927134864128e-16 0
0,0,0,1,0,3,0 -4.6509969270011609e-15 1.3981600165829944e-15 0
0,0,0,1,1,0,2 2.3597092772072344e-15 -1.0206340438599637e-15 0
0,0,0,1,1,1,1 -1.4142135623730934 0.53851858480402137 0
0,0,0,1,1,2,0 -4.2387222746499698e-17 -1.6185105556135171e-17 0
0,0,0,1,2,0,1 -1.045978291375305e-14 -8.6731308653349563e-16 0
0,0,0,1,2,1,0 -3.043882829116036e-15 1.1519648082658485e-17 0
0,0,0,1,3,0,0 4.3551457960243964e-15 -1.5120216545484065e-15 0
0,0,0,2,0,0,2 -0.33333333333334048 0.12615974695776611 0
0,0,0,2,0,1,1 -1.3095806990909287e-15 1.6764747142600234e-15 0
0,0,0,2,0,2,0 -0.16666666666666852 0.062474654464061787 0
0,0,0,2,1,0,1 3.0292642580562884e-15 -1.0238612393890026e-15 0
0,0,0,2,1,1,0 1.1497523582076202e-15 -4.4255946834732135e-16 0
0,0,0,2,2,0,0 -0.16666666666665897 0.062474654464059393 0
0,0,0,3,0,0,1 -1.6664187391102203e-16 8.3356851152474598e-16 0
0,0,0,3,0,1,0 -3.8098864341140626e-15 1.0131869301877039e-15 0
0,0,0,3,1,0,0 3.3052919667757308e-17 -1.286374113918529e-15 0
0,0,0,4,0,0,0 1.3543531666168965e-15 -6.6469724689655063e-16 0
0,0,1,0,0,0,3 -3.5358543350183513e-17 5.7887586868074492e-16 0
0,0,1,0,0,1,2 -3.4204545662844255e-15 -2.8232624571522535e-16 0
0,0,1,0,0,2,1 0.70710678118655046 -0.26925929240201218 0
0,0,1,0,0,3,0 -9.6514322141943998e-16 2.097524627944769e-16 0
0,0,1,0,1,0,2 -8.9239359445884153e-15 2.3052857162802511e-15 0
0,0,1,0,1,1,1 4.9265519913360353e-15 -2.7738634956683828e-17 0
0,0,1,0,1,2,0 -1.2083071529282469e-14 3.4697620482099928e-15 0
0,0,1,0,2,0,1 -0.70710678118653469 0.26925929240201352 0
0,0,1,0,2,1,0 -7.911625402333544e-15 1.1861545520279394e-15 0
0,0,1,0,3,0,0 -7.2659272839421003e-15 2.4605165161814571e-15 0
0,0,1,1,0,0,2 -4.0596052994917864e-15 1.0980799602933189e-15 0
0,0,1,1,0,1,1 -2.9898772260089634e-15 1.1178124398325551e-16 0
0,0,1,1,0,2,0 4.95968283803494e-16 1.7443457702576159e-15 0
0,0,1,1,1,0,1 -2.4931466125529406e-15 2.9814712710404118e-16 0
0,0,1,1,1,1,0 -9.1052145478279917e-16 1.8024945820866237e-15 0
0,0,1,1,2,0,0 -1.0650234672053154e-15 1.3876798367452945e-15 0
0,0,1,2,0,0,1 2.324421037591673e-15 -6.0909122797520032e-16 0
0,0,1,2,0,1,0 -3.7127283669322053e-15 1.0780493251566492e-15 0
0,0,1,2,1,0,0 -9.336279206608334e-15 2.8198040216286142e-15 0
0,0,1,3,0,0,0 -5.3632872611380361e-15 8.1908085999490843e-16 0
0,0,2,0,0,0,2 -0.33333333333334003 0.12615974695776597 0
0,0,2,0,0,1,1 -4.4257132680858291e-15 1.5325875334440409e-15 0
0,0,2,0,0,2,0 -0.16666666666667918 0.062474654464062376 0
0,0,2,0,1,0,1 -1.6614267504355771e-15 -1.6770235916098442e-16 0
0,0,2,0,1,1,0 5.1656795567412914e-15 -7.6387802875645117e-16 0
0,0,2,0,2,0,0 -0.16666666666666655 0.062474654464060517 0
0,0,2,1,0,0,1 2.0290708132794655e-15 1.3439770130130313e-15 0
0,0,2,1,0,1,0 -3.8267525541597902e-15 1.2382944062500068e-16 0
0,0,2,1,1,0,0 4.4794236272712243e-15 -1.1123503478721857e-15 0
0,0,2,2,0,0,0 -1.0253028894652294e-15 2.9110489518056892e-16 0
0,0,3,0,0,0,1 2.9118790440939984e-15 -7.6788618866285852e-17 0
0,0,3,0,0,1,0 -2.917703242639319e-15 8.7790729818171959e-16 0
0,0,3,0,1,0,0 -1.024628783588113e-14 2.4588022852779757e-15 0
0,0,3,1,0,0,0 -2.856049408474573e-15 7.0758421908193037e-16 0
0,0,4,0,0,0,0 -6.0149395653721601e-15 7.9600662372051722e-16 0
0,1,0,0,0,0,3 -3.1683341626941773e-15 5.8927371243220128e-16 0
0,1,0,0,0,1,2 -1.0131534689110731e-14 2.4361561869836551e-15 0
0,1,0,0,0,2,1 -5.1760189369358215e-15 1.5704880486043289e-15 0
0,1,0,0,0,3,0 0.166666666666658 -0.06150851165426046 0
0,1,0,0,1,0,2 -6.6266298079017193e-15 1.6922561641702216e-16 0
0,1,0,0,1,1,1 -4.6913653111319929e-15 9.929924017893408e-16 0
0,1,0,0,1,2,0 1.279851013430611e-15 -4.209756092032702e-16 0
0,1,0,0,2,0,1 -3.4122004202480775e-15 1.9548156481491478e-15 0
0,1,0,0,2,1,0 -0.50000000000000677 0.18452553496278432 0
0,1,0,0,3,0,0 1.4458920276000527e-15 -2.1835833125678037e-16 0
0,1,0,1,0,0,2 2.8775247030035597e-15 5.1775740579196106e-16 0
0,1,0,1,0,1,1 -1.5008968657710182e-15 5.0198582203961028e-16 0
0,1,0,1,0,2,0 -3.0003205911824438e-15 4.9060118541017553e-16 0
0,1,0,1,1,0,1 -0.94280904158207102 0.34576594600847455 0
0,1,0,1,1,1,0 -3.6869087900682144e-15 4.8020884584853752e-16 0
0,1,0,1,2,0,0 -2.924743177005421e-15 7.0483903425028958e-16 0
0,1,0,2,0,0,1 -2.3316549608232164e-15 9.9914503460955505e-16 0
0,1,0,2,0,1,0 -0.33333333333334236 0.12026598378780871 0
0,1,0,2,1,0,0 2.3203096800256836e-16 -6.5812619535854675e-16 0
0,1,0,3,0,0,0 -1.1781268508726928e-15 3.4189798008149181e-16 0
0,1,1,0,0,0,2 -5.1757174569032603e-15 6.4486781982034074e-16 0
0,1,1,0,0,1,1 -0.94280904158204071 0.34576594600847549 0
0,1,1,0,0,2,0 -3.8150640088709777e-15 5.0565784027350114e-16 0
0,1,1,0,1,0,1 5.8096036327525918e-15 -2.1100519814546032e-16 0
0,1,1,0,1,1,0 5.8982279293595991e-16 -8.7649126794881614e-16 0
0,1,1,0,2,0,0 -4.7904385304839867e-15 1.7759185507995816e-16 0
0,1,1,1,0,0,1 -4.202516007530128e-15 8.952821300346758e-16 0
0,1,1,1,0,1,0 1.3917910742184565e-15 3.9131822584601579e-16 0
0,1,1,1,1,0,0 -0.66666666666666741 0.24053196757560996 0
0,1,1,2,0,0,0 4.4638864378199639e-16 9.551172551343528e-16 0
0,1,2,0,0,0,1 -3.9238621454066691e-15 1.0154632622684363e-15 0
0,1,2,0,0,1,0 0.33333333333333182 -0.12026598378780384 0
0,1,2,0,1,0,0 5.5858486029475532e-16 -7.3032374227285097e-16 0
0,1,2,1,0,0,0 -6.5112089171116408e-15 1.099280960198397e-15 0
0,1,3,0,0,0,0 -8.6561245566943084e-16 7.5549638195281313e-17 0
0,2,0,0,0,0,2 -5.3418641038360803e-16 1.23973097412855e-15 0
0,2,0,0,0,1,1 -8.1209453224595496e-15 1.4985706902823082e-15 0
0,2,0,0,0,2,0 -0.16666666666666743 0.059166849084105952 0
0,2,0,0,1,0,1 3.4360535250410607e-15 -8.670364773366579e-16 0
0,2,0,0,1,1,0 1.3588305827760827e-15 -1.1507179757674901e-15 0
0,2,0,0,2,0,0 -0.1666666666666686 0.059166849084103197 0
0,2,0,1,0,0,1 2.8451633410364607e-15 1.5827183313943394e-15 0
0,2,0,1,0,1,0 -4.1454470064983262e-15 1.3034820618706977e-16 0
0,2,0,1,1,0,0 1.9619722513297688e-15 1.7705021476688287e-16 0
0,2,0,2,0,0,0 -0.16666666666666788 0.057791329323746025 0
0,2,1,0,0,0,1 -1.4315805485498601e-15 1.2349062744609896e-15 0
0,2,1,0,0,1,0 -4.6154486482707924e-15 7.3855851989712562e-16 0
0,2,1,0,1,0,0 -1.1810864786188091e-14 3.6891063120991774e-15 0
0,2,1,1,0,0,0 -4.7574791328663935e-15 1.1861171766991419e-15 0
0,2,2,0,0,0,0 -0.16666666666667335 0.057791329323746553 0
0,3,0,0,0,0,1 -1.8711161092754836e-15 1.9422939818991569e-15 0
0,3,0,0,0,1,0 -6.8991036841770104e-15 1.68841449068452e-15 0
0,3,0,0,1,0,0 -9.9226182825873366e-16 -3.6342456821714109e-16 0
0,3,0,1,0,0,0 -9.0118884576995129e-16 1.2359904766334751e-16 0
0,3,1,0,0,0,0 -1.3105835861004778e-15 4.8518047218726323e-16 0
0,4,0,0,0,0,0 9.3718435789647003e-16 3.6757164152689814e-16 0
1,0,0,0,0,0,3 3.6877781644378826e-15 -1.0852863746579899e-15 0
1,0,0,0,0,1,2 9.9472838820113818e-15 -2.4581302705134478e-15 0
1,0,0,0,0,2,1 7.2580288133783366e-15 -6.1230317691118863e-16 0
1,0,0,0,0,3,0 8.0989089133037817e-15 -1.5898334081512755e-15 0
1,0,0,0,1,0,2 8.409540459017404e-15 -2.0331331832944971e-16 0
1,0,0,0,1,1,1 -1.2914118423723239e-15 1.3945550443594801e-16 0
1,0,0,0,1,2,0 0.50000000000000022 -0.18452553496278121 0
1,0,0,0,2,0,1 -7.7477838987554835e-17 -1.0206749131996687e-15 0
1,0,0,0,2,1,0 5.9570565630699126e-15 -2.1953159581338173e-15 0
1,0,0,0,3,0,0 -0.16666666666666727 0.061508511654262993 0
1,0,0,1,0,0,2 3.717200700893708e-15 -7.5934809655453517e-16 0
1,0,0,1,0,1,1 0.94280904158205714 -0.34576594600847455 0
1,0,0,1,0,2,0 2.7333549919988931e-15 -5.1201447595627947e-17 0
1,0,0,1,1,0,1 3.0893273643460908e-15 3.7720240613717954e-16 0
1,0,0,1,1,1,0 -3.8179671284308686e-16 6.5880528571544972e-16 0
1,0,0,1,2,0,0 3.9654419172949467e-16 -1.6320276132649196e-16 0
1,0,0,2,0,0,1 2.0056249412994664e-15 -1.6352750317055742e-15 0
1,0,0,2,0,1,0 5.2318311358559577e-15 -1.703390033191976e-15 0
1,0,0,2,1,0,0 0.3333333333333241 -0.12026598378780526 0
1,0,0,3,0,0,0 1.0185062970964609e-15 3.6998399136067839e-18 0
1,0,1,0,0,0,2 3.2634214341270562e-15 -5.8553693577795274e-16 0
1,0,1,0,0,1,1 -7.4850607482968012e-16 -6.1935049103234441e-16 0
1,0,1,0,0,2,0 2.6101896252045398e-15 -5.5036812780795419e-16 0
1,0,1,0,1,0,1 -0.94280904158205714 0.34576594600847438 0
1,0,1,0,1,1,0 -3.9211831752514886e-15 3.4132209049148737e-16 0
1,0,1,0,2,0,0 -2.0325714416317899e-15 1.9847252503589138e-17 0
1,0,1,1,0,0,1 7.7992625378831004e-15 -5.1721864638420989e-16 0
1,0,1,1,0,1,0 -0.66666666666666707 0.24053196757561032 0
1,0,1,1,1,0,0 3.8112137347424101e-15 -4.3602376212630717e-16 0
1,0,1,2,0,0,0 3.3159849107018691e-15 -3.7995865134754503e-16 0
1,0,2,0,0,0,1 -4.748534464943388e-16 -3.9975211725898352e-16 0
1,0,2,0,0,1,0 6.9826008039855503e-15 -1.1515717849783225e-15 0
1,0,2,0,1,0,0 -0.33333333333333498 0.12026598378780669 0
1,0,2,1,0,0,0 1.5763554198945651e-15 -6.15921701661859e-16 0
1,0,3,0,0,0,0 -7.1524054989216199e-16 -4.2370959713912415e-16 0
1,1,0,0,0,0,2 4.2730673835339812e-15 -1.2639872246087382e-15 0
1,1,0,0,0,1,1 8.7252400803597077e-15 -1.9072800219740085e-17 0
1,1,0,0,0,2,0 3.6635367606651937e-15 -6.7926356991700499e-16 0
1,1,0,0,1,0,1 -1.5094458801426723e-15 -8.7064261410810943e-16 0
1,1,0,0,1,1,0 1.7484704287622456e-15 5.1499856915834827e-16 0
1,1,0,0,2,0,0 6.8632161276997852e-15 -8.8552151001331249e-16 0
1,1,0,1,0,0,1 9.3604043249484397e-15 -2.209643082404235e-15 0
1,1,0,1,0,1,0 6.1522952891181374e-16 -6.4882161156760345e-16 0
1,1,0,1,1,0,0 5.1904914624703071e-15 -7.6894656295873606e-16 0
1,1,0,2,0,0,0 7.306263734263864e-15 -2.2479705861424418e-15 0
1,1,1,0,0,0,1 6.2807804063020404e-15 2.5708371841648701e-16 0
1,1,1,0,0,1,0 1.128566132308552e-15 9.6988503185024128e-17 0
1,1,1,0,1,0,0 -4.4673570342565347e-15 -1.3630452142178024e-15 0
1,1,1,1,0,0,0 -3.6877901623038437e-15 4.6614845405543331e-16 0
1,1,2,0,0,0,0 6.1879172438717848e-15 -1.2104347126722324e-15 0
1,2,0,0,0,0,1 3.7999117741271959e-15 -8.1849132506361943e-16 0
1,2,0,0,0,1,0 6.043586854923011e-15 -1.492038372193083e-15 0
1,2,0,0,1,0,0 -4.0115480381963664e-17 -1.338989683019598e-17 0
1,2,0,1,0,0,0 -1.8726339923169633e-15 -5.7820501858651951e-16 0
1,2,1,0,0,0,0 1.9576354426398268e-15 -5.9847959921199845e-16 0
1,3,0,0,0,0,0 2.3193252873809911e-15 -1.2052804500978231e-15 0
2,0,0,0,0,0,2 2.2518879122523927e-16 5.7472201910740983e-16 0
2,0,0,0,0,1,1 -9.9211003995458569e-15 1.9115026402005686e-15 0
2,0,0,0,0,2,0 -0.16666666666666971 0.059166849084105827 0
2,0,0,0,1,0,1 4.6958812028761662e-15 -1.9546996264446434e-15 0
2,0,0,0,1,1,0 -5.0884487866765388e-16 -4.417818921017419e-16 0
2,0,0,0,2,0,0 -0.16666666666666269 0.059166849084103572 0
2,0,0,1,0,0,1 -5.3730891264036629e-15 8.0892324089143486e-16 0
2,0,0,1,0,1,0 -5.6255591547940687e-15 3.8078535550406523e-16 0
2,0,0,1,1,0,0 1.821871307788013e-15 -1.6478831171254545e-15 0
2,0,0,2,0,0,0 -0.16666666666666533 0.057791329323745387 0
2,0,1,0,0,0,1 1.9598173995119539e-15 -1.9167677970007013e-15 0
2,0,1,0,0,1,0 -4.6892557111627431e-15 2.7325960504781532e-16 0
2,0,1,0,1,0,0 -9.985757389025093e-15 2.2660185393949626e-15 0
2,0,1,1,0,0,0 -3.7276903569125053e-16 4.3924418139176802e-16 0
2,0,2,0,0,0,0 -0.1666666666666711 0.057791329323748114 0
2,1,0,0,0,0,1 -3.9368898309983114e-15 1.3275328069371576e-16 0
2,1,0,0,0,1,0 -7.0052559533332163e-15 1.1405745788180591e-15 0
2,1,0,0,1,0,0 1.3201315003831919e-15 -1.2369076120317294e-17 0
2,1,0,1,0,0,0 -1.7612061504805622e-15 3.961793555141136e-16 0
2,1,1,0,0,0,0 4.1521865900734429e-16 -2.880693639366488e-17 0
2,2,0,0,0,0,0 -4.3937293039975067e-17 2.0227146780432692e-16 0
3,0,0,0,0,0,1 2.277349722646857e-15 -7.7637684692613562e-16 0
3,0,0,0,0,1,0 7.9900312982637139e-15 -2.0528690509655223e-15 0
3,0,0,0,1,0,0 -2.878961437939565e-15 2.171732337420771e-15 0
3,0,0,1,0,0,0 -3.5446634776697961e-16 4.0132759854087652e-16 0
3,0,1,0,0,0,0 1.3605212605388023e-15 -1.5663333260626522e-17 0
3,1,0,0,0,0,0 3.7506443212509225e-15 -1.1377694856032493e-15 0
4,0,0,0,0,0,0 -1.0387995124467794e-15 3.0674366448572507e-16 0
