# sectors lambda 1.9614068619764455 2.1995688493332102 2.298606272079097 2.3421820411462999
0,0,0,0,0,0,4 2.4330852003290326e-16 4.6704380272065416e-16 0
0,0,0,0,0,1,3 -7.0002190892884397e-15 1.1258084308546357e-15 0
0,0,0,0,0,2,2 -0.33333333333334331 0.12891078647848617 0
0,0,0,0,0,3,1 -1.9574050496781736e-15 1.725643282782241e-15 0
0,0,0,0,0,4,0 -0.041666666666668843 0.01596254355610598 0
0,0,0,0,1,0,3 5.4802735225821693e-15 -3.3844980176734804e-16 0
0,0,0,0,1,1,2 7.864675504267761e-15 -2.0432874142661817e-15 0
0,0,0,0,1,2,1 6.0894791000052489e-15 -1.3454339096823087e-15 0
0,0,0,0,1,3,0 1.3288218995207574e-15 -1.1469656198111536e-15 0
0,0,0,0,2,0,2 -0.33333333333333759 0.1289107864784827 0
0,0,0,0,2,1,1 -4.418342863834855e-15 1.1204402536722931e-15 0
0,0,0,0,2,2,0 -0.083333333333336715 0.031925087112210503 0
0,0,0,0,3,0,1 1.4270734920277842e-15 -8.7905859959113417e-16 0
0,0,0,0,3,1,0 3.2147573299732102e-15 -1.4932006982657017e-15 0
0,0,0,0,4,0,0 -0.041666666666664909 0.015962543556104714 0
0,0,0,1,0,0,3 4.6051487276321801e-17 -2.1980843794427996e-16 0
0,0,0,1,0,1,2 -1.5065531287772327e-15 6.8567655893414514e-16 0
0,0,0,1,0,2,1 -3.079025749641584e-15 9.3799750952583416e-16 0
0,0,0,1,0,3,0 -4.6509969270011609e-15 1.6992158548279068e-16 0
0,0,0,1,1,0,2 2.3597092772072344e-15 -5.5678524941635277e-16 0
0,0,0,1,1,1,1 -1.4142135623730934 0.53851858480402148 0
0,0,0,1,1,2,0 -4.2387222746499698e-17 -8.8922535242293155e-16 0
0,0,0,1,2,0,1 -1.045978291375305e-14 -5.2359389280127859e-16 0
0,0,0,1,2,1,0 -3.043882829116036e-15 2.4660178413182798e-16 0
0,0,0,1,3,0,0 4.3551457960243964e-15 -1.8232418881603705e-15 0
0,0,0,2,0,0,2 -0.33333333333334048 0.12615974695776488 0
0,0,0,2,0,1,1 -1.3095806990909287e-15 1.3124538348480153e-15 0
0,0,0,2,0,2,0 -0.16666666666666852 0.062474654464063577 0
0,0,0,2,1,0,1 3.0292642580562884e-15 -1.3314222906688281e-15 0
0,0,0,2,1,1,0 1.1497523582076202e-15 -1.2976155116780144e-15 0
0,0,0,2,2,0,0 -0.16666666666665897 0.062474654464059268 0
0,0,0,3,0,0,1 -1.6664187391102203e-16 5.3905176763263674e-16 0
0,0,0,3,0,1,0 -3.8098864341140626e-15 5.8495417711024178e-16 0
0,0,0,3,1,0,0 3.3052919667757308e-17 -1.3820820606946869e-15 0
0,0,0,4,0,0,0 1.3543531666168965e-15 -5.9088340774102188e-16 0
0,0,1,0,0,0,3 -3.5358543350183513e-17 9.1987100445459213e-16 0
0,0,1,0,0,1,2 -3.4204545662844255e-15 4.6130091933827e-16 0
0,0,1,0,0,2,1 0.70710678118655046 -0.26925929240201152 0
0,0,1,0,0,3,0 -9.6514322141943998e-16 4.3874951415057151e-16 0
0,0,1,0,1,0,2 -8.9239359445884153e-15 2.830581668849478e-15 0
0,0,1,0,1,1,1 4.9265519913360353e-15 -2.4986455504465155e-16 0
0,0,1,0,1,2,0 -1.2083071529282469e-14 2.6635222076954596e-15 0
0,0,1,0,2,0,1 -0.70710678118653469 0.26925929240201329 0
0,0,1,0,2,1,0 -7.911625402333544e-15 1.3513598580604182e-15 0
0,0,1,0,3,0,0 -7.2659272839421003e-15 2.2873152191268978e-15 0
0,0,1,1,0,0,2 -4.0596052994917864e-15 1.174326478073362e-15 0
0,0,1,1,0,1,1 -2.9898772260089634e-15 4.8366258914578353e-16 0
0,0,1,1,0,2,0 4.95968283803494e-16 1.4549722104212348e-15 0
0,0,1,1,1,0,1 -2.4931466125529406e-15 4.5286277711772266e-16 0
0,0,1,1,1,1,0 -9.1052145478279917e-16 1.5390876642812704e-15 0
0,0,1,1,2,0,0 -1.0650234672053154e-15 1.3280487172585918e-15 0
0,0,1,2,0,0,1 2.324421037591673e-15 -8.9266430618878401e-16 0
0,0,1,2,0,1,0 -3.7127283669322053e-15 5.0136218961160939e-16 0
0,0,1,2,1,0,0 -9.336279206608334e-15 2.666714674873661e-15 0
0,0,1,3,0,0,0 -5.3632872611380361e-15 9.149785421512513e-16 0
0,0,2,0,0,0,2 -0.33333333333334003 0.12615974695776633 0
0,0,2,0,0,1,1 -4.4257132680858291e-15 1.3435026745625689e-15 0
0,0,2,0,0,2,0 -0.16666666666667918 0.062474654464062668 0
0,0,2,0,1,0,1 -1.6614267504355771e-15 -2.3112818625138642e-16 0
0,0,2,0,1,1,0 5.1656795567412914e-15 -8.1177265972599832e-16 0
0,0,2,0,2,0,0 -0.16666666666666655 0.062474654464060635 0
0,0,2,1,0,0,1 2.0290708132794655e-15 3.5626883387873676e-16 0
0,0,2,1,0,1,0 -3.8267525541597902e-15 -2.405573570202213e-17 0
0,0,2,1,1,0,0 4.4794236272712243e-15 -8.7707847644283125e-16 0
0,0,2,2,0,0,0 -1.0253028894652294e-15 -2.8192644616412132e-17 0
0,0,3,0,0,0,1 2.9118790440939984e-15 -1.5252014061439834e-16 0
0,0,3,0,0,1,0 -2.917703242639319e-15 8.7492574220738445e-16 0
0,0,3,0,1,0,0 -1.024628783588113e-14 2.8931336755756687e-15 0
0,0,3,1,0,0,0 -2.856049408474573e-15 7.1192102777187238e-16 0
0,0,4,0,0,0,0 -6.0149395653721601e-15 7.6467318093568614e-16 0
0,1,0,0,0,0,3 -3.1683341626941773e-15 6.3140174309684116e-16 0
0,1,0,0,0,1,2 -1.0131534689110731e-14 2.2776797106841645e-15 0
0,1,0,0,0,2,1 -5.1760189369358215e-15 7.3637743599334027e-16 0
0,1,0,0,0,3,0 0.166666666666658 -0.061508511654260696 0
0,1,0,0,1,0,2 -6.6266298079017193e-15 -5.5968350414498247e-16 0
0,1,0,0,1,1,1 -4.6913653111319929e-15 1.1315263343786761e-15 0
0,1,0,0,1,2,0 1.279851013430611e-15 -3.6001634205527271e-16 0
0,1,0,0,2,0,1 -3.4122004202480775e-15 1.3520534503558314e-15 0
0,1,0,0,2,1,0 -0.50000000000000677 0.18452553496278562 0
0,1,0,0,3,0,0 1.4458920276000527e-15 -1.0347625671383653e-15 0
0,1,0,1,0,0,2 2.8775247030035597e-15 8.0715510063054247e-17 0
0,1,0,1,0,1,1 -1.5008968657710182e-15 8.575770295605436e-16 0
0,1,0,1,0,2,0 -3.0003205911824438e-15 1.7452914707633883e-16 0
0,1,0,1,1,0,1 -0.94280904158207102 0.3457659460084731 0
0,1,0,1,1,1,0 -3.6869087900682144e-15 1.0961169949832404e-15 0
0,1,0,1,2,0,0 -2.924743177005421e-15 2.0946706164166265e-16 0
0,1,0,2,0,0,1 -2.3316549608232164e-15 1.3912467502889377e-15 0
0,1,0,2,0,1,0 -0.33333333333334236 0.12026598378780834 0
0,1,0,2,1,0,0 2.3203096800256836e-16 -2.5966254696540042e-15 0
0,1,0,3,0,0,0 -1.1781268508726928e-15 2.2835490756794736e-16 0
0,1,1,0,0,0,2 -5.1757174569032603e-15 4.2984342396215302e-16 0
0,1,1,0,0,1,1 -0.94280904158204071 0.34576594600847693 0
0,1,1,0,0,2,0 -3.8150640088709777e-15 7.4031984798083251e-16 0
0,1,1,0,1,0,1 5.8096036327525918e-15 -9.9115533944956261e-17 0
0,1,1,0,1,1,0 5.8982279293595991e-16 -9.0077739661249134e-16 0
0,1,1,0,2,0,0 -4.7904385304839867e-15 3.0075722187431146e-16 0
0,1,1,1,0,0,1 -4.202516007530128e-15 2.4413544279990051e-15 0
0,1,1,1,0,1,0 1.3917910742184565e-15 5.8661014216496728e-16 0
0,1,1,1,1,0,0 -0.66666666666666741 0.24053196757561127 0
0,1,1,2,0,0,0 4.4638864378199639e-16 6.0947360254597409e-16 0
0,1,2,0,0,0,1 -3.9238621454066691e-15 1.1878514076936315e-15 0
0,1,2,0,0,1,0 0.33333333333333182 -0.12026598378780393 0
0,1,2,0,1,0,0 5.5858486029475532e-16 5.2192976694790665e-16 0
0,1,2,1,0,0,0 -6.5112089171116408e-15 1.3243613312063877e-15 0
0,1,3,0,0,0,0 -8.6561245566943084e-16 -1.8775950810957567e-17 0
0,2,0,0,0,0,2 -5.3418641038360803e-16 9.9059486741853719e-16 0
0,2,0,0,0,1,1 -8.1209453224595496e-15 1.8336298191617972e-15 0
0,2,0,0,0,2,0 -0.16666666666666743 0.059166849084105348 0
0,2,0,0,1,0,1 3.4360535250410607e-15 -1.3164382778318995e-15 0
0,2,0,0,1,1,0 1.3588305827760827e-15 -1.7739173845121581e-15 0
0,2,0,0,2,0,0 -0.1666666666666686 0.059166849084103669 0
0,2,0,1,0,0,1 2.8451633410364607e-15 6.3935402111470196e-16 0
0,2,0,1,0,1,0 -4.1454470064983262e-15 4.2308279275815597e-16 0
0,2,0,1,1,0,0 1.9619722513297688e-15 5.128276275856436e-17 0
0,2,0,2,0,0,0 -0.16666666666666788 0.057791329323745776 0
0,2,1,0,0,0,1 -1.4315805485498601e-15 1.0477729794899915e-15 0
0,2,1,0,0,1,0 -4.6154486482707924e-15 1.301367867634351e-15 0
0,2,1,0,1,0,0 -1.1810864786188091e-14 4.1355807667287081e-15 0
0,2,1,1,0,0,0 -4.7574791328663935e-15 6.6439909129911712e-16 0
0,2,2,0,0,0,0 -0.16666666666667335 0.057791329323745665 0
0,3,0,0,0,0,1 -1.8711161092754836e-15 1.01123536627723e-15 0
0,3,0,0,0,1,0 -6.8991036841770104e-15 9.0399421889125753e-16 0
0,3,0,0,1,0,0 -9.9226182825873366e-16 1.9656585387162195e-16 0
0,3,0,1,0,0,0 -9.0118884576995129e-16 5.4779314764830112e-16 0
0,3,1,0,0,0,0 -1.3105835861004778e-15 4.2413988987632933e-16 0
0,4,0,0,0,0,0 9.3718435789647003e-16 3.2723932071043738e-16 0
1,0,0,0,0,0,3 3.6877781644378826e-15 -7.8212989470388683e-16 0
1,0,0,0,0,1,2 9.9472838820113818e-15 -1.5571040550693693e-15 0
1,0,0,0,0,2,1 7.2580288133783366e-15 -2.1071469222255779e-16 0
1,0,0,0,0,3,0 8.0989089133037817e-15 -1.8423711991774616e-15 0
1,0,0,0,1,0,2 8.409540459017404e-15 -3.65476082015391e-16 0
1,0,0,0,1,1,1 -1.2914118423723239e-15 -2.5103346051186248e-16 0
1,0,0,0,1,2,0 0.50000000000000022 -0.18452553496278182 0
1,0,0,0,2,0,1 -7.7477838987554835e-17 -6.2049589133526904e-16 0
1,0,0,0,2,1,0 5.9570565630699126e-15 -1.9322478535073657e-15 0
1,0,0,0,3,0,0 -0.16666666666666727 0.061508511654263603 0
1,0,0,1,0,0,2 3.717200700893708e-15 -8.715088112981606e-16 0
1,0,0,1,0,1,1 0.94280904158205714 -0.34576594600847443 0
1,0,0,1,0,2,0 2.7333549919988931e-15 2.3790106169763181e-16 0
1,0,0,1,1,0,1 3.0893273643460908e-15 -3.498364656772876e-16 0
1,0,0,1,1,1,0 -3.8179671284308686e-16 1.4321938004036722e-15 0
1,0,0,1,2,0,0 3.9654419172949467e-16 3.6030425765813385e-16 0
1,0,0,2,0,0,1 2.0056249412994664e-15 -2.0155589437048649e-15 0
1,0,0,2,0,1,0 5.2318311358559577e-15 -1.571225788365993e-15 0
1,0,0,2,1,0,0 0.3333333333333241 -0.12026598378780494 0
1,0,0,3,0,0,0 1.0185062970964609e-15 1.9666072156171444e-16 0
1,0,1,0,0,0,2 3.2634214341270562e-15 -1.1609772388246342e-15 0
1,0,1,0,0,1,1 -7.4850607482968012e-16 -4.4056555278948473e-16 0
1,0,1,0,0,2,0 2.6101896252045398e-15 -1.996287250088935e-16 0
1,0,1,0,1,0,1 -0.94280904158205714 0.34576594600847199 0
1,0,1,0,1,1,0 -3.9211831752514886e-15 5.4946180255439209e-16 0
1,0,1,0,2,0,0 -2.0325714416317899e-15 2.7707421792577507e-16 0
1,0,1,1,0,0,1 7.7992625378831004e-15 -9.175602985744824e-16 0
1,0,1,1,0,1,0 -0.66666666666666707 0.24053196757561091 0
1,0,1,1,1,0,0 3.8112137347424101e-15 -7.2068104251237636e-16 0
1,0,1,2,0,0,0 3.3159849107018691e-15 -5.8549627819648453e-16 0
1,0,2,0,0,0,1 -4.748534464943388e-16 -5.0443183701245897e-16 0
1,0,2,0,0,1,0 6.9826008039855503e-15 -1.670687785164382e-15 0
1,0,2,0,1,0,0 -0.33333333333333498 0.12026598378780615 0
1,0,2,1,0,0,0 1.5763554198945651e-15 -1.0393026500174485e-15 0
1,0,3,0,0,0,0 -7.1524054989216199e-16 -3.380576255127693e-16 0
1,1,0,0,0,0,2 4.2730673835339812e-15 -1.4369581287016443e-15 0
1,1,0,0,0,1,1 8.7252400803597077e-15 -3.2451965726321882e-16 0
1,1,0,0,0,2,0 3.6635367606651937e-15 -1.0626510106350354e-15 0
1,1,0,0,1,0,1 -1.5094458801426723e-15 6.0826335927074289e-16 0
1,1,0,0,1,1,0 1.7484704287622456e-15 2.3244235748194066e-15 0
1,1,0,0,2,0,0 6.8632161276997852e-15 -1.1192754984011871e-15 0
1,1,0,1,0,0,1 9.3604043249484397e-15 -1.0382710552508958e-15 0
1,1,0,1,0,1,0 6.1522952891181374e-16 -4.463468558559355e-16 0
1,1,0,1,1,0,0 5.1904914624703071e-15 -5.8896900232614232e-16 0
1,1,0,2,0,0,0 7.306263734263864e-15 -1.4921732517027968e-15 0
1,1,1,0,0,0,1 6.2807804063020404e-15 9.6459166562759531e-17 0
1,1,1,0,0,1,0 1.128566132308552e-15 2.0172779264426136e-17 0
1,1,1,0,1,0,0 -4.4673570342565347e-15 -9.1147500937758981e-16 0
1,1,1,1,0,0,0 -3.6877901623038437e-15 7.4337894955997679e-16 0
1,1,2,0,0,0,0 6.1879172438717848e-15 -1.1513456942717724e-15 0
1,2,0,0,0,0,1 3.7999117741271959e-15 -6.0319587866231039e-16 0
1,2,0,0,0,1,0 6.043586854923011e-15 -1.1817397104277316e-15 0
1,2,0,0,1,0,0 -4.0115480381963664e-17 -5.2583805365546965e-18 0
1,2,0,1,0,0,0 -1.8726339923169633e-15 -4.3536138236155431e-16 0
1,2,1,0,0,0,0 1.9576354426398268e-15 -2.6828582758153807e-16 0
1,3,0,0,0,0,0 2.3193252873809911e-15 -1.1170806033661274e-15 0
2,0,0,0,0,0,2 2.2518879122523927e-16 5.126514447326147e-16 0
2,0,0,0,0,1,1 -9.9211003995458569e-15 1.8073650215333359e-15 0
2,0,0,0,0,2,0 -0.16666666666666971 0.059166849084105765 0
2,0,0,0,1,0,1 4.6958812028761662e-15 -1.6271485976096164e-15 0
2,0,0,0,1,1,0 -5.0884487866765388e-16 -5.5479641605619967e-16 0
2,0,0,0,2,0,0 -0.16666666666666269 0.059166849084103551 0
2,0,0,1,0,0,1 -5.3730891264036629e-15 7.5837231459929821e-16 0
2,0,0,1,0,1,0 -5.6255591547940687e-15 1.0766805199138862e-15 0
2,0,0,1,1,0,0 1.821871307788013e-15 -1.7776892222262815e-15 0
2,0,0,2,0,0,0 -0.16666666666666533 0.057791329323744652 0
2,0,1,0,0,0,1 1.9598173995119539e-15 -2.1369828107596633e-15 0
2,0,1,0,0,1,0 -4.6892557111627431e-15 7.0763165292697661e-16 0
2,0,1,0,1,0,0 -9.985757389025093e-15 2.2402145276898076e-15 0
2,0,1,1,0,0,0 -3.7276903569125053e-16 2.716604068433992e-17 0
2,0,2,0,0,0,0 -0.1666666666666711 0.057791329323747941 0
2,1,0,0,0,0,1 -3.9368898309983114e-15 7.3108608679856964e-17 0
2,1,0,0,0,1,0 -7.0052559533332163e-15 2.0489327114535707e-15 0
2,1,0,0,1,0,0 1.3201315003831919e-15 2.860169142748496e-16 0
2,1,0,1,0,0,0 -1.7612061504805622e-15 1.5803434832767255e-16 0
2,1,1,0,0,0,0 4.1521865900734429e-16 -6.562915267670383e-17 0
2,2,0,0,0,0,0 -4.3937293039975067e-17 1.370702596564799e-16 0
3,0,0,0,0,0,1 2.277349722646857e-15 -1.1251240282332542e-15 0
3,0,0,0,0,1,0 7.9900312982637139e-15 -1.9908323579086173e-15 0
3,0,0,0,1,0,0 -2.878961437939565e-15 2.6346460074906132e-15 0
3,0,0,1,0,0,0 -3.5446634776697961e-16 1.1093929323368473e-15 0
3,0,1,0,0,0,0 1.3605212605388023e-15 1.5758200950719004e-17 0
3,1,0,0,0,0,0 3.7506443212509225e-15 -1.2274059002134884e-15 0
4,0,0,0,0,0,0 -1.0387995124467794e-15 5.1378562184898821e-16 0
