# sectors lambda 1.9614068619764455 2.1995688493332102 2.298606272079097 2.3421820411462999
0,0,0,0,0,0,4 2.4330852003290326e-16 3.6906919577764374e-16 0
0,0,0,0,0,1,3 -7.0002190892884397e-15 1.0634939109910313e-15 0
0,0,0,0,0,2,2 -0.33333333333334331 0.12891078647848617 0
0,0,0,0,0,3,1 -1.9574050496781736e-15 1.7159396733384957e-15 0
0,0,0,0,0,4,0 -0.041666666666668843 0.015962543556106028 0
0,0,0,0,1,0,3 5.4802735225821693e-15 -1.107799663363062e-15 0
0,0,0,0,1,1,2 7.864675504267761e-15 -1.1967220291987657e-15 0
0,0,0,0,1,2,1 6.0894791000052489e-15 -1.3688933341894638e-15 0
0,0,0,0,1,3,0 1.3288218995207574e-15 -1.1032875188530383e-15 0
0,0,0,0,2,0,2 -0.33333333333333759 0.12891078647848347 0
0,0,0,0,2,1,1 -4.418342863834855e-15 8.578735925506161e-16 0
0,0,0,0,2,2,0 -0.083333333333336715 0.031925087112210655 0
0,0,0,0,3,0,1 1.4270734920277842e-15 -9.5156461987610228e-16 0
0,0,0,0,3,1,0 3.2147573299732102e-15 -1.992977242200051e-15 0
0,0,0,0,4,0,0 -0.041666666666664909 0.015962543556104811 0
0,0,0,1,0,0,3 4.6051487276321801e-17 1.3257082064066505e-16 0
0,0,0,1,0,1,2 -1.5065531287772327e-15 -4.5129915429709122e-17 0
0,0,0,1,0,2,1 -3.079025749641584e-15 7.8241449777416427e-16 0
0,0,0,1,0,3,0 -4.6509969270011609e-15 5.2949723598760823e-16 0
0,0,0,1,1,0,2 2.3597092772072344e-15 -5.164122710184238e-16 0
0,0,0,1,1,1,1 -1.4142135623730934 0.53851858480402381 0
0,0,0,1,1,2,0 -4.2387222746499698e-17 -5.9093422971785714e-16 0
0,0,0,1,2,0,1 -1.045978291375305e-14 1.1855194890757355e-16 0
0,0,0,1,2,1,0 -3.043882829116036e-15 1.8028926875718332e-16 0
0,0,0,1,3,0,0 4.3551457960243964e-15 -1.5376630359276887e-15 0
0,0,0,2,0,0,2 -0.33333333333334048 0.12615974695776594 0
0,0,0,2,0,1,1 -1.3095806990909287e-15 1.2263681823526662e-15 0
0,0,0,2,0,2,0 -0.16666666666666852 0.062474654464063688 0
0,0,0,2,1,0,1 3.0292642580562884e-15 -1.4001878134587212e-15 0
0,0,0,2,1,1,0 1.1497523582076202e-15 -5.2388818381089025e-16 0
0,0,0,2,2,0,0 -0.16666666666665897 0.062474654464059323 0
0,0,0,3,0,0,1 -1.6664187391102203e-16 5.3240425306258499e-16 0
0,0,0,3,0,1,0 -3.8098864341140626e-15 5.8457470634987185e-16 0
0,0,0,3,1,0,0 3.3052919667757308e-17 -1.1775879784367647e-15 0
0,0,0,4,0,0,0 1.3543531666168965e-15 -3.331143412325932e-16 0
0,0,1,0,0,0,3 -3.5358543350183513e-17 2.6447756745068274e-17 0
0,0,1,0,0,1,2 -3.4204545662844255e-15 4.0286242224130131e-16 0
0,0,1,0,0,2,1 0.70710678118655046 -0.2692592924020108 0
0,0,1,0,0,3,0 -9.6514322141943998e-16 5.1865521426275318e-16 0
0,0,1,0,1,0,2 -8.9239359445884153e-15 3.3141358377780129e-15 0
0,0,1,0,1,1,1 4.9265519913360353e-15 9.9889240216984032e-16 0
0,0,1,0,1,2,0 -1.2083071529282469e-14 3.4859708706886511e-15 0
0,0,1,0,2,0,1 -0.70710678118653469 0.26925929240201191 0
0,0,1,0,2,1,0 -7.911625402333544e-15 1.1630610457539982e-15 0
0,0,1,0,3,0,0 -7.2659272839421003e-15 2.3454826656807451e-15 0
0,0,1,1,0,0,2 -4.0596052994917864e-15 1.1551360996203686e-15 0
0,0,1,1,0,1,1 -2.9898772260089634e-15 5.4437791080497178e-16 0
0,0,1,1,0,2,0 4.95968283803494e-16 1.9622704069272023e-15 0
0,0,1,1,1,0,1 -2.4931466125529406e-15 -5.6195045632870949e-16 0
0,0,1,1,1,1,0 -9.1052145478279917e-16 -6.303788600055954e-17 0
0,0,1,1,2,0,0 -1.0650234672053154e-15 1.9626322488143575e-15 0
0,0,1,2,0,0,1 2.324421037591673e-15 -4.5903764730320651e-16 0
0,0,1,2,0,1,0 -3.7127283669322053e-15 1.3386373173135402e-15 0
0,0,1,2,1,0,0 -9.336279206608334e-15 2.6358149129578241e-15 0
0,0,1,3,0,0,0 -5.3632872611380361e-15 7.5793185746672598e-16 0
0,0,2,0,0,0,2 -0.33333333333334003 0.12615974695776758 0
0,0,2,0,0,1,1 -4.4257132680858291e-15 1.7288281266639172e-15 0
0,0,2,0,0,2,0 -0.16666666666667918 0.062474654464063237 0
0,0,2,0,1,0,1 -1.6614267504355771e-15 -3.9511376483981897e-16 0
0,0,2,0,1,1,0 5.1656795567412914e-15 -7.7729503064095928e-16 0
0,0,2,0,2,0,0 -0.16666666666666655 0.062474654464060718 0
0,0,2,1,0,0,1 2.0290708132794655e-15 4.9276988739466177e-16 0
0,0,2,1,0,1,0 -3.8267525541597902e-15 -1.1144243080435379e-16 0
0,0,2,1,1,0,0 4.4794236272712243e-15 -1.4896527038971413e-15 0
0,0,2,2,0,0,0 -1.0253028894652294e-15 5.7299746002680008e-16 0
0,0,3,0,0,0,1 2.9118790440939984e-15 -3.7741077624220409e-16 0
0,0,3,0,0,1,0 -2.917703242639319e-15 9.4870570004502303e-16 0
0,0,3,0,1,0,0 -1.024628783588113e-14 2.8604991901838551e-15 0
0,0,3,1,0,0,0 -2.856049408474573e-15 6.3564740493751715e-16 0
0,0,4,0,0,0,0 -6.0149395653721601e-15 9.2432195083417667e-16 0
0,1,0,0,0,0,3 -3.1683341626941773e-15 5.9942455527209682e-16 0
0,1,0,0,0,1,2 -1.0131534689110731e-14 2.8070820789816802e-15 0
0,1,0,0,0,2,1 -5.1760189369358215e-15 9.3680576010444174e-16 0
0,1,0,0,0,3,0 0.166666666666658 -0.061508511654260453 0
0,1,0,0,1,0,2 -6.6266298079017193e-15 1.241501565005186e-15 0
0,1,0,0,1,1,1 -4.6913653111319929e-15 1.1056139024562726e-15 0
0,1,0,0,1,2,0 1.279851013430611e-15 -1.1309607353527711e-16 0
0,1,0,0,2,0,1 -3.4122004202480775e-15 1.6900534776281874e-15 0
0,1,0,0,2,1,0 -0.50000000000000677 0.18452553496278867 0
0,1,0,0,3,0,0 1.4458920276000527e-15 -8.218253839260103e-17 0
0,1,0,1,0,0,2 2.8775247030035597e-15 -3.9668581153662552e-16 0
0,1,0,1,0,1,1 -1.5008968657710182e-15 9.2531256028657559e-16 0
0,1,0,1,0,2,0 -3.0003205911824438e-15 4.4547126998046641e-16 0
0,1,0,1,1,0,1 -0.94280904158207102 0.34576594600847471 0
0,1,0,1,1,1,0 -3.6869087900682144e-15 1.3045548626435786e-15 0
0,1,0,1,2,0,0 -2.924743177005421e-15 9.3782689837459329e-17 0
0,1,0,2,0,0,1 -2.3316549608232164e-15 5.0236359917669692e-16 0
0,1,0,2,0,1,0 -0.33333333333334236 0.12026598378780795 0
0,1,0,2,1,0,0 2.3203096800256836e-16 -9.3551932118896306e-16 0
0,1,0,3,0,0,0 -1.1781268508726928e-15 2.8023398152137874e-16 0
0,1,1,0,0,0,2 -5.1757174569032603e-15 7.2452957444371318e-16 0
0,1,1,0,0,1,1 -0.94280904158204071 0.34576594600847638 0
0,1,1,0,0,2,0 -3.8150640088709777e-15 2.9845325258436518e-16 0
0,1,1,0,1,0,1 5.8096036327525918e-15 1.6748978026922928e-16 0
0,1,1,0,1,1,0 5.8982279293595991e-16 -6.8155171733592244e-16 0
0,1,1,0,2,0,0 -4.7904385304839867e-15 1.7021928030705673e-16 0
0,1,1,1,0,0,1 -4.202516007530128e-15 5.7952792224120674e-17 0
0,1,1,1,0,1,0 1.3917910742184565e-15 -8.529121872983491e-16 0
0,1,1,1,1,0,0 -0.66666666666666741 0.2405319675756093 0
0,1,1,2,0,0,0 4.4638864378199639e-16 2.3520701260397796e-16 0
0,1,2,0,0,0,1 -3.9238621454066691e-15 1.3905972139484209e-15 0
0,1,2,0,0,1,0 0.33333333333333182 -0.12026598378780395 0
0,1,2,0,1,0,0 5.5858486029475532e-16 4.2261684794823444e-16 0
0,1,2,1,0,0,0 -6.5112089171116408e-15 1.2211452843857676e-15 0
0,1,3,0,0,0,0 -8.6561245566943084e-16 -4.1869457084898811e-17 0
0,2,0,0,0,0,2 -5.3418641038360803e-16 1.1563151694829465e-15 0
0,2,0,0,0,1,1 -8.1209453224595496e-15 1.9674881298822888e-15 0
0,2,0,0,0,2,0 -0.16666666666666743 0.059166849084105605 0
0,2,0,0,1,0,1 3.4360535250410607e-15 -6.5301496848801932e-16 0
0,2,0,0,1,1,0 1.3588305827760827e-15 -1.3626795004884062e-15 0
0,2,0,0,2,0,0 -0.1666666666666686 0.059166849084103502 0
0,2,0,1,0,0,1 2.8451633410364607e-15 1.8897643866422342e-16 0
0,2,0,1,0,1,0 -4.1454470064983262e-15 3.6496955631293293e-16 0
0,2,0,1,1,0,0 1.9619722513297688e-15 -5.3429483060085659e-16 0
0,2,0,2,0,0,0 -0.16666666666666788 0.057791329323745221 0
0,2,1,0,0,0,1 -1.4315805485498601e-15 9.9323761021397061e-16 0
0,2,1,0,0,1,0 -4.6154486482707924e-15 1.2839935278202708e-15 0
0,2,1,0,1,0,0 -1.1810864786188091e-14 3.4336682802615925e-15 0
0,2,1,1,0,0,0 -4.7574791328663935e-15 1.3821409294845211e-15 0
0,2,2,0,0,0,0 -0.16666666666667335 0.057791329323746574 0
0,3,0,0,0,0,1 -1.8711161092754836e-15 2.1575081131375295e-15 0
0,3,0,0,0,1,0 -6.8991036841770104e-15 2.8670371198663558e-16 0
0,3,0,0,1,0,0 -9.9226182825873366e-16 2.3787395664331967e-16 0
0,3,0,1,0,0,0 -9.0118884576995129e-16 5.0117245423142442e-16 0
0,3,1,0,0,0,0 -1.3105835861004778e-15 4.9070990326693931e-16 0
0,4,0,0,0,0,0 9.3718435789647003e-16 2.1892752367913548e-16 0
1,0,0,0,0,0,3 3.6877781644378826e-15 -8.8679606193020621e-16 0
1,0,0,0,0,1,2 9.9472838820113818e-15 -1.8344429707911614e-15 0
1,0,0,0,0,2,1 7.2580288133783366e-15 -5.6790509794790722e-16 0
1,0,0,0,0,3,0 8.0989089133037817e-15 -1.8336704767432654e-15 0
1,0,0,0,1,0,2 8.409540459017404e-15 -4.6148218438898242e-16 0
1,0,0,0,1,1,1 -1.2914118423723239e-15 -7.0696757909632923e-16 0
1,0,0,0,1,2,0 0.50000000000000022 -0.18452553496278021 0
1,0,0,0,2,0,1 -7.7477838987554835e-17 1.7041604096575038e-16 0
1,0,0,0,2,1,0 5.9570565630699126e-15 -1.9821753635503232e-15 0
1,0,0,0,3,0,0 -0.16666666666666727 0.061508511654263298 0
1,0,0,1,0,0,2 3.717200700893708e-15 -7.1446212661363528e-16 0
1,0,0,1,0,1,1 0.94280904158205714 -0.3457659460084736 0
1,0,0,1,0,2,0 2.7333549919988931e-15 4.4763997196495264e-16 0
1,0,0,1,1,0,1 3.0893273643460908e-15 1.2665463431727267e-15 0
1,0,0,1,1,1,0 -3.8179671284308686e-16 2.9264954446318187e-15 0
1,0,0,1,2,0,0 3.9654419172949467e-16 -2.9889066321305284e-16 0
1,0,0,2,0,0,1 2.0056249412994664e-15 -2.1002893434846071e-15 0
1,0,0,2,0,1,0 5.2318311358559577e-15 -1.6495051852194464e-15 0
1,0,0,2,1,0,0 0.3333333333333241 -0.12026598378780627 0
1,0,0,3,0,0,0 1.0185062970964609e-15 5.7611792940448492e-17 0
1,0,1,0,0,0,2 3.2634214341270562e-15 -8.3034978632517964e-16 0
1,0,1,0,0,1,1 -7.4850607482968012e-16 -5.7657871532779126e-16 0
1,0,1,0,0,2,0 2.6101896252045398e-15 -5.2583805365546965e-17 0
1,0,1,0,1,0,1 -0.94280904158205714 0.34576594600847715 0
1,0,1,0,1,1,0 -3.9211831752514886e-15 3.6661110616471176e-16 0
1,0,1,0,2,0,0 -2.0325714416317899e-15 -2.3250080314241202e-16 0
1,0,1,1,0,0,1 7.7992625378831004e-15 -4.6165328504432779e-16 0
1,0,1,1,0,1,0 -0.66666666666666707 0.24053196757561157 0
1,0,1,1,1,0,0 3.8112137347424101e-15 -8.0188778523154064e-16 0
1,0,1,2,0,0,0 3.3159849107018691e-15 -4.8482810648120545e-16 0
1,0,2,0,0,0,1 -4.748534464943388e-16 -4.1119045017870559e-16 0
1,0,2,0,0,1,0 6.9826008039855503e-15 -1.081749165070256e-15 0
1,0,2,0,1,0,0 -0.33333333333333498 0.1202659837878043 0
1,0,2,1,0,0,0 1.5763554198945651e-15 -7.0319997654694211e-16 0
1,0,3,0,0,0,0 -7.1524054989216199e-16 -5.5894010123416771e-17 0
1,1,0,0,0,0,2 4.2730673835339812e-15 -2.0674081394748093e-15 0
1,1,0,0,0,1,1 8.7252400803597077e-15 -3.0322863710103473e-16 0
1,1,0,0,0,2,0 3.6635367606651937e-15 -1.0991615187934848e-15 0
1,1,0,0,1,0,1 -1.5094458801426723e-15 -4.0270095646336576e-16 0
1,1,0,0,1,1,0 1.7484704287622456e-15 1.5303539036910232e-15 0
1,1,0,0,2,0,0 6.8632161276997852e-15 -9.6136145197867342e-16 0
1,1,0,1,0,0,1 9.3604043249484397e-15 -4.6564967785267668e-16 0
1,1,0,1,0,1,0 6.1522952891181374e-16 -5.9011206392751339e-16 0
1,1,0,1,1,0,0 5.1904914624703071e-15 -3.5087820524832555e-16 0
1,1,0,2,0,0,0 7.306263734263864e-15 -2.6802768380372583e-16 0
1,1,1,0,0,0,1 6.2807804063020404e-15 1.5918026224104596e-16 0
1,1,1,0,0,1,0 1.128566132308552e-15 5.8201170464355207e-17 0
1,1,1,0,1,0,0 -4.4673570342565347e-15 -9.1299289241906952e-16 0
1,1,1,1,0,0,0 -3.6877901623038437e-15 1.9417476108082046e-15 0
1,1,2,0,0,0,0 6.1879172438717848e-15 -7.3902360807553504e-16 0
1,2,0,0,0,0,1 3.7999117741271959e-15 -4.5785857744062852e-16 0
1,2,0,0,0,1,0 6.043586854923011e-15 -1.5889931514675992e-15 0
1,2,0,0,1,0,0 -4.0115480381963664e-17 -3.6228615593603131e-16 0
1,2,0,1,0,0,0 -1.8726339923169633e-15 -6.5540021326748743e-17 0
1,2,1,0,0,0,0 1.9576354426398268e-15 -1.592096680186339e-15 0
1,3,0,0,0,0,0 2.3193252873809911e-15 -1.0628704947418521e-15 0
2,0,0,0,0,0,2 2.2518879122523927e-16 1.3244884789626044e-16 0
2,0,0,0,0,1,1 -9.9211003995458569e-15 1.2283739563717644e-15 0
2,0,0,0,0,2,0 -0.16666666666666971 0.059166849084105723 0
2,0,0,0,1,0,1 4.6958812028761662e-15 -2.2842022191901443e-15 0
2,0,0,0,1,1,0 -5.0884487866765388e-16 -3.3584178732275205e-16 0
2,0,0,0,2,0,0 -0.16666666666666269 0.059166849084104411 0
2,0,0,1,0,0,1 -5.3730891264036629e-15 9.7551090469383261e-16 0
2,0,0,1,0,1,0 -5.6255591547940687e-15 7.7773887590532054e-16 0
2,0,0,1,1,0,0 1.821871307788013e-15 -1.8872478517559417e-15 0
2,0,0,2,0,0,0 -0.16666666666666533 0.057791329323744881 0
2,0,1,0,0,0,1 1.9598173995119539e-15 -1.806396015841677e-15 0
2,0,1,0,0,1,0 -4.6892557111627431e-15 6.4787856069586924e-16 0
2,0,1,0,1,0,0 -9.985757389025093e-15 2.37541453859875e-15 0
2,0,1,1,0,0,0 -3.7276903569125053e-16 -2.9537732936651961e-17 0
2,0,2,0,0,0,0 -0.1666666666666711 0.057791329323747191 0
2,1,0,0,0,0,1 -3.9368898309983114e-15 1.1828595795461231e-16 0
2,1,0,0,0,1,0 -7.0052559533332163e-15 1.5711248140392089e-15 0
2,1,0,0,1,0,0 1.3201315003831919e-15 3.2956118402729867e-16 0
2,1,0,1,0,0,0 -1.7612061504805622e-15 1.279477380411998e-16 0
2,1,1,0,0,0,0 4.1521865900734429e-16 5.7373583791776648e-17 0
2,2,0,0,0,0,0 -4.3937293039975067e-17 2.4169576930133108e-16 0
3,0,0,0,0,0,1 2.277349722646857e-15 -7.7482508256676574e-16 0
3,0,0,0,0,1,0 7.9900312982637139e-15 -2.1197982063257681e-15 0
3,0,0,0,1,0,0 -2.878961437939565e-15 3.0168950359275339e-15 0
3,0,0,1,0,0,0 -3.5446634776697961e-16 5.0015262656293025e-16 0
3,0,1,0,0,0,0 1.3605212605388023e-15 -2.9070509562946489e-16 0
3,1,0,0,0,0,0 3.7506443212509225e-15 -8.4077262924157944e-16 0
4,0,0,0,0,0,0 -1.0387995124467794e-15 1.2957825323801561e-16 0
