# sectors lambda 1.9614068619764455 2.1995688493332102 2.298606272079097 2.3421820411462999
0,0,0,0,0,0,4 2.4330852003290326e-16 3.2020555911643767e-16 0
0,0,0,0,0,1,3 -7.0002190892884397e-15 9.9110308718688978e-16 0
0,0,0,0,0,2,2 -0.33333333333334331 0.128910786478487 0
0,0,0,0,0,3,1 -1.9574050496781736e-15 2.1200692568688895e-15 0
0,0,0,0,0,4,0 -0.041666666666668843 0.015962543556105942 0
0,0,0,0,1,0,3 5.4802735225821693e-15 -1.0897760727949114e-15 0
0,0,0,0,1,1,2 7.864675504267761e-15 -1.0726833714357932e-15 0
0,0,0,0,1,2,1 6.0894791000052489e-15 -1.5619872000102904e-15 0
0,0,0,0,1,3,0 1.3288218995207574e-15 -1.7459360746160859e-15 0
0,0,0,0,2,0,2 -0.33333333333333759 0.12891078647848334 0
0,0,0,0,2,1,1 -4.418342863834855e-15 1.2282415545341967e-15 0
0,0,0,0,2,2,0 -0.083333333333336715 0.031925087112210614 0
0,0,0,0,3,0,1 1.4270734920277842e-15 -9.2959168194309682e-16 0
0,0,0,0,3,1,0 3.2147573299732102e-15 -1.8723215165687652e-15 0
0,0,0,0,4,0,0 -0.041666666666664909 0.015962543556104932 0
0,0,0,1,0,0,3 4.6051487276321801e-17 1.7265241970473855e-16 0
0,0,0,1,0,1,2 -1.5065531287772327e-15 2.3769777379029078e-16 0
0,0,0,1,0,2,1 -3.079025749641584e-15 4.285851187835199e-16 0
0,0,0,1,0,3,0 -4.6509969270011609e-15 7.4921758250537374e-16 0
0,0,0,1,1,0,2 2.3597092772072344e-15 -1.2239202571351013e-15 0
0,0,0,1,1,1,1 -1.4142135623730934 0.53851858480402404 0
0,0,0,1,1,2,0 -4.2387222746499698e-17 -2.7275900857598803e-16 0
0,0,0,1,2,0,1 -1.045978291375305e-14 -3.486056738653679e-17 0
0,0,0,1,2,1,0 -3.043882829116036e-15 -2.4474291738951922e-16 0
0,0,0,1,3,0,0 4.3551457960243964e-15 -1.3843709430686956e-15 0
0,0,0,2,0,0,2 -0.33333333333334048 0.12615974695776555 0
0,0,0,2,0,1,1 -1.3095806990909287e-15 1.1800185394789109e-15 0
0,0,0,2,0,2,0 -0.16666666666666852 0.062474654464063042 0
0,0,0,2,1,0,1 3.0292642580562884e-15 -1.5403480493067848e-15 0
0,0,0,2,1,1,0 1.1497523582076202e-15 -1.6183962061656378e-15 0
0,0,0,2,2,0,0 -0.16666666666665897 0.06247465446405958 0
0,0,0,3,0,0,1 -1.6664187391102203e-16 3.1572644889135693e-16 0
0,0,0,3,0,1,0 -3.8098864341140626e-15 7.4017127062869781e-16 0
0,0,0,3,1,0,0 3.3052919667757308e-17 -1.1491958575612742e-15 0
0,0,0,4,0,0,0 1.3543531666168965e-15 -5.4393491257355778e-16 0
0,0,1,0,0,0,3 -3.5358543350183513e-17 -6.7189025068463415e-16 0
0,0,1,0,0,1,2 -3.4204545662844255e-15 3.2535551943574381e-16 0
0,0,1,0,0,2,1 0.70710678118655046 -0.26925929240201057 0
0,0,1,0,0,3,0 -9.6514322141943998e-16 4.6078253517455037e-16 0
0,0,1,0,1,0,2 -8.9239359445884153e-15 2.8046518727516557e-15 0
0,0,1,0,1,1,1 4.9265519913360353e-15 -5.309600618875164e-16 0
0,0,1,0,1,2,0 -1.2083071529282469e-14 3.933450329910099e-15 0
0,0,1,0,2,0,1 -0.70710678118653469 0.26925929240201296 0
0,0,1,0,2,1,0 -7.911625402333544e-15 1.2542262224851333e-15 0
0,0,1,0,3,0,0 -7.2659272839421003e-15 2.3415006699107031e-15 0
0,0,1,1,0,0,2 -4.0596052994917864e-15 1.3099804986420327e-15 0
0,0,1,1,0,1,1 -2.9898772260089634e-15 7.7780663854110088e-16 0
0,0,1,1,0,2,0 4.95968283803494e-16 5.7649740016485485e-16 0
0,0,1,1,1,0,1 -2.4931466125529406e-15 6.7636343167908411e-16 0
0,0,1,1,1,1,0 -9.1052145478279917e-16 1.1924267251232391e-15 0
0,0,1,1,2,0,0 -1.0650234672053154e-15 7.1222529788839389e-16 0
0,0,1,2,0,0,1 2.324421037591673e-15 -4.8423179528633842e-16 0
0,0,1,2,0,1,0 -3.7127283669322053e-15 1.2734903192743174e-15 0
0,0,1,2,1,0,0 -9.336279206608334e-15 2.4751234455012636e-15 0
0,0,1,3,0,0,0 -5.3632872611380361e-15 8.7937266518046953e-16 0
0,0,2,0,0,0,2 -0.33333333333334003 0.12615974695776644 0
0,0,2,0,0,1,1 -4.4257132680858291e-15 1.5616102703487622e-15 0
0,0,2,0,0,2,0 -0.16666666666667918 0.0624746544640618 0
0,0,2,0,1,0,1 -1.6614267504355771e-15 -8.4396160578755625e-16 0
0,0,2,0,1,1,0 5.1656795567412914e-15 -7.6075120663166192e-16 0
0,0,2,0,2,0,0 -0.16666666666666655 0.062474654464060052 0
0,0,2,1,0,0,1 2.0290708132794655e-15 3.6351265964365553e-16 0
0,0,2,1,0,1,0 -3.8267525541597902e-15 3.56512779367546e-16 0
0,0,2,1,1,0,0 4.4794236272712243e-15 -1.0278350944610461e-15 0
0,0,2,2,0,0,0 -1.0253028894652294e-15 3.6285366801069169e-16 0
0,0,3,0,0,0,1 2.9118790440939984e-15 1.8216290563650983e-17 0
0,0,3,0,0,1,0 -2.917703242639319e-15 1.0305273886838939e-15 0
0,0,3,0,1,0,0 -1.024628783588113e-14 2.2377927016749299e-15 0
0,0,3,1,0,0,0 -2.856049408474573e-15 6.506576757958106e-16 0
0,0,4,0,0,0,0 -6.0149395653721601e-15 7.5787267103953658e-16 0
0,1,0,0,0,0,3 -3.1683341626941773e-15 7.1946398733200727e-16 0
0,1,0,0,0,1,2 -1.0131534689110731e-14 2.7309523176380853e-15 0
0,1,0,0,0,2,1 -5.1760189369358215e-15 1.5971050238528644e-15 0
0,1,0,0,0,3,0 0.166666666666658 -0.061508511654260828 0
0,1,0,0,1,0,2 -6.6266298079017193e-15 -1.5645938220102112e-16 0
0,1,0,0,1,1,1 -4.6913653111319929e-15 1.0329801363354954e-15 0
0,1,0,0,1,2,0 1.279851013430611e-15 3.8852902587262206e-16 0
0,1,0,0,2,0,1 -3.4122004202480775e-15 1.6989985876762223e-15 0
0,1,0,0,2,1,0 -0.50000000000000677 0.1845255349627854 0
0,1,0,0,3,0,0 1.4458920276000527e-15 8.3483499906761425e-18 0
0,1,0,1,0,0,2 2.8775247030035597e-15 3.5468446743448824e-17 0
0,1,0,1,0,1,1 -1.5008968657710182e-15 1.5133909187556894e-15 0
0,1,0,1,0,2,0 -3.0003205911824438e-15 3.2069911375571503e-16 0
0,1,0,1,1,0,1 -0.94280904158207102 0.34576594600847621 0
0,1,0,1,1,1,0 -3.6869087900682144e-15 1.7872612644932511e-15 0
0,1,0,1,2,0,0 -2.924743177005421e-15 7.6121795333730766e-16 0
0,1,0,2,0,0,1 -2.3316549608232164e-15 1.0372041667340399e-15 0
0,1,0,2,0,1,0 -0.33333333333334236 0.12026598378780848 0
0,1,0,2,1,0,0 2.3203096800256836e-16 -8.6980879397670832e-16 0
0,1,0,3,0,0,0 -1.1781268508726928e-15 3.2809820574573435e-16 0
0,1,1,0,0,0,2 -5.1757174569032603e-15 5.3584737600834666e-16 0
0,1,1,0,0,1,1 -0.94280904158204071 0.34576594600847743 0
0,1,1,0,0,2,0 -3.8150640088709777e-15 1.2067987666184277e-15 0
0,1,1,0,1,0,1 5.8096036327525918e-15 -5.942607659206466e-16 0
0,1,1,0,1,1,0 5.8982279293595991e-16 -7.9841739854813872e-16 0
0,1,1,0,2,0,0 -4.7904385304839867e-15 5.0198537955982591e-16 0
0,1,1,1,0,0,1 -4.202516007530128e-15 8.0147378934635241e-16 0
0,1,1,1,0,1,0 1.3917910742184565e-15 -3.1590430691053018e-16 0
0,1,1,1,1,0,0 -0.66666666666666741 0.24053196757561163 0
0,1,1,2,0,0,0 4.4638864378199639e-16 5.834325061551404e-16 0
0,1,2,0,0,0,1 -3.9238621454066691e-15 9.1707312707212457e-16 0
0,1,2,0,0,1,0 0.33333333333333182 -0.12026598378780327 0
0,1,2,0,1,0,0 5.5858486029475532e-16 -2.8558138593275268e-16 0
0,1,2,1,0,0,0 -6.5112089171116408e-15 1.1843333189390054e-15 0
0,1,3,0,0,0,0 -8.6561245566943084e-16 3.6417405384048562e-16 0
0,2,0,0,0,0,2 -5.3418641038360803e-16 8.6110047044229976e-16 0
0,2,0,0,0,1,1 -8.1209453224595496e-15 1.6500337337785331e-15 0
0,2,0,0,0,2,0 -0.16666666666666743 0.059166849084106091 0
0,2,0,0,1,0,1 3.4360535250410607e-15 -1.5828267516115879e-15 0
0,2,0,0,1,1,0 1.3588305827760827e-15 -1.2237932021930131e-15 0
0,2,0,0,2,0,0 -0.1666666666666686 0.059166849084103301 0
0,2,0,1,0,0,1 2.8451633410364607e-15 -1.9613217300262775e-16 0
0,2,0,1,0,1,0 -4.1454470064983262e-15 -1.9214773001874352e-16 0
0,2,0,1,1,0,0 1.9619722513297688e-15 -6.8087896432089678e-16 0
0,2,0,2,0,0,0 -0.16666666666666788 0.057791329323745921 0
0,2,1,0,0,0,1 -1.4315805485498601e-15 4.0180532512312794e-16 0
0,2,1,0,0,1,0 -4.6154486482707924e-15 1.4930819167841003e-15 0
0,2,1,0,1,0,0 -1.1810864786188091e-14 3.2276698674893467e-15 0
0,2,1,1,0,0,0 -4.7574791328663935e-15 4.8312048805954078e-16 0
0,2,2,0,0,0,0 -0.16666666666667335 0.057791329323745942 0
0,3,0,0,0,0,1 -1.8711161092754836e-15 8.6971987771355952e-16 0
0,3,0,0,0,1,0 -6.8991036841770104e-15 4.1663178983186722e-16 0
0,3,0,0,1,0,0 -9.9226182825873366e-16 -3.2807957739411364e-16 0
0,3,0,1,0,0,0 -9.0118884576995129e-16 4.038653092508504e-17 0
0,3,1,0,0,0,0 -1.3105835861004778e-15 2.0252896582029223e-16 0
0,4,0,0,0,0,0 9.3718435789647003e-16 1.4094628242311558e-16 0
1,0,0,0,0,0,3 3.6877781644378826e-15 -5.5869276761356945e-16 0
1,0,0,0,0,1,2 9.9472838820113818e-15 -2.0474480401030948e-15 0
1,0,0,0,0,2,1 7.2580288133783366e-15 -7.8912299871641833e-16 0
1,0,0,0,0,3,0 8.0989089133037817e-15 -2.092198484772434e-15 0
1,0,0,0,1,0,2 8.409540459017404e-15 -3.8635967932994578e-16 0
1,0,0,0,1,1,1 -1.2914118423723239e-15 5.8534720039776778e-16 0
1,0,0,0,1,2,0 0.50000000000000022 -0.18452553496278234 0
1,0,0,0,2,0,1 -7.7477838987554835e-17 -5.8636676336846594e-16 0
1,0,0,0,2,1,0 5.9570565630699126e-15 -1.8980921234120629e-15 0
1,0,0,0,3,0,0 -0.16666666666666727 0.061508511654263444 0
1,0,0,1,0,0,2 3.717200700893708e-15 -8.9858676055598607e-16 0
1,0,0,1,0,1,1 0.94280904158205714 -0.34576594600847393 0
1,0,0,1,0,2,0 2.7333549919988931e-15 5.10740538403609e-16 0
1,0,0,1,1,0,1 3.0893273643460908e-15 1.0276271478724952e-15 0
1,0,0,1,1,1,0 -3.8179671284308686e-16 9.787177714321374e-16 0
1,0,0,1,2,0,0 3.9654419172949467e-16 -7.0743132963495096e-17 0
1,0,0,2,0,0,1 2.0056249412994664e-15 -6.7135153773018041e-16 0
1,0,0,2,0,1,0 5.2318311358559577e-15 -1.5074340430423772e-15 0
1,0,0,2,1,0,0 0.3333333333333241 -0.1202659837878059 0
1,0,0,3,0,0,0 1.0185062970964609e-15 1.4260443412066059e-15 0
1,0,1,0,0,0,2 3.2634214341270562e-15 -4.7249530676918283e-16 0
1,0,1,0,0,1,1 -7.4850607482968012e-16 -4.4305921778620139e-16 0
1,0,1,0,0,2,0 2.6101896252045398e-15 -2.3161268909721588e-17 0
1,0,1,0,1,0,1 -0.94280904158205714 0.34576594600847288 0
1,0,1,0,1,1,0 -3.9211831752514886e-15 6.8804571008761542e-16 0
1,0,1,0,2,0,0 -2.0325714416317899e-15 -4.0585980714383826e-18 0
1,0,1,1,0,0,1 7.7992625378831004e-15 2.0060450696413046e-16 0
1,0,1,1,0,1,0 -0.66666666666666707 0.24053196757560968 0
1,0,1,1,1,0,0 3.8112137347424101e-15 -3.6351689480839181e-16 0
1,0,1,2,0,0,0 3.3159849107018691e-15 -3.4033106194319984e-16 0
1,0,2,0,0,0,1 -4.748534464943388e-16 -2.1432982884143914e-16 0
1,0,2,0,0,1,0 6.9826008039855503e-15 -1.6043820460533154e-15 0
1,0,2,0,1,0,0 -0.33333333333333498 0.12026598378780493 0
1,0,2,1,0,0,0 1.5763554198945651e-15 -2.1874795269431757e-16 0
1,0,3,0,0,0,0 -7.1524054989216199e-16 6.5950832306167079e-17 0
1,1,0,0,0,0,2 4.2730673835339812e-15 -1.4953326776895012e-15 0
1,1,0,0,0,1,1 8.7252400803597077e-15 1.5435215004347416e-16 0
1,1,0,0,0,2,0 3.6635367606651937e-15 -9.0077861276269923e-16 0
1,1,0,0,1,0,1 -1.5094458801426723e-15 -1.4289386180397938e-15 0
1,1,0,0,1,1,0 1.7484704287622456e-15 1.2930882793212546e-15 0
1,1,0,0,2,0,0 6.8632161276997852e-15 -7.5953753020010331e-16 0
1,1,0,1,0,0,1 9.3604043249484397e-15 -5.3740879468298886e-16 0
1,1,0,1,0,1,0 6.1522952891181374e-16 -1.0826865733982176e-15 0
1,1,0,1,1,0,0 5.1904914624703071e-15 -7.0900230803755227e-16 0
1,1,0,2,0,0,0 7.306263734263864e-15 -5.0073372281093473e-16 0
1,1,1,0,0,0,1 6.2807804063020404e-15 -3.9864418475745531e-17 0
1,1,1,0,0,1,0 1.128566132308552e-15 5.4996521891123174e-17 0
1,1,1,0,1,0,0 -4.4673570342565347e-15 -3.4097482671316905e-16 0
1,1,1,1,0,0,0 -3.6877901623038437e-15 7.6460197657728831e-16 0
1,1,2,0,0,0,0 6.1879172438717848e-15 -1.2168706948081489e-15 0
1,2,0,0,0,0,1 3.7999117741271959e-15 -9.6960200285378662e-16 0
1,2,0,0,0,1,0 6.043586854923011e-15 -9.7454867526575173e-16 0
1,2,0,0,1,0,0 -4.0115480381963664e-17 3.5881670898407769e-16 0
1,2,0,1,0,0,0 -1.8726339923169633e-15 -6.8608313474882721e-16 0
1,2,1,0,0,0,0 1.9576354426398268e-15 -5.9159491541671549e-16 0
1,3,0,0,0,0,0 2.3193252873809911e-15 -8.2973992260315654e-16 0
2,0,0,0,0,0,2 2.2518879122523927e-16 1.0310152796615124e-15 0
2,0,0,0,0,1,1 -9.9211003995458569e-15 1.8191557201591158e-15 0
2,0,0,0,0,2,0 -0.16666666666666971 0.059166849084105605 0
2,0,0,0,1,0,1 4.6958812028761662e-15 -1.4462435358997792e-15 0
2,0,0,0,1,1,0 -5.0884487866765388e-16 -6.3022808814098413e-16 0
2,0,0,0,2,0,0 -0.16666666666666269 0.059166849084104911 0
2,0,0,1,0,0,1 -5.3730891264036629e-15 8.5263691723333479e-16 0
2,0,0,1,0,1,0 -5.6255591547940687e-15 5.876172486964093e-16 0
2,0,0,1,1,0,0 1.821871307788013e-15 -1.614153418132841e-15 0
2,0,0,2,0,0,0 -0.16666666666666533 0.057791329323745373 0
2,0,1,0,0,0,1 1.9598173995119539e-15 -1.4871662386804763e-15 0
2,0,1,0,0,1,0 -4.6892557111627431e-15 6.3011119759426304e-16 0
2,0,1,0,1,0,0 -9.985757389025093e-15 2.5334581810621936e-15 0
2,0,1,1,0,0,0 -3.7276903569125053e-16 2.3797221246520117e-16 0
2,0,2,0,0,0,0 -0.1666666666666711 0.057791329323747614 0
2,1,0,0,0,0,1 -3.9368898309983114e-15 2.3066039729528149e-16 0
2,1,0,0,0,1,0 -7.0052559533332163e-15 1.4447923239999353e-15 0
2,1,0,0,1,0,0 1.3201315003831919e-15 2.2668861738388149e-16 0
2,1,0,1,0,0,0 -1.7612061504805622e-15 2.29790615782733e-16 0
2,1,1,0,0,0,0 4.1521865900734429e-16 7.3228082880088884e-17 0
2,2,0,0,0,0,0 -4.3937293039975067e-17 2.2163802911034924e-16 0
3,0,0,0,0,0,1 2.277349722646857e-15 -6.817886777062479e-16 0
3,0,0,0,0,1,0 7.9900312982637139e-15 -1.8936336331452919e-15 0
3,0,0,0,1,0,0 -2.878961437939565e-15 2.9196458068247283e-15 0
3,0,0,1,0,0,0 -3.5446634776697961e-16 9.8042369578790756e-16 0
3,0,1,0,0,0,0 1.3605212605388023e-15 4.2507332018420357e-16 0
3,1,0,0,0,0,0 3.7506443212509225e-15 -1.3235775274219234e-15 0
4,0,0,0,0,0,0 -1.0387995124467794e-15 -4.6632975394611878e-17 0
