# sectors lambda 1.9614068619764455 2.1995688493332102 2.298606272079097 2.3421820411462999
0,0,0,0,0,0,4 2.4330852003290326e-16 3.6712101999895885e-16 0
0,0,0,0,0,1,3 -7.0002190892884397e-15 1.3486119773004068e-15 0
0,0,0,0,0,2,2 -0.33333333333334331 0.12891078647848711 0
0,0,0,0,0,3,1 -1.9574050496781736e-15 1.9908662392265075e-15 0
0,0,0,0,0,4,0 -0.041666666666668843 0.015962543556106192 0
0,0,0,0,1,0,3 5.4802735225821693e-15 -1.0963952117612301e-15 0
0,0,0,0,1,1,2 7.864675504267761e-15 -1.7938599282223133e-15 0
0,0,0,0,1,2,1 6.0894791000052489e-15 -8.6361107609796151e-16 0
0,0,0,0,1,3,0 1.3288218995207574e-15 -1.292601076630269e-15 0
0,0,0,0,2,0,2 -0.33333333333333759 0.12891078647848328 0
0,0,0,0,2,1,1 -4.418342863834855e-15 1.0372277369340307e-15 0
0,0,0,0,2,2,0 -0.083333333333336715 0.031925087112210919 0
0,0,0,0,3,0,1 1.4270734920277842e-15 -1.2301639206234087e-15 0
0,0,0,0,3,1,0 3.2147573299732102e-15 -1.4880100803649273e-15 0
0,0,0,0,4,0,0 -0.041666666666664909 0.015962543556104783 0
0,0,0,1,0,0,3 4.6051487276321801e-17 2.2436208706871907e-16 0
0,0,0,1,0,1,2 -1.5065531287772327e-15 6.5737888223227348e-16 0
0,0,0,1,0,2,1 -3.079025749641584e-15 6.3995033230956899e-16 0
0,0,0,1,0,3,0 -4.6509969270011609e-15 1.0458756256881419e-15 0
0,0,0,1,1,0,2 2.3597092772072344e-15 -7.5036954731363958e-16 0
0,0,0,1,1,1,1 -1.4142135623730934 0.5385185848040227 0
0,0,0,1,1,2,0 -4.2387222746499698e-17 -5.0768105539812647e-16 0
0,0,0,1,2,0,1 -1.045978291375305e-14 4.9254748830644831e-16 0
0,0,0,1,2,1,0 -3.043882829116036e-15 -9.1764161373741882e-17 0
0,0,0,1,3,0,0 4.3551457960243964e-15 -1.7492450898882348e-15 0
0,0,0,2,0,0,2 -0.33333333333334048 0.12615974695776666 0
0,0,0,2,0,1,1 -1.3095806990909287e-15 1.604321059681113e-15 0
0,0,0,2,0,2,0 -0.16666666666666852 0.062474654464062411 0
0,0,0,2,1,0,1 3.0292642580562884e-15 -8.5093099287756463e-16 0
0,0,0,2,1,1,0 1.1497523582076202e-15 -1.6076295703730883e-15 0
0,0,0,2,2,0,0 -0.16666666666665897 0.06247465446405933 0
0,0,0,3,0,0,1 -1.6664187391102203e-16 5.4866728564986755e-16 0
0,0,0,3,0,1,0 -3.8098864341140626e-15 7.7165379121224564e-16 0
0,0,0,3,1,0,0 3.3052919667757308e-17 -1.4524603342161522e-15 0
0,0,0,4,0,0,0 1.3543531666168965e-15 -4.1307425145339915e-16 0
0,0,1,0,0,0,3 -3.5358543350183513e-17 -9.7781483431036431e-18 0
0,0,1,0,0,1,2 -3.4204545662844255e-15 1.8070939709902145e-16 0
0,0,1,0,0,2,1 0.70710678118655046 -0.26925929240201169 0
0,0,1,0,0,3,0 -9.6514322141943998e-16 2.7813851482400009e-16 0
0,0,1,0,1,0,2 -8.9239359445884153e-15 2.2996478649833264e-15 0
0,0,1,0,1,1,1 4.9265519913360353e-15 2.1050462805163872e-17 0
0,0,1,0,1,2,0 -1.2083071529282469e-14 3.3505540193452116e-15 0
0,0,1,0,2,0,1 -0.70710678118653469 0.26925929240201141 0
0,0,1,0,2,1,0 -7.911625402333544e-15 1.0136579863854957e-15 0
0,0,1,0,3,0,0 -7.2659272839421003e-15 2.7255497372455386e-15 0
0,0,1,1,0,0,2 -4.0596052994917864e-15 1.3189861529372404e-15 0
0,0,1,1,0,1,1 -2.9898772260089634e-15 6.239583502654078e-16 0
0,0,1,1,0,2,0 4.95968283803494e-16 1.1446735486558834e-15 0
0,0,1,1,1,0,1 -2.4931466125529406e-15 7.9004965276071454e-16 0
0,0,1,1,1,1,0 -9.1052145478279917e-16 1.3952140359924439e-15 0
0,0,1,1,2,0,0 -1.0650234672053154e-15 8.0947481815877502e-16 0
0,0,1,2,0,0,1 2.324421037591673e-15 -8.0300078652423279e-16 0
0,0,1,2,0,1,0 -3.7127283669322053e-15 1.3916005934394571e-15 0
0,0,1,2,1,0,0 -9.336279206608334e-15 2.333647767486114e-15 0
0,0,1,3,0,0,0 -5.3632872611380361e-15 8.3165760519574028e-16 0
0,0,2,0,0,0,2 -0.33333333333334003 0.12615974695776638 0
0,0,2,0,0,1,1 -4.4257132680858291e-15 1.4123495125153984e-15 0
0,0,2,0,0,2,0 -0.16666666666667918 0.062474654464062626 0
0,0,2,0,1,0,1 -1.6614267504355771e-15 -8.2196416014736207e-16 0
0,0,2,0,1,1,0 5.1656795567412914e-15 -1.4432391100358682e-15 0
0,0,2,0,2,0,0 -0.16666666666666655 0.062474654464060315 0
0,0,2,1,0,0,1 2.0290708132794655e-15 4.5232914636095245e-16 0
0,0,2,1,0,1,0 -3.8267525541597902e-15 3.4153723686008997e-16 0
0,0,2,1,1,0,0 4.4794236272712243e-15 -1.1849918934287145e-15 0
0,0,2,2,0,0,0 -1.0253028894652294e-15 -4.9117746545382368e-17 0
0,0,3,0,0,0,1 2.9118790440939984e-15 1.7179183423032818e-16 0
0,0,3,0,0,1,0 -2.917703242639319e-15 9.603608733992422e-16 0
0,0,3,0,1,0,0 -1.024628783588113e-14 2.4469844815978837e-15 0
0,0,3,1,0,0,0 -2.856049408474573e-15 8.567162279073115e-16 0
0,0,4,0,0,0,0 -6.0149395653721601e-15 7.4781383715353655e-16 0
0,1,0,0,0,0,3 -3.1683341626941773e-15 1.0473897878887951e-15 0
0,1,0,0,0,1,2 -1.0131534689110731e-14 2.6690766949514316e-15 0
0,1,0,0,0,2,1 -5.1760189369358215e-15 1.2495303242307294e-15 0
0,1,0,0,0,3,0 0.166666666666658 -0.061508511654260231 0
0,1,0,0,1,0,2 -6.6266298079017193e-15 4.9546205011791044e-16 0
0,1,0,0,1,1,1 -4.6913653111319929e-15 8.3548493118150914e-16 0
0,1,0,0,1,2,0 1.279851013430611e-15 1.083110959631558e-15 0
0,1,0,0,2,0,1 -3.4122004202480775e-15 2.7855855628161656e-15 0
0,1,0,0,2,1,0 -0.50000000000000677 0.18452553496278601 0
0,1,0,0,3,0,0 1.4458920276000527e-15 2.6595477919249446e-16 0
0,1,0,1,0,0,2 2.8775247030035597e-15 -2.0212573168410172e-16 0
0,1,0,1,0,1,1 -1.5008968657710182e-15 4.9445061694083603e-16 0
0,1,0,1,0,2,0 -3.0003205911824438e-15 4.2706693810252497e-16 0
0,1,0,1,1,0,1 -0.94280904158207102 0.34576594600847427 0
0,1,0,1,1,1,0 -3.6869087900682144e-15 1.0731861190351719e-15 0
0,1,0,1,2,0,0 -2.924743177005421e-15 5.9229884874629422e-16 0
0,1,0,2,0,0,1 -2.3316549608232164e-15 7.3752705038880283e-16 0
0,1,0,2,0,1,0 -0.33333333333334236 0.12026598378780859 0
0,1,0,2,1,0,0 2.3203096800256836e-16 -9.9645148328264841e-16 0
0,1,0,3,0,0,0 -1.1781268508726928e-15 3.6892171923069301e-16 0
0,1,1,0,0,0,2 -5.1757174569032603e-15 8.0917865906051893e-16 0
0,1,1,0,0,1,1 -0.94280904158204071 0.34576594600847549 0
0,1,1,0,0,2,0 -3.8150640088709777e-15 5.6698302565471249e-16 0
0,1,1,0,1,0,1 5.8096036327525918e-15 -9.9657635031199013e-17 0
0,1,1,0,1,1,0 5.8982279293595991e-16 -6.9380320188500864e-16 0
0,1,1,0,2,0,0 -4.7904385304839867e-15 9.3089552452288669e-16 0
0,1,1,1,0,0,1 -4.202516007530128e-15 9.578405953870894e-16 0
0,1,1,1,0,1,0 1.3917910742184565e-15 -9.264251889720125e-17 0
0,1,1,1,1,0,0 -0.66666666666666741 0.24053196757561074 0
0,1,1,2,0,0,0 4.4638864378199639e-16 3.9100686479014494e-16 0
0,1,2,0,0,0,1 -3.9238621454066691e-15 1.0907068930389303e-15 0
0,1,2,0,0,1,0 0.33333333333333182 -0.12026598378780382 0
0,1,2,0,1,0,0 5.5858486029475532e-16 -9.4547588327351173e-17 0
0,1,2,1,0,0,0 -6.5112089171116408e-15 1.5754625543540305e-15 0
0,1,3,0,0,0,0 -8.6561245566943084e-16 1.3973440680642319e-16 0
0,2,0,0,0,0,2 -5.3418641038360803e-16 8.5242685306241572e-16 0
0,2,0,0,0,1,1 -8.1209453224595496e-15 1.8692594130551021e-15 0
0,2,0,0,0,2,0 -0.16666666666666743 0.059166849084106618 0
0,2,0,0,1,0,1 3.4360535250410607e-15 -1.1558679360867963e-15 0
0,2,0,0,1,1,0 1.3588305827760827e-15 -1.5750747060783166e-15 0
0,2,0,0,2,0,0 -0.1666666666666686 0.059166849084102954 0
0,2,0,1,0,0,1 2.8451633410364607e-15 -7.4701529684251256e-17 0
0,2,0,1,0,1,0 -4.1454470064983262e-15 1.4365678785432926e-18 0
0,2,0,1,1,0,0 1.9619722513297688e-15 -7.4376269032505604e-17 0
0,2,0,2,0,0,0 -0.16666666666666788 0.057791329323745991 0
0,2,1,0,0,0,1 -1.4315805485498601e-15 1.3524337899584182e-15 0
0,2,1,0,0,1,0 -4.6154486482707924e-15 8.8538659910597506e-16 0
0,2,1,0,1,0,0 -1.1810864786188091e-14 3.6110437556802211e-15 0
0,2,1,1,0,0,0 -4.7574791328663935e-15 9.7578195523695399e-16 0
0,2,2,0,0,0,0 -0.16666666666667335 0.057791329323745921 0
0,3,0,0,0,0,1 -1.8711161092754836e-15 1.757356196327442e-15 0
0,3,0,0,0,1,0 -6.8991036841770104e-15 1.6703083144040121e-15 0
0,3,0,0,1,0,0 -9.9226182825873366e-16 -1.6328084717631697e-16 0
0,3,0,1,0,0,0 -9.0118884576995129e-16 -7.1936814144413219e-17 0
0,3,1,0,0,0,0 -1.3105835861004778e-15 3.1365968850005643e-16 0
0,4,0,0,0,0,0 9.3718435789647003e-16 3.9660115469519752e-16 0
1,0,0,0,0,0,3 3.6877781644378826e-15 -5.9724631924079619e-16 0
1,0,0,0,0,1,2 9.9472838820113818e-15 -1.7702582021800195e-15 0
1,0,0,0,0,2,1 7.2580288133783366e-15 -5.7039876294462388e-16 0
1,0,0,0,0,3,0 8.0989089133037817e-15 -2.3758122205674859e-15 0
1,0,0,0,1,0,2 8.409540459017404e-15 -5.071948584864025e-16 0
1,0,0,0,1,1,1 -1.2914118423723239e-15 -9.0120239829710735e-16 0
1,0,0,0,1,2,0 0.50000000000000022 -0.1845255349627824 0
1,0,0,0,2,0,1 -7.7477838987554835e-17 -7.8313976973525077e-16 0
1,0,0,0,2,1,0 5.9570565630699126e-15 -1.6452053283418284e-15 0
1,0,0,0,3,0,0 -0.16666666666666727 0.061508511654262882 0
1,0,0,1,0,0,2 3.717200700893708e-15 -1.685663327671838e-16 0
1,0,0,1,0,1,1 0.94280904158205714 -0.34576594600847543 0
1,0,0,1,0,2,0 2.7333549919988931e-15 3.4968230568088732e-16 0
1,0,0,1,1,0,1 3.0893273643460908e-15 1.3424947053553363e-15 0
1,0,0,1,1,1,0 -3.8179671284308686e-16 1.4096423952159737e-15 0
1,0,0,1,2,0,0 3.9654419172949467e-16 8.8874439652756872e-16 0
1,0,0,2,0,0,1 2.0056249412994664e-15 -6.6144464037909412e-16 0
1,0,0,2,0,1,0 5.2318311358559577e-15 -1.4411757377763568e-15 0
1,0,0,2,1,0,0 0.3333333333333241 -0.12026598378780551 0
1,0,0,3,0,0,0 1.0185062970964609e-15 9.131286221944479e-16 0
1,0,1,0,0,0,2 3.2634214341270562e-15 -7.4965803963794597e-16 0
1,0,1,0,0,1,1 -7.4850607482968012e-16 -4.6013540200284808e-16 0
1,0,1,0,0,2,0 2.6101896252045398e-15 -2.2451116486743583e-16 0
1,0,1,0,1,0,1 -0.94280904158205714 0.34576594600847421 0
1,0,1,0,1,1,0 -3.9211831752514886e-15 6.0665346715300245e-16 0
1,0,1,0,2,0,0 -2.0325714416317899e-15 -5.9961165874600382e-16 0
1,0,1,1,0,0,1 7.7992625378831004e-15 -5.3559587320783919e-17 0
1,0,1,1,0,1,0 -0.66666666666666707 0.24053196757561102 0
1,0,1,1,1,0,0 3.8112137347424101e-15 -3.6799007580284177e-16 0
1,0,1,2,0,0,0 3.3159849107018691e-15 -3.7095977331591534e-16 0
1,0,2,0,0,0,1 -4.748534464943388e-16 -4.0013836428293148e-17 0
1,0,2,0,0,1,0 6.9826008039855503e-15 -1.06835926824006e-15 0
1,0,2,0,1,0,0 -0.33333333333333498 0.12026598378780645 0
1,0,2,1,0,0,0 1.5763554198945651e-15 -4.3778728472249062e-16 0
1,0,3,0,0,0,0 -7.1524054989216199e-16 -1.4263018392225713e-16 0
1,1,0,0,0,0,2 4.2730673835339812e-15 -1.6136966353439376e-15 0
1,1,0,0,0,1,1 8.7252400803597077e-15 8.2679573668024506e-17 0
1,1,0,0,0,2,0 3.6635367606651937e-15 -1.4595842022455566e-15 0
1,1,0,0,1,0,1 -1.5094458801426723e-15 1.7179066968239092e-16 0
1,1,0,0,1,1,0 1.7484704287622456e-15 1.4316101908319059e-15 0
1,1,0,0,2,0,0 6.8632161276997852e-15 -9.8461758857848749e-16 0
1,1,0,1,0,0,1 9.3604043249484397e-15 -6.8343791745363578e-17 0
1,1,0,1,0,1,0 6.1522952891181374e-16 -9.3277416054155716e-16 0
1,1,0,1,1,0,0 5.1904914624703071e-15 -6.699589046108095e-16 0
1,1,0,2,0,0,0 7.306263734263864e-15 8.8430885455195881e-17 0
1,1,1,0,0,0,1 6.2807804063020404e-15 3.5948661360774291e-16 0
1,1,1,0,0,1,0 1.128566132308552e-15 1.6705506858189985e-16 0
1,1,1,0,1,0,0 -4.4673570342565347e-15 4.7176551534093256e-17 0
1,1,1,1,0,0,0 -3.6877901623038437e-15 1.1342338327410011e-15 0
1,1,2,0,0,0,0 6.1879172438717848e-15 -8.5774374596269777e-16 0
1,2,0,0,0,0,1 3.7999117741271959e-15 -9.5897682156342867e-16 0
1,2,0,0,0,1,0 6.043586854923011e-15 -1.4838255407365053e-15 0
1,2,0,0,1,0,0 -4.0115480381963664e-17 3.485167883454654e-16 0
1,2,0,1,0,0,0 -1.8726339923169633e-15 -2.1700306482297371e-16 0
1,2,1,0,0,0,0 1.9576354426398268e-15 -2.1049785178806069e-16 0
1,3,0,0,0,0,0 2.3193252873809911e-15 -7.3481802240205063e-16 0
2,0,0,0,0,0,2 2.2518879122523927e-16 1.4398204850607499e-16 0
2,0,0,0,0,1,1 -9.9211003995458569e-15 1.9181433785070423e-15 0
2,0,0,0,0,2,0 -0.16666666666666971 0.059166849084105883 0
2,0,0,0,1,0,1 4.6958812028761662e-15 -1.2434765538213086e-15 0
2,0,0,0,1,1,0 -5.0884487866765388e-16 -1.1548616609454582e-15 0
2,0,0,0,2,0,0 -0.16666666666666269 0.059166849084104356 0
2,0,0,1,0,0,1 -5.3730891264036629e-15 5.7942474603056571e-16 0
2,0,0,1,0,1,0 -5.6255591547940687e-15 5.6431367825154899e-16 0
2,0,0,1,1,0,0 1.821871307788013e-15 -1.5081023520377608e-15 0
2,0,0,2,0,0,0 -0.16666666666666533 0.057791329323744908 0
2,0,1,0,0,0,1 1.9598173995119539e-15 -6.9422142730604652e-16 0
2,0,1,0,0,1,0 -4.6892557111627431e-15 8.3303318670208126e-16 0
2,0,1,0,1,0,0 -9.985757389025093e-15 2.0892664802255132e-15 0
2,0,1,1,0,0,0 -3.7276903569125053e-16 5.269900184637355e-17 0
2,0,2,0,0,0,0 -0.1666666666666711 0.057791329323747774 0
2,1,0,0,0,0,1 -3.9368898309983114e-15 1.5239089254285946e-16 0
2,1,0,0,0,1,0 -7.0052559533332163e-15 1.5966848802555547e-15 0
2,1,0,0,1,0,0 1.3201315003831919e-15 8.7906072307435799e-17 0
2,1,0,1,0,0,0 -1.7612061504805622e-15 3.2012257311425546e-16 0
2,1,1,0,0,0,0 4.1521865900734429e-16 8.3367330877116617e-17 0
2,2,0,0,0,0,0 -4.3937293039975067e-17 5.933296388926923e-17 0
3,0,0,0,0,0,1 2.277349722646857e-15 -1.1200418305497284e-15 0
3,0,0,0,0,1,0 7.9900312982637139e-15 -1.7758418433683199e-15 0
3,0,0,0,1,0,0 -2.878961437939565e-15 2.0814589540341967e-15 0
3,0,0,1,0,0,0 -3.5446634776697961e-16 1.1001907663978766e-15 0
3,0,1,0,0,0,0 1.3605212605388023e-15 2.6451483690036193e-16 0
3,1,0,0,0,0,0 3.7506443212509225e-15 -1.4259029892048501e-15 0
4,0,0,0,0,0,0 -1.0387995124467794e-15 1.1009988358295572e-16 0
