# sectors lambda 1.9614068619764455 2.1995688493332102 2.298606272079097 2.3421820411462999
0,0,0,0,0,0,4 2.4330852003290326e-16 3.4983138347960407e-16 0
0,0,0,0,0,1,3 -7.0002190892884397e-15 1.1339941572569012e-15 0
0,0,0,0,0,2,2 -0.33333333333334331 0.12891078647848694 0
0,0,0,0,0,3,1 -1.9574050496781736e-15 1.7678322998190832e-15 0
0,0,0,0,0,4,0 -0.041666666666668843 0.015962543556105883 0
0,0,0,0,1,0,3 5.4802735225821693e-15 -1.2092572697851821e-15 0
0,0,0,0,1,1,2 7.864675504267761e-15 -9.7235824806415211e-16 0
0,0,0,0,1,2,1 6.0894791000052489e-15 -1.1618310480354666e-15 0
0,0,0,0,1,3,0 1.3288218995207574e-15 -3.0880364861344753e-16 0
0,0,0,0,2,0,2 -0.33333333333333759 0.1289107864784832 0
0,0,0,0,2,1,1 -4.418342863834855e-15 1.237025868532375e-15 0
0,0,0,0,2,2,0 -0.083333333333336715 0.031925087112210628 0
0,0,0,0,3,0,1 1.4270734920277842e-15 -9.1651778465050835e-16 0
0,0,0,0,3,1,0 3.2147573299732102e-15 -1.0761487800919963e-15 0
0,0,0,0,4,0,0 -0.041666666666664909 0.015962543556104838 0
0,0,0,1,0,0,3 4.6051487276321801e-17 2.6595479291069424e-16 0
0,0,0,1,0,1,2 -1.5065531287772327e-15 6.6933221118392616e-16 0
0,0,0,1,0,2,1 -3.079025749641584e-15 4.1118367391512756e-16 0
0,0,0,1,0,3,0 -4.6509969270011609e-15 8.8144281370355904e-16 0
0,0,0,1,1,0,2 2.3597092772072344e-15 -9.8335104165361842e-16 0
0,0,0,1,1,1,1 -1.4142135623730934 0.53851858480402026 0
0,0,0,1,1,2,0 -4.2387222746499698e-17 -5.3045946541568911e-16 0
0,0,0,1,2,0,1 -1.045978291375305e-14 -3.902099205312494e-16 0
0,0,0,1,2,1,0 -3.043882829116036e-15 -1.924187805618649e-16 0
0,0,0,1,3,0,0 4.3551457960243964e-15 -1.7439053941887437e-15 0
0,0,0,2,0,0,2 -0.33333333333334048 0.12615974695776583 0
0,0,0,2,0,1,1 -1.3095806990909287e-15 1.6170604352078177e-15 0
0,0,0,2,0,2,0 -0.16666666666666852 0.062474654464062772 0
0,0,0,2,1,0,1 3.0292642580562884e-15 -4.2893240229189417e-16 0
0,0,0,2,1,1,0 1.1497523582076202e-15 -6.1868133500401351e-16 0
0,0,0,2,2,0,0 -0.16666666666665897 0.062474654464060073 0
0,0,0,3,0,0,1 -1.6664187391102203e-16 4.8637987084057532e-16 0
0,0,0,3,0,1,0 -3.8098864341140626e-15 2.1086377002127454e-16 0
0,0,0,3,1,0,0 3.3052919667757308e-17 -1.3055102822628981e-15 0
0,0,0,4,0,0,0 1.3543531666168965e-15 -5.9768000010979039e-16 0
0,0,1,0,0,0,3 -3.5358543350183513e-17 -6.9457379301210431e-16 0
0,0,1,0,0,1,2 -3.4204545662844255e-15 6.4117005975361518e-16 0
0,0,1,0,0,2,1 0.70710678118655046 -0.26925929240201074 0
0,0,1,0,0,3,0 -9.6514322141943998e-16 4.8385910078954653e-16 0
0,0,1,0,1,0,2 -8.9239359445884153e-15 2.4926358516857462e-15 0
0,0,1,0,1,1,1 4.9265519913360353e-15 -4.2248309343149992e-16 0
0,0,1,0,1,2,0 -1.2083071529282469e-14 3.1324413413613347e-15 0
0,0,1,0,2,0,1 -0.70710678118653469 0.26925929240201335 0
0,0,1,0,2,1,0 -7.911625402333544e-15 1.1349531044323115e-15 0
0,0,1,0,3,0,0 -7.2659272839421003e-15 2.3707987864082816e-15 0
0,0,1,1,0,0,2 -4.0596052994917864e-15 1.3085913646085356e-15 0
0,0,1,1,0,1,1 -2.9898772260089634e-15 5.9219122661158252e-16 0
0,0,1,1,0,2,0 4.95968283803494e-16 8.332364746094223e-16 0
0,0,1,1,1,0,1 -2.4931466125529406e-15 6.8813464854707712e-16 0
0,0,1,1,1,1,0 -9.1052145478279917e-16 1.3141157134905282e-15 0
0,0,1,1,2,0,0 -1.0650234672053154e-15 1.3760788734996996e-15 0
0,0,1,2,0,0,1 2.324421037591673e-15 -6.4881368506963799e-16 0
0,0,1,2,0,1,0 -3.7127283669322053e-15 1.6830883475121849e-15 0
0,0,1,2,1,0,0 -9.336279206608334e-15 2.3333767169429927e-15 0
0,0,1,3,0,0,0 -5.3632872611380361e-15 6.0450369753287103e-16 0
0,0,2,0,0,0,2 -0.33333333333334003 0.12615974695776658 0
0,0,2,0,0,1,1 -4.4257132680858291e-15 1.6524325310851573e-15 0
0,0,2,0,0,2,0 -0.16666666666667918 0.062474654464062251 0
0,0,2,0,1,0,1 -1.6614267504355771e-15 -4.6249692985979307e-16 0
0,0,2,0,1,1,0 5.1656795567412914e-15 -7.342793094475969e-16 0
0,0,2,0,2,0,0 -0.16666666666666655 0.062474654464060475 0
0,0,2,1,0,0,1 2.0290708132794655e-15 4.3408744480888384e-16 0
0,0,2,1,0,1,0 -3.8267525541597902e-15 2.7068462488816225e-16 0
0,0,2,1,1,0,0 4.4794236272712243e-15 -1.0078332584445831e-15 0
0,0,2,2,0,0,0 -1.0253028894652294e-15 1.0180319586459985e-16 0
0,0,3,0,0,0,1 2.9118790440939984e-15 7.3536012348829338e-17 0
0,0,3,0,0,1,0 -2.917703242639319e-15 9.2837690931091982e-16 0
0,0,3,0,1,0,0 -1.024628783588113e-14 3.0562518924261129e-15 0
0,0,3,1,0,0,0 -2.856049408474573e-15 4.7041499385072627e-16 0
0,0,4,0,0,0,0 -6.0149395653721601e-15 6.4161623435858139e-16 0
0,1,0,0,0,0,3 -3.1683341626941773e-15 1.138757537843222e-15 0
0,1,0,0,0,1,2 -1.0131534689110731e-14 3.345351188171054e-15 0
0,1,0,0,0,2,1 -5.1760189369358215e-15 1.5322428169699027e-15 0
0,1,0,0,0,3,0 0.166666666666658 -0.061508511654260252 0
0,1,0,0,1,0,2 -6.6266298079017193e-15 -5.3740560354621829e-17 0
0,1,0,0,1,1,1 -4.6913653111319929e-15 9.4391870095721566e-16 0
0,1,0,0,1,2,0 1.279851013430611e-15 -2.4916555594315441e-17 0
0,1,0,0,2,0,1 -3.4122004202480775e-15 2.7101793017197987e-15 0
0,1,0,0,2,1,0 -0.50000000000000677 0.18452553496278304 0
0,1,0,0,3,0,0 1.4458920276000527e-15 -1.352216963242121e-15 0
0,1,0,1,0,0,2 2.8775247030035597e-15 -3.503361686628702e-16 0
0,1,0,1,0,1,1 -1.5008968657710182e-15 1.2019196395419399e-15 0
0,1,0,1,0,2,0 -3.0003205911824438e-15 1.2729181367386101e-16 0
0,1,0,1,1,0,1 -0.94280904158207102 0.34576594600847399 0
0,1,0,1,1,1,0 -3.6869087900682144e-15 8.6482956653777022e-16 0
0,1,0,1,2,0,0 -2.924743177005421e-15 7.461471370219873e-16 0
0,1,0,2,0,0,1 -2.3316549608232164e-15 1.0897843362293432e-15 0
0,1,0,2,0,1,0 -0.33333333333334236 0.12026598378780766 0
0,1,0,2,1,0,0 2.3203096800256836e-16 8.3677176006446676e-16 0
0,1,0,3,0,0,0 -1.1781268508726928e-15 2.9293269946661522e-16 0
0,1,1,0,0,0,2 -5.1757174569032603e-15 6.7709572939747236e-16 0
0,1,1,0,0,1,1 -0.94280904158204071 0.34576594600847749 0
0,1,1,0,0,2,0 -3.8150640088709777e-15 7.0770230324796391e-16 0
0,1,1,0,1,0,1 5.8096036327525918e-15 8.6283037550064997e-17 0
0,1,1,0,1,1,0 5.8982279293595991e-16 -7.7387153232306314e-16 0
0,1,1,0,2,0,0 -4.7904385304839867e-15 7.886481994927885e-16 0
0,1,1,1,0,0,1 -4.202516007530128e-15 7.6810521520212613e-16 0
0,1,1,1,0,1,0 1.3917910742184565e-15 3.9383899589704459e-16 0
0,1,1,1,1,0,0 -0.66666666666666741 0.24053196757560996 0
0,1,1,2,0,0,0 4.4638864378199639e-16 1.2169104514474562e-16 0
0,1,2,0,0,0,1 -3.9238621454066691e-15 1.3206661738231058e-15 0
0,1,2,0,0,1,0 0.33333333333333182 -0.1202659837878043 0
0,1,2,0,1,0,0 5.5858486029475532e-16 -5.9154586419470641e-16 0
0,1,2,1,0,0,0 -6.5112089171116408e-15 1.3681630989748021e-15 0
0,1,3,0,0,0,0 -8.6561245566943084e-16 2.9369111529936482e-16 0
0,2,0,0,0,0,2 -5.3418641038360803e-16 6.8410446578404116e-16 0
0,2,0,0,0,1,1 -8.1209453224595496e-15 1.5882206574197033e-15 0
0,2,0,0,0,2,0 -0.16666666666666743 0.059166849084106049 0
0,2,0,0,1,0,1 3.4360535250410607e-15 -5.9728697682226439e-16 0
0,2,0,0,1,1,0 1.3588305827760827e-15 -1.2549640146519714e-15 0
0,2,0,0,2,0,0 -0.1666666666666686 0.059166849084102545 0
0,2,0,1,0,0,1 2.8451633410364607e-15 1.1813466871402056e-15 0
0,2,0,1,0,1,0 -4.1454470064983262e-15 4.4961864092973869e-16 0
0,2,0,1,1,0,0 1.9619722513297688e-15 -1.1167282376600696e-16 0
0,2,0,2,0,0,0 -0.16666666666666788 0.057791329323745685 0
0,2,1,0,0,0,1 -1.4315805485498601e-15 9.6873464111579821e-16 0
0,2,1,0,0,1,0 -4.6154486482707924e-15 9.1083824510507228e-16 0
0,2,1,0,1,0,0 -1.1810864786188091e-14 3.6494245125862079e-15 0
0,2,1,1,0,0,0 -4.7574791328663935e-15 4.5493123157491766e-16 0
0,2,2,0,0,0,0 -0.16666666666667335 0.05779132932374538 0
0,3,0,0,0,0,1 -1.8711161092754836e-15 1.8679719229752756e-15 0
0,3,0,0,0,1,0 -6.8991036841770104e-15 4.7742842665399188e-16 0
0,3,0,0,1,0,0 -9.9226182825873366e-16 1.0733601507606494e-17 0
0,3,0,1,0,0,0 -9.0118884576995129e-16 8.792879618857441e-17 0
0,3,1,0,0,0,0 -1.3105835861004778e-15 2.7061686225238191e-16 0
0,4,0,0,0,0,0 9.3718435789647003e-16 9.2482445313013528e-17 0
1,0,0,0,0,0,3 3.6877781644378826e-15 -7.958518284494065e-16 0
1,0,0,0,0,1,2 9.9472838820113818e-15 -1.9498562920522433e-15 0
1,0,0,0,0,2,1 7.2580288133783366e-15 -7.6563646915495109e-16 0
1,0,0,0,0,3,0 8.0989089133037817e-15 -1.9957315964755362e-15 0
1,0,0,0,1,0,2 8.409540459017404e-15 -1.7316910980256367e-16 0
1,0,0,0,1,1,1 -1.2914118423723239e-15 -7.3021016316898724e-17 0
1,0,0,0,1,2,0 0.50000000000000022 -0.18452553496278296 0
1,0,0,0,2,0,1 -7.7477838987554835e-17 -6.2900687838928025e-16 0
1,0,0,0,2,1,0 5.9570565630699126e-15 -2.1110903899906387e-15 0
1,0,0,0,3,0,0 -0.16666666666666727 0.061508511654262611 0
1,0,0,1,0,0,2 3.717200700893708e-15 -5.3424062049223231e-16 0
1,0,0,1,0,1,1 0.94280904158205714 -0.34576594600847355 0
1,0,0,1,0,2,0 2.7333549919988931e-15 9.2761627372428546e-16 0
1,0,0,1,1,0,1 3.0893273643460908e-15 -1.4511199045771223e-16 0
1,0,0,1,1,1,0 -3.8179671284308686e-16 1.2873376138960307e-15 0
1,0,0,1,2,0,0 3.9654419172949467e-16 2.5421311631673672e-17 0
1,0,0,2,0,0,1 2.0056249412994664e-15 -8.7080407988604502e-16 0
1,0,0,2,0,1,0 5.2318311358559577e-15 -1.5031107868795912e-15 0
1,0,0,2,1,0,0 0.3333333333333241 -0.12026598378780559 0
1,0,0,3,0,0,0 1.0185062970964609e-15 8.4097496761553758e-16 0
1,0,1,0,0,0,2 3.2634214341270562e-15 -1.4505269815140442e-16 0
1,0,1,0,0,1,1 -7.4850607482968012e-16 -6.1270975272587069e-16 0
1,0,1,0,0,2,0 2.6101896252045398e-15 2.5917852933265983e-16 0
1,0,1,0,1,0,1 -0.94280904158205714 0.34576594600847371 0
1,0,1,0,1,1,0 -3.9211831752514886e-15 7.0641361954882492e-16 0
1,0,1,0,2,0,0 -2.0325714416317899e-15 8.9510206701098188e-18 0
1,0,1,1,0,0,1 7.7992625378831004e-15 1.831217469328017e-16 0
1,0,1,1,0,1,0 -0.66666666666666707 0.24053196757560955 0
1,0,1,1,1,0,0 3.8112137347424101e-15 -8.7019082803223291e-17 0
1,0,1,2,0,0,0 3.3159849107018691e-15 -8.1857264022655585e-17 0
1,0,2,0,0,0,1 -4.748534464943388e-16 -3.0873334487882542e-16 0
1,0,2,0,0,1,0 6.9826008039855503e-15 -1.7290110857805241e-15 0
1,0,2,0,1,0,0 -0.33333333333333498 0.12026598378780581 0
1,0,2,1,0,0,0 1.5763554198945651e-15 -6.3733469456844771e-16 0
1,0,3,0,0,0,0 -7.1524054989216199e-16 1.1451546633699239e-16 0
1,1,0,0,0,0,2 4.2730673835339812e-15 -1.6959333701269631e-15 0
1,1,0,0,0,1,1 8.7252400803597077e-15 5.8517339929716564e-16 0
1,1,0,0,0,2,0 3.6635367606651937e-15 -8.5123751623099285e-16 0
1,1,0,0,1,0,1 -1.5094458801426723e-15 -1.0545775126702754e-15 0
1,1,0,0,1,1,0 1.7484704287622456e-15 1.6254926443266262e-15 0
1,1,0,0,2,0,0 6.8632161276997852e-15 -5.9457585702682737e-16 0
1,1,0,1,0,0,1 9.3604043249484397e-15 -1.091098806105252e-15 0
1,1,0,1,0,1,0 6.1522952891181374e-16 -5.7660019435291279e-16 0
1,1,0,1,1,0,0 5.1904914624703071e-15 -3.2176737691708975e-16 0
1,1,0,2,0,0,0 7.306263734263864e-15 -7.7066381096800568e-16 0
1,1,1,0,0,0,1 6.2807804063020404e-15 2.6922678274832466e-16 0
1,1,1,0,0,1,0 1.128566132308552e-15 2.5404054746668695e-17 0
1,1,1,0,1,0,0 -4.4673570342565347e-15 1.1233710210047207e-16 0
1,1,1,1,0,0,0 -3.6877901623038437e-15 7.6072618431974486e-16 0
1,1,2,0,0,0,0 6.1879172438717848e-15 -1.166632944903818e-15 0
1,2,0,0,0,0,1 3.7999117741271959e-15 -6.9440438642265345e-16 0
1,2,0,0,0,1,0 6.043586854923011e-15 -1.8537553219885594e-15 0
1,2,0,0,1,0,0 -4.0115480381963664e-17 1.1731067506293158e-16 0
1,2,0,1,0,0,0 -1.8726339923169633e-15 -2.2258670601127406e-16 0
1,2,1,0,0,0,0 1.9576354426398268e-15 -9.9757441890391263e-16 0
1,3,0,0,0,0,0 2.3193252873809911e-15 -1.2380233557068854e-15 0
2,0,0,0,0,0,2 2.2518879122523927e-16 7.8861477894806575e-16 0
2,0,0,0,0,1,1 -9.9211003995458569e-15 1.826501189877705e-15 0
2,0,0,0,0,2,0 -0.16666666666666971 0.059166849084105633 0
2,0,0,0,1,0,1 4.6958812028761662e-15 -1.4333305186188874e-15 0
2,0,0,0,1,1,0 -5.0884487866765388e-16 -5.8894454932475679e-16 0
2,0,0,0,2,0,0 -0.16666666666666269 0.059166849084104141 0
2,0,0,1,0,0,1 -5.3730891264036629e-15 5.0470966381915838e-16 0
2,0,0,1,0,1,0 -5.6255591547940687e-15 1.1949805294592108e-15 0
2,0,0,1,1,0,0 1.821871307788013e-15 -2.0245620569012308e-15 0
2,0,0,2,0,0,0 -0.16666666666666533 0.05779132932374538 0
2,0,1,0,0,0,1 1.9598173995119539e-15 -1.2289499387758973e-15 0
2,0,1,0,0,1,0 -4.6892557111627431e-15 4.9522289480991022e-16 0
2,0,1,0,1,0,0 -9.985757389025093e-15 2.5335725305100729e-15 0
2,0,1,1,0,0,0 -3.7276903569125053e-16 1.0050554138940626e-16 0
2,0,2,0,0,0,0 -0.1666666666666711 0.057791329323747802 0
2,1,0,0,0,0,1 -3.9368898309983114e-15 -1.9442166551273028e-16 0
2,1,0,0,0,1,0 -7.0052559533332163e-15 1.6827349573671191e-15 0
2,1,0,0,1,0,0 1.3201315003831919e-15 2.4832610923091578e-17 0
2,1,0,1,0,0,0 -1.7612061504805622e-15 2.1477877953013264e-16 0
2,1,1,0,0,0,0 4.1521865900734429e-16 1.9635474977726225e-16 0
2,2,0,0,0,0,0 -4.3937293039975067e-17 3.0300740215538635e-16 0
3,0,0,0,0,0,1 2.277349722646857e-15 -6.3486813462604319e-16 0
3,0,0,0,0,1,0 7.9900312982637139e-15 -1.8514920499534959e-15 0
3,0,0,0,1,0,0 -2.878961437939565e-15 2.6303947491283439e-15 0
3,0,0,1,0,0,0 -3.5446634776697961e-16 7.4018143502406486e-16 0
3,0,1,0,0,0,0 1.3605212605388023e-15 4.1543916744213316e-16 0
3,1,0,0,0,0,0 3.7506443212509225e-15 -1.3151237851981964e-15 0
4,0,0,0,0,0,0 -1.0387995124467794e-15 1.0282387056604128e-16 0
