# sectors lambda 1.9614068619764455 2.1995688493332102 2.298606272079097 2.3421820411462999
0,0,0,0,0,0,4 2.4330852003290326e-16 3.4910632327675439e-16 0
0,0,0,0,0,1,3 -7.0002190892884397e-15 1.4668984343185754e-15 0
0,0,0,0,0,2,2 -0.33333333333334331 0.12891078647848583 0
0,0,0,0,0,3,1 -1.9574050496781736e-15 1.8239533147723641e-15 0
0,0,0,0,0,4,0 -0.041666666666668843 0.015962543556105858 0
0,0,0,0,1,0,3 5.4802735225821693e-15 -1.3209741392644463e-15 0
0,0,0,0,1,1,2 7.864675504267761e-15 -1.3323828260310144e-15 0
0,0,0,0,1,2,1 6.0894791000052489e-15 -1.239131274801894e-15 0
0,0,0,0,1,3,0 1.3288218995207574e-15 -7.6510453246407539e-16 0
0,0,0,0,2,0,2 -0.33333333333333759 0.12891078647848303 0
0,0,0,0,2,1,1 -4.418342863834855e-15 1.0249355948034763e-15 0
0,0,0,0,2,2,0 -0.083333333333336715 0.031925087112211002 0
0,0,0,0,3,0,1 1.4270734920277842e-15 -1.1352284678951467e-15 0
0,0,0,0,3,1,0 3.2147573299732102e-15 -1.0628469746883148e-15 0
0,0,0,0,4,0,0 -0.041666666666664909 0.015962543556104856 0
0,0,0,1,0,0,3 4.6051487276321801e-17 1.0415117119438877e-16 0
0,0,0,1,0,1,2 -1.5065531287772327e-15 6.9071809903620274e-16 0
0,0,0,1,0,2,1 -3.079025749641584e-15 1.6967763999398144e-17 0
0,0,0,1,0,3,0 -4.6509969270011609e-15 7.6934986159571395e-16 0
0,0,0,1,1,0,2 2.3597092772072344e-15 -8.3848807888239896e-16 0
0,0,0,1,1,1,1 -1.4142135623730934 0.53851858480402148 0
0,0,0,1,1,2,0 -4.2387222746499698e-17 -6.1894730334945136e-16 0
0,0,0,1,2,0,1 -1.045978291375305e-14 -3.2949459887206115e-16 0
0,0,0,1,2,1,0 -3.043882829116036e-15 3.9782088213924371e-16 0
0,0,0,1,3,0,0 4.3551457960243964e-15 -2.1548451226150621e-15 0
0,0,0,2,0,0,2 -0.33333333333334048 0.12615974695776591 0
0,0,0,2,0,1,1 -1.3095806990909287e-15 1.3706212814018626e-15 0
0,0,0,2,0,2,0 -0.16666666666666852 0.062474654464062897 0
0,0,0,2,1,0,1 3.0292642580562884e-15 -8.7974366561136691e-16 0
0,0,0,2,1,1,0 1.1497523582076202e-15 4.7069112659153117e-16 0
0,0,0,2,2,0,0 -0.16666666666665897 0.062474654464059691 0
0,0,0,3,0,0,1 -1.6664187391102203e-16 2.8548398454258939e-16 0
0,0,0,3,0,1,0 -3.8098864341140626e-15 6.7917134589923212e-16 0
0,0,0,3,1,0,0 3.3052919667757308e-17 -9.7722741696144345e-16 0
0,0,0,4,0,0,0 1.3543531666168965e-15 -2.1984231926217013e-16 0
0,0,1,0,0,0,3 -3.5358543350183513e-17 -1.5666043766057736e-16 0
0,0,1,0,0,1,2 -3.4204545662844255e-15 3.493841500834538e-17 0
0,0,1,0,0,2,1 0.70710678118655046 -0.26925929240201185 0
0,0,1,0,0,3,0 -9.6514322141943998e-16 4.4080949827829397e-16 0
0,0,1,0,1,0,2 -8.9239359445884153e-15 3.0030782344919217e-15 0
0,0,1,0,1,1,1 4.9265519913360353e-15 6.509617606238749e-17 0
0,0,1,0,1,2,0 -1.2083071529282469e-14 3.6098951790037442e-15 0
0,0,1,0,2,0,1 -0.70710678118653469 0.26925929240201135 0
0,0,1,0,2,1,0 -7.911625402333544e-15 7.2238707274726493e-16 0
0,0,1,0,3,0,0 -7.2659272839421003e-15 2.2774489793572797e-15 0
0,0,1,1,0,0,2 -4.0596052994917864e-15 8.4093431003406938e-16 0
0,0,1,1,0,1,1 -2.9898772260089634e-15 6.1756155744774333e-16 0
0,0,1,1,0,2,0 4.95968283803494e-16 1.3847159096441741e-15 0
0,0,1,1,1,0,1 -2.4931466125529406e-15 6.1993833189773889e-16 0
0,0,1,1,1,1,0 -9.1052145478279917e-16 1.1461727969725236e-15 0
0,0,1,1,2,0,0 -1.0650234672053154e-15 5.717092817327039e-16 0
0,0,1,2,0,0,1 2.324421037591673e-15 4.6756218688437379e-18 0
0,0,1,2,0,1,0 -3.7127283669322053e-15 8.2065972940859044e-16 0
0,0,1,2,1,0,0 -9.336279206608334e-15 2.6834113883299378e-15 0
0,0,1,3,0,0,0 -5.3632872611380361e-15 9.3861414951143529e-16 0
0,0,2,0,0,0,2 -0.33333333333334003 0.12615974695776638 0
0,0,2,0,0,1,1 -4.4257132680858291e-15 1.1648261565369578e-15 0
0,0,2,0,0,2,0 -0.16666666666667918 0.062474654464062238 0
0,0,2,0,1,0,1 -1.6614267504355771e-15 -7.7035613673705206e-16 0
0,0,2,0,1,1,0 5.1656795567412914e-15 -8.8623024392144034e-16 0
0,0,2,0,2,0,0 -0.16666666666666655 0.062474654464060912 0
0,0,2,1,0,0,1 2.0290708132794655e-15 2.200930410145574e-16 0
0,0,2,1,0,1,0 -3.8267525541597902e-15 3.9097685592542897e-16 0
0,0,2,1,1,0,0 4.4794236272712243e-15 -1.1526826686886465e-15 0
0,0,2,2,0,0,0 -1.0253028894652294e-15 7.3180258510982532e-17 0
0,0,3,0,0,0,1 2.9118790440939984e-15 1.2197274440461925e-18 0
0,0,3,0,0,1,0 -2.917703242639319e-15 1.022160397230916e-15 0
0,0,3,0,1,0,0 -1.024628783588113e-14 2.4333235342245663e-15 0
0,0,3,1,0,0,0 -2.856049408474573e-15 6.4079736525682329e-16 0
0,0,4,0,0,0,0 -6.0149395653721601e-15 8.1590173358562623e-16 0
0,1,0,0,0,0,3 -3.1683341626941773e-15 5.7301067984491871e-16 0
0,1,0,0,0,1,2 -1.0131534689110731e-14 2.3924831682232233e-15 0
0,1,0,0,0,2,1 -5.1760189369358215e-15 1.7165436337652824e-15 0
0,1,0,0,0,3,0 0.166666666666658 -0.061508511654260668 0
0,1,0,0,1,0,2 -6.6266298079017193e-15 6.4735877448312961e-16 0
0,1,0,0,1,1,1 -4.6913653111319929e-15 7.0306318833956085e-16 0
0,1,0,0,1,2,0 1.279851013430611e-15 -6.018137553102743e-16 0
0,1,0,0,2,0,1 -3.4122004202480775e-15 2.4136500075450133e-15 0
0,1,0,0,2,1,0 -0.50000000000000677 0.18452553496278482 0
0,1,0,0,3,0,0 1.4458920276000527e-15 -4.8886677329191378e-16 0
0,1,0,1,0,0,2 2.8775247030035597e-15 -8.3324278634002574e-17 0
0,1,0,1,0,1,1 -1.5008968657710182e-15 2.0744313378496494e-15 0
0,1,0,1,0,2,0 -3.0003205911824438e-15 -3.8207314322340699e-16 0
0,1,0,1,1,0,1 -0.94280904158207102 0.34576594600847405 0
0,1,0,1,1,1,0 -3.6869087900682144e-15 -4.0501512293156471e-16 0
0,1,0,1,2,0,0 -2.924743177005421e-15 6.7079508603424474e-16 0
0,1,0,2,0,0,1 -2.3316549608232164e-15 1.8202113398328276e-15 0
0,1,0,2,0,1,0 -0.33333333333334236 0.12026598378780885 0
0,1,0,2,1,0,0 2.3203096800256836e-16 -9.212078525121544e-16 0
0,1,0,3,0,0,0 -1.1781268508726928e-15 2.5253261601437411e-16 0
0,1,1,0,0,0,2 -5.1757174569032603e-15 9.7105004341260465e-16 0
0,1,1,0,0,1,1 -0.94280904158204071 0.34576594600847677 0
0,1,1,0,0,2,0 -3.8150640088709777e-15 9.430385491813098e-16 0
0,1,1,0,1,0,1 5.8096036327525918e-15 -3.1894999250854986e-17 0
0,1,1,0,1,1,0 5.8982279293595991e-16 -5.7410728204260895e-16 0
0,1,1,0,2,0,0 -4.7904385304839867e-15 3.7296093960333895e-17 0
0,1,1,1,0,0,1 -4.202516007530128e-15 1.2451541710957481e-15 0
0,1,1,1,0,1,0 1.3917910742184565e-15 7.4062106076653318e-16 0
0,1,1,1,1,0,0 -0.66666666666666741 0.24053196757561002 0
0,1,1,2,0,0,0 4.4638864378199639e-16 4.4467487232817741e-16 0
0,1,2,0,0,0,1 -3.9238621454066691e-15 5.0989978923844552e-16 0
0,1,2,0,0,1,0 0.33333333333333182 -0.12026598378780363 0
0,1,2,0,1,0,0 5.5858486029475532e-16 -8.107715434712754e-16 0
0,1,2,1,0,0,0 -6.5112089171116408e-15 1.1226997271240838e-15 0
0,1,3,0,0,0,0 -8.6561245566943084e-16 1.7583833915019049e-16 0
0,2,0,0,0,0,2 -5.3418641038360803e-16 6.6953549909126719e-16 0
0,2,0,0,0,1,1 -8.1209453224595496e-15 1.3324031548217485e-15 0
0,2,0,0,0,2,0 -0.16666666666666743 0.059166849084106271 0
0,2,0,0,1,0,1 3.4360535250410607e-15 -9.2514971378188093e-16 0
0,2,0,0,1,1,0 1.3588305827760827e-15 -1.0841479623768802e-15 0
0,2,0,0,2,0,0 -0.1666666666666686 0.059166849084103287 0
0,2,0,1,0,0,1 2.8451633410364607e-15 5.3413220027498376e-16 0
0,2,0,1,0,1,0 -4.1454470064983262e-15 3.5979249093931465e-16 0
0,2,0,1,1,0,0 1.9619722513297688e-15 4.5959330091660533e-16 0
0,2,0,2,0,0,0 -0.16666666666666788 0.057791329323746678 0
0,2,1,0,0,0,1 -1.4315805485498601e-15 1.2506272059620294e-15 0
0,2,1,0,0,1,0 -4.6154486482707924e-15 1.1305247103049476e-15 0
0,2,1,0,1,0,0 -1.1810864786188091e-14 3.4848426228029084e-15 0
0,2,1,1,0,0,0 -4.7574791328663935e-15 7.2164496600635175e-16 0
0,2,2,0,0,0,0 -0.16666666666667335 0.057791329323745998 0
0,3,0,0,0,0,1 -1.8711161092754836e-15 1.8975706422841299e-15 0
0,3,0,0,0,1,0 -6.8991036841770104e-15 1.3759203195198855e-15 0
0,3,0,0,1,0,0 -9.9226182825873366e-16 2.1033522146218786e-17 0
0,3,0,1,0,0,0 -9.0118884576995129e-16 1.7049079162334557e-16 0
0,3,1,0,0,0,0 -1.3105835861004778e-15 2.9436088982981445e-16 0
0,4,0,0,0,0,0 9.3718435789647003e-16 4.4089081344123038e-16 0
1,0,0,0,0,0,3 3.6877781644378826e-15 -8.1652620862598946e-16 0
1,0,0,0,0,1,2 9.9472838820113818e-15 -1.7860333437896836e-15 0
1,0,0,0,0,2,1 7.2580288133783366e-15 -4.4186659539646733e-16 0
1,0,0,0,0,3,0 8.0989089133037817e-15 -2.0751358530829433e-15 0
1,0,0,0,1,0,2 8.409540459017404e-15 1.7043996964651031e-17 0
1,0,0,0,1,1,1 -1.2914118423723239e-15 -4.7646619722591099e-16 0
1,0,0,0,1,2,0 0.50000000000000022 -0.18452553496278257 0
1,0,0,0,2,0,1 -7.7477838987554835e-17 -3.5020428973463278e-16 0
1,0,0,0,2,1,0 5.9570565630699126e-15 -1.5489959380608959e-15 0
1,0,0,0,3,0,0 -0.16666666666666727 0.061508511654263874 0
1,0,0,1,0,0,2 3.717200700893708e-15 -6.0436139599773231e-16 0
1,0,0,1,0,1,1 0.94280904158205714 -0.34576594600847693 0
1,0,0,1,0,2,0 2.7333549919988931e-15 1.7116841798114901e-16 0
1,0,0,1,1,0,1 3.0893273643460908e-15 -2.1702678174549683e-17 0
1,0,0,1,1,1,0 -3.8179671284308686e-16 1.928324714533039e-15 0
1,0,0,1,2,0,0 3.9654419172949467e-16 -1.0563162596751168e-16 0
1,0,0,2,0,0,1 2.0056249412994664e-15 -1.0636836463712163e-15 0
1,0,0,2,0,1,0 5.2318311358559577e-15 -1.7608527483337078e-15 0
1,0,0,2,1,0,0 0.3333333333333241 -0.12026598378780512 0
1,0,0,3,0,0,0 1.0185062970964609e-15 6.7636597277792587e-16 0
1,0,1,0,0,0,2 3.2634214341270562e-15 -5.1023909489883446e-16 0
1,0,1,0,0,1,1 -7.4850607482968012e-16 -6.1430895093028681e-16 0
1,0,1,0,0,2,0 2.6101896252045398e-15 2.2163802911034924e-16 0
1,0,1,0,1,0,1 -0.94280904158205714 0.34576594600847388 0
1,0,1,0,1,1,0 -3.9211831752514886e-15 -4.0235759060473775e-17 0
1,0,1,0,2,0,0 -2.0325714416317899e-15 3.5676604221877503e-17 0
1,0,1,1,0,0,1 7.7992625378831004e-15 -2.9408983928669308e-16 0
1,0,1,1,0,1,0 -0.66666666666666707 0.24053196757560977 0
1,0,1,1,1,0,0 3.8112137347424101e-15 -6.525389359716624e-16 0
1,0,1,2,0,0,0 3.3159849107018691e-15 -6.4957262659037784e-16 0
1,0,2,0,0,0,1 -4.748534464943388e-16 -1.9700631100419419e-16 0
1,0,2,0,0,1,0 6.9826008039855503e-15 -1.2567393957094164e-15 0
1,0,2,0,1,0,0 -0.33333333333333498 0.12026598378780608 0
1,0,2,1,0,0,0 1.5763554198945651e-15 -5.0088785116114698e-16 0
1,0,3,0,0,0,0 -7.1524054989216199e-16 -1.0086468335904208e-17 0
1,1,0,0,0,0,2 4.2730673835339812e-15 -1.2911193839751879e-15 0
1,1,0,0,0,1,1 8.7252400803597077e-15 -2.253422635351073e-16 0
1,1,0,0,0,2,0 3.6635367606651937e-15 -1.1208862198246631e-15 0
1,1,0,0,1,0,1 -1.5094458801426723e-15 -4.3078179273074033e-16 0
1,1,0,0,1,1,0 1.7484704287622456e-15 4.0359679593546264e-16 0
1,1,0,0,2,0,0 6.8632161276997852e-15 -1.0023442940986255e-15 0
1,1,0,1,0,0,1 9.3604043249484397e-15 -3.2844389292463609e-16 0
1,1,0,1,0,1,0 6.1522952891181374e-16 -4.7898134124774918e-16 0
1,1,0,1,1,0,0 5.1904914624703071e-15 -4.1885768146316667e-16 0
1,1,0,2,0,0,0 7.306263734263864e-15 -3.2305094405736518e-16 0
1,1,1,0,0,0,1 6.2807804063020404e-15 -1.434747742082826e-16 0
1,1,1,0,0,1,0 1.128566132308552e-15 2.8338996168959448e-16 0
1,1,1,0,1,0,0 -4.4673570342565347e-15 -1.8755475811517002e-15 0
1,1,1,1,0,0,0 -3.6877901623038437e-15 4.2234668628701888e-16 0
1,1,2,0,0,0,0 6.1879172438717848e-15 -8.2424189883289568e-16 0
1,2,0,0,0,0,1 3.7999117741271959e-15 -7.950454530836204e-16 0
1,2,0,0,0,1,0 6.043586854923011e-15 -9.4706415019324419e-16 0
1,2,0,0,1,0,0 -4.0115480381963664e-17 9.5464001287348665e-17 0
1,2,0,1,0,0,0 -1.8726339923169633e-15 -1.9754163582685891e-16 0
1,2,1,0,0,0,0 1.9576354426398268e-15 -4.9347461880677734e-16 0
1,3,0,0,0,0,0 2.3193252873809911e-15 -8.1971105250766563e-16 0
2,0,0,0,0,0,2 2.2518879122523927e-16 7.5655627596038499e-16 0
2,0,0,0,0,1,1 -9.9211003995458569e-15 2.0408208543237771e-15 0
2,0,0,0,0,2,0 -0.16666666666666971 0.059166849084105216 0
2,0,0,0,1,0,1 4.6958812028761662e-15 -2.2097175299403901e-15 0
2,0,0,0,1,1,0 -5.0884487866765388e-16 -3.7176953681349045e-16 0
2,0,0,0,2,0,0 -0.16666666666666269 0.059166849084103891 0
2,0,0,1,0,0,1 -5.3730891264036629e-15 1.196579727663627e-15 0
2,0,0,1,0,1,0 -5.6255591547940687e-15 2.3780619400753933e-16 0
2,0,0,1,1,0,0 1.821871307788013e-15 -1.4730284117578547e-15 0
2,0,0,2,0,0,0 -0.16666666666666533 0.057791329323745332 0
2,0,1,0,0,0,1 1.9598173995119539e-15 -1.8462539982076753e-15 0
2,0,1,0,0,1,0 -4.6892557111627431e-15 7.2068273657827087e-16 0
2,0,1,0,1,0,0 -9.985757389025093e-15 2.931068151997571e-15 0
2,0,1,1,0,0,0 -3.7276903569125053e-16 2.4953590626111688e-16 0
2,0,2,0,0,0,0 -0.1666666666666711 0.057791329323748343 0
2,1,0,0,0,0,1 -3.9368898309983114e-15 4.4255049895429261e-16 0
2,1,0,0,0,1,0 -7.0052559533332163e-15 1.5605538428574753e-15 0
2,1,0,0,1,0,0 1.3201315003831919e-15 9.7948494930082784e-17 0
2,1,0,1,0,0,0 -1.7612061504805622e-15 3.4088504471735287e-16 0
2,1,1,0,0,0,0 4.1521865900734429e-16 -1.0453845814177737e-16 0
2,2,0,0,0,0,0 -4.3937293039975067e-17 1.2742086032135891e-16 0
3,0,0,0,0,0,1 2.277349722646857e-15 -1.190277802536055e-15 0
3,0,0,0,0,1,0 7.9900312982637139e-15 -1.5100429045199204e-15 0
3,0,0,0,1,0,0 -2.878961437939565e-15 2.7972898858905949e-15 0
3,0,0,1,0,0,0 -3.5446634776697961e-16 1.5425859103534306e-15 0
3,0,1,0,0,0,0 1.3605212605388023e-15 2.8034418861865029e-16 0
3,1,0,0,0,0,0 3.7506443212509225e-15 -1.341375877332449e-15 0
4,0,0,0,0,0,0 -1.0387995124467794e-15 2.1686330438667675e-16 0
