# sectors lambda 1.9614068619764455 2.1995688493332102 2.298606272079097 2.3421820411462999
0,0,0,0,0,0,4 2.4330852003290326e-16 4.1781763595802324e-16 0
0,0,0,0,0,1,3 -7.0002190892884397e-15 1.5658860926665019e-15 0
0,0,0,0,0,2,2 -0.33333333333334331 0.12891078647848672 0
0,0,0,0,0,3,1 -1.9574050496781736e-15 2.0728048184120995e-15 0
0,0,0,0,0,4,0 -0.041666666666668843 0.01596254355610623 0
0,0,0,0,1,0,3 5.4802735225821693e-15 -8.8988180295705363e-16 0
0,0,0,0,1,1,2 7.864675504267761e-15 -2.0514799169320252e-15 0
0,0,0,0,1,2,1 6.0894791000052489e-15 -1.7613372511795372e-15 0
0,0,0,0,1,3,0 1.3288218995207574e-15 -1.1003805017780616e-15 0
0,0,0,0,2,0,2 -0.33333333333333759 0.12891078647848347 0
0,0,0,0,2,1,1 -4.418342863834855e-15 1.1050174777686868e-15 0
0,0,0,0,2,2,0 -0.083333333333336715 0.031925087112210933 0
0,0,0,0,3,0,1 1.4270734920277842e-15 -1.1077168377683271e-15 0
0,0,0,0,3,1,0 3.2147573299732102e-15 -1.1721345536748536e-15 0
0,0,0,0,4,0,0 -0.041666666666664909 0.015962543556104991 0
0,0,0,1,0,0,3 4.6051487276321801e-17 6.6068569885835426e-17 0
0,0,0,1,0,1,2 -1.5065531287772327e-15 1.8168517905425841e-16 0
0,0,0,1,0,2,1 -3.079025749641584e-15 -5.3125906451789717e-17 0
0,0,0,1,0,3,0 -4.6509969270011609e-15 7.0372852510602879e-16 0
0,0,0,1,1,0,2 2.3597092772072344e-15 -1.1143633216713356e-15 0
0,0,0,1,1,1,1 -1.4142135623730934 0.53851858480402015 0
0,0,0,1,1,2,0 -4.2387222746499698e-17 -5.3027311816729317e-16 0
0,0,0,1,2,0,1 -1.045978291375305e-14 -2.4330094438198126e-15 0
0,0,0,1,2,1,0 -3.043882829116036e-15 -2.4717099027238287e-16 0
0,0,0,1,3,0,0 4.3551457960243964e-15 -1.398668317415047e-15 0
0,0,0,2,0,0,2 -0.33333333333334048 0.12615974695776588 0
0,0,0,2,0,1,1 -1.3095806990909287e-15 1.7258059131081138e-15 0
0,0,0,2,0,2,0 -0.16666666666666852 0.062474654464062494 0
0,0,0,2,1,0,1 3.0292642580562884e-15 -8.5510517124163382e-16 0
0,0,0,2,1,1,0 1.1497523582076202e-15 -1.7981916547145718e-15 0
0,0,0,2,2,0,0 -0.16666666666665897 0.062474654464059455 0
0,0,0,3,0,0,1 -1.6664187391102203e-16 -3.1778643301907938e-16 0
0,0,0,3,0,1,0 -3.8098864341140626e-15 7.8835050466852241e-16 0
0,0,0,3,1,0,0 3.3052919667757308e-17 -1.522947027954866e-15 0
0,0,0,4,0,0,0 1.3543531666168965e-15 -6.9133473902180387e-16 0
0,0,1,0,0,0,3 -3.5358543350183513e-17 4.6114506527597521e-16 0
0,0,1,0,0,1,2 -3.4204545662844255e-15 5.6110172931556068e-16 0
0,0,1,0,0,2,1 0.70710678118655046 -0.26925929240201069 0
0,0,1,0,0,3,0 -9.6514322141943998e-16 2.4496192834594366e-16 0
0,0,1,0,1,0,2 -8.9239359445884153e-15 1.9646293936853056e-15 0
0,0,1,0,1,1,1 4.9265519913360353e-15 -4.6030819672408796e-16 0
0,0,1,0,1,2,0 -1.2083071529282469e-14 3.4604108044723053e-15 0
0,0,1,0,2,0,1 -0.70710678118653469 0.2692592924020128 0
0,0,1,0,2,1,0 -7.911625402333544e-15 1.0419014529787431e-15 0
0,0,1,0,3,0,0 -7.2659272839421003e-15 2.2364119271287033e-15 0
0,0,1,1,0,0,2 -4.0596052994917864e-15 1.124290547813156e-15 0
0,0,1,1,0,1,1 -2.9898772260089634e-15 4.2576619313505759e-16 0
0,0,1,1,0,2,0 4.95968283803494e-16 2.1115650460784563e-15 0
0,0,1,1,1,0,1 -2.4931466125529406e-15 -2.7984105104798124e-16 0
0,0,1,1,1,1,0 -9.1052145478279917e-16 1.9637154451352182e-15 0
0,0,1,1,2,0,0 -1.0650234672053154e-15 9.4760217493342828e-16 0
0,0,1,2,0,0,1 2.324421037591673e-15 -9.6481796076769433e-16 0
0,0,1,2,0,1,0 -3.7127283669322053e-15 1.2951066000882472e-15 0
0,0,1,2,1,0,0 -9.336279206608334e-15 2.290496521021191e-15 0
0,0,1,3,0,0,0 -5.3632872611380361e-15 9.0082970380031546e-16 0
0,0,2,0,0,0,2 -0.33333333333334003 0.12615974695776669 0
0,0,2,0,0,1,1 -4.4257132680858291e-15 1.9009994316546153e-15 0
0,0,2,0,0,2,0 -0.16666666666667918 0.062474654464062501 0
0,0,2,0,1,0,1 -1.6614267504355771e-15 -1.0980562433707958e-15 0
0,0,2,0,1,1,0 5.1656795567412914e-15 -6.4591683239002828e-16 0
0,0,2,0,2,0,0 -0.16666666666666655 0.062474654464060669 0
0,0,2,1,0,0,1 2.0290708132794655e-15 -1.3010426069826053e-16 0
0,0,2,1,0,1,0 -3.8267525541597902e-15 4.5212585845361142e-16 0
0,0,2,1,1,0,0 4.4794236272712243e-15 -1.2133979903478347e-15 0
0,0,2,2,0,0,0 -1.0253028894652294e-15 2.6963769216535594e-16 0
0,0,3,0,0,0,1 2.9118790440939984e-15 3.2932640989247197e-17 0
0,0,3,0,0,1,0 -2.917703242639319e-15 7.0183286537007367e-16 0
0,0,3,0,1,0,0 -1.024628783588113e-14 2.9682688861289142e-15 0
0,0,3,1,0,0,0 -2.856049408474573e-15 7.9860299146208846e-16 0
0,0,4,0,0,0,0 -6.0149395653721601e-15 9.0372210955695208e-16 0
0,1,0,0,0,0,3 -3.1683341626941773e-15 6.3242495889712436e-16 0
0,1,0,0,0,1,2 -1.0131534689110731e-14 2.4379518968318342e-15 0
0,1,0,0,0,2,1 -5.1760189369358215e-15 1.5138520376191174e-15 0
0,1,0,0,0,3,0 0.166666666666658 -0.061508511654260641 0
0,1,0,0,1,0,2 -6.6266298079017193e-15 1.1521633059923805e-15 0
0,1,0,0,1,1,1 -4.6913653111319929e-15 2.2705777703695614e-16 0
0,1,0,0,1,2,0 1.279851013430611e-15 -1.8656432324832611e-16 0
0,1,0,0,2,0,1 -3.4122004202480775e-15 2.2435928967906619e-15 0
0,1,0,0,2,1,0 -0.50000000000000677 0.18452553496278651 0
0,1,0,0,3,0,0 1.4458920276000527e-15 -5.0621400805168185e-16 0
0,1,0,1,0,0,2 2.8775247030035597e-15 -7.9231415432869795e-17 0
0,1,0,1,0,1,1 -1.5008968657710182e-15 1.3825748265323371e-15 0
0,1,0,1,0,2,0 -3.0003205911824438e-15 3.8925538733709301e-16 0
0,1,0,1,1,0,1 -0.94280904158207102 0.34576594600847493 0
0,1,0,1,1,1,0 -3.6869087900682144e-15 -5.8954633268859757e-16 0
0,1,0,1,2,0,0 -2.924743177005421e-15 4.5352097066814965e-16 0
0,1,0,2,0,0,1 -2.3316549608232164e-15 1.0485304435662698e-15 0
0,1,0,2,0,1,0 -0.33333333333334236 0.12026598378780899 0
0,1,0,2,1,0,0 2.3203096800256836e-16 3.3467773398642966e-16 0
0,1,0,3,0,0,0 -1.1781268508726928e-15 2.7063879229488203e-16 0
0,1,1,0,0,0,2 -5.1757174569032603e-15 1.1565028250162502e-15 0
0,1,1,0,0,1,1 -0.94280904158204071 0.34576594600847527 0
0,1,1,0,0,2,0 -3.8150640088709777e-15 8.0515513789546567e-16 0
0,1,1,0,1,0,1 5.8096036327525918e-15 -1.9799477207563427e-16 0
0,1,1,0,1,1,0 5.8982279293595991e-16 -8.8202069902849221e-16 0
0,1,1,0,2,0,0 -4.7904385304839867e-15 6.1148956450865708e-16 0
0,1,1,1,0,0,1 -4.202516007530128e-15 4.0457222676773644e-16 0
0,1,1,1,0,1,0 1.3917910742184565e-15 -4.0058713531654291e-17 0
0,1,1,1,1,0,0 -0.66666666666666741 0.24053196757561021 0
0,1,1,2,0,0,0 4.4638864378199639e-16 7.1876118153251293e-16 0
0,1,2,0,0,0,1 -3.9238621454066691e-15 9.0780198654062574e-16 0
0,1,2,0,0,1,0 0.33333333333333182 -0.12026598378780387 0
0,1,2,0,1,0,0 5.5858486029475532e-16 -4.3806926655029559e-17 0
0,1,2,1,0,0,0 -6.5112089171116408e-15 1.7038320915763142e-15 0
0,1,3,0,0,0,0 -8.6561245566943084e-16 1.5664796069719706e-16 0
0,2,0,0,0,0,2 -5.3418641038360803e-16 1.1058997684623706e-15 0
0,2,0,0,0,1,1 -8.1209453224595496e-15 2.0686577451023425e-15 0
0,2,0,0,0,2,0 -0.16666666666666743 0.059166849084106417 0
0,2,0,0,1,0,1 3.4360535250410607e-15 -5.9999748225347815e-16 0
0,2,0,0,1,1,0 1.3588305827760827e-15 -1.2419535885821453e-15 0
0,2,0,0,2,0,0 -0.1666666666666686 0.059166849084103107 0
0,2,0,1,0,0,1 2.8451633410364607e-15 2.8216361538935253e-16 0
0,2,0,1,0,1,0 -4.1454470064983262e-15 -1.2739375526704685e-18 0
0,2,0,1,1,0,0 1.9619722513297688e-15 4.391018798566293e-17 0
0,2,0,2,0,0,0 -0.16666666666666788 0.057791329323746629 0
0,2,1,0,0,0,1 -1.4315805485498601e-15 2.1445518971763278e-16 0
0,2,1,0,0,1,0 -4.6154486482707924e-15 1.2732599263126643e-15 0
0,2,1,0,1,0,0 -1.1810864786188091e-14 3.3876981081482072e-15 0
0,2,1,1,0,0,0 -4.7574791328663935e-15 1.0104764247564901e-15 0
0,2,2,0,0,0,0 -0.16666666666667335 0.057791329323746359 0
0,3,0,0,0,0,1 -1.8711161092754836e-15 1.5950782361606741e-15 0
0,3,0,0,0,1,0 -6.8991036841770104e-15 2.3076565614996158e-15 0
0,3,0,0,1,0,0 -9.9226182825873366e-16 4.410534437671032e-16 0
0,3,0,1,0,0,0 -9.0118884576995129e-16 8.0610431524297255e-17 0
0,3,1,0,0,0,0 -1.3105835861004778e-15 1.1373280789372942e-16 0
0,4,0,0,0,0,0 9.3718435789647003e-16 3.7657051955852783e-16 0
1,0,0,0,0,0,3 3.6877781644378826e-15 -4.8827044837884692e-16 0
1,0,0,0,0,1,2 9.9472838820113818e-15 -1.9459531642312955e-15 0
1,0,0,0,0,2,1 7.2580288133783366e-15 -8.9739413816625202e-16 0
1,0,0,0,0,3,0 8.0989089133037817e-15 -2.1399982480518887e-15 0
1,0,0,0,1,0,2 8.409540459017404e-15 -6.1499165948577378e-16 0
1,0,0,0,1,1,1 -1.2914118423723239e-15 -1.3683851144211112e-15 0
1,0,0,0,1,2,0 0.50000000000000022 -0.18452553496278265 0
1,0,0,0,2,0,1 -7.7477838987554835e-17 -1.221252315109487e-15 0
1,0,0,0,2,1,0 5.9570565630699126e-15 -2.3030992066060325e-15 0
1,0,0,0,3,0,0 -0.16666666666666727 0.061508511654263527 0
1,0,0,1,0,0,2 3.717200700893708e-15 -5.4776604259398898e-16 0
1,0,0,1,0,1,1 0.94280904158205714 -0.34576594600847699 0
1,0,0,1,0,2,0 2.7333549919988931e-15 6.1954022641252937e-16 0
1,0,0,1,1,0,1 3.0893273643460908e-15 3.5435284535204753e-16 0
1,0,0,1,1,1,0 -3.8179671284308686e-16 2.4366529031028678e-15 0
1,0,0,1,2,0,0 3.9654419172949467e-16 -5.510780472968717e-17 0
1,0,0,2,0,0,1 2.0056249412994664e-15 -8.9216286268400946e-16 0
1,0,0,2,0,1,0 5.2318311358559577e-15 -1.7267545900090386e-15 0
1,0,0,2,1,0,0 0.3333333333333241 -0.12026598378780491 0
1,0,0,3,0,0,0 1.0185062970964609e-15 7.6883486556378333e-17 0
1,0,1,0,0,0,2 3.2634214341270562e-15 -9.9379326382736943e-16 0
1,0,1,0,0,1,1 -7.4850607482968012e-16 -7.7070511431132083e-16 0
1,0,1,0,0,2,0 2.6101896252045398e-15 7.4254296288100985e-16 0
1,0,1,0,1,0,1 -0.94280904158205714 0.34576594600847321 0
1,0,1,0,1,1,0 -3.9211831752514886e-15 1.6055848328384165e-16 0
1,0,1,0,2,0,0 -2.0325714416317899e-15 -5.7635552214618975e-16 0
1,0,1,1,0,0,1 7.7992625378831004e-15 1.7444812955291766e-16 0
1,0,1,1,0,1,0 -0.66666666666666707 0.24053196757560963 0
1,0,1,1,1,0,0 3.8112137347424101e-15 -7.8996156133420009e-16 0
1,0,1,2,0,0,0 3.3159849107018691e-15 -7.1392002552739253e-16 0
1,0,2,0,0,0,1 -4.748534464943388e-16 -2.3240551193584591e-16 0
1,0,2,0,0,1,0 6.9826008039855503e-15 -1.7801922045854179e-15 0
1,0,2,0,1,0,0 -0.33333333333333498 0.12026598378780667 0
1,0,2,1,0,0,0 1.5763554198945651e-15 -1.5393366919677631e-15 0
1,0,3,0,0,0,0 -7.1524054989216199e-16 9.6135867821110776e-16 0
1,1,0,0,0,0,2 4.2730673835339812e-15 -1.4601465026656781e-15 0
1,1,0,0,0,1,1 8.7252400803597077e-15 -8.9627256594234287e-17 0
1,1,0,0,0,2,0 3.6635367606651937e-15 -1.0140245431990606e-15 0
1,1,0,0,1,0,1 -1.5094458801426723e-15 2.17896367067337e-16 0
1,1,0,0,1,1,0 1.7484704287622456e-15 6.334205514480775e-16 0
1,1,0,0,2,0,0 6.8632161276997852e-15 -1.1368937837040766e-15 0
1,1,0,1,0,0,1 9.3604043249484397e-15 -1.6901196346064267e-16 0
1,1,0,1,0,1,0 6.1522952891181374e-16 5.9822905050169229e-18 0
1,1,0,1,1,0,0 5.1904914624703071e-15 -5.2098952611130119e-16 0
1,1,0,2,0,0,0 7.306263734263864e-15 -9.1188114393424273e-16 0
1,1,1,0,0,0,1 6.2807804063020404e-15 -1.9670910087732087e-16 0
1,1,1,0,0,1,0 1.128566132308552e-15 3.7741739509839985e-16 0
1,1,1,0,1,0,0 -4.4673570342565347e-15 -1.1549868173178341e-15 0
1,1,1,1,0,0,0 -3.6877901623038437e-15 1.4683849423010336e-15 0
1,1,2,0,0,0,0 6.1879172438717848e-15 -1.0439012589784589e-15 0
1,2,0,0,0,0,1 3.7999117741271959e-15 -1.0176050540405823e-15 0
1,2,0,0,0,1,0 6.043586854923011e-15 -1.4195323519081149e-15 0
1,2,0,0,1,0,0 -4.0115480381963664e-17 2.5278173651499536e-16 0
1,2,0,1,0,0,0 -1.8726339923169633e-15 -4.0657581468206416e-16 0
1,2,1,0,0,0,0 1.9576354426398268e-15 -8.6329597984158291e-16 0
1,3,0,0,0,0,0 2.3193252873809911e-15 -7.3354408484938016e-16 0
2,0,0,0,0,0,2 2.2518879122523927e-16 6.9182940626300038e-16 0
2,0,0,0,0,1,1 -9.9211003995458569e-15 2.3996917734164791e-15 0
2,0,0,0,0,2,0 -0.16666666666666971 0.059166849084105737 0
2,0,0,0,1,0,1 4.6958812028761662e-15 -1.6860478806298915e-15 0
2,0,0,0,1,1,0 -5.0884487866765388e-16 -3.4195397707013908e-16 0
2,0,0,0,2,0,0 -0.16666666666666269 0.059166849084104078 0
2,0,0,1,0,0,1 -5.3730891264036629e-15 2.226138110655862e-16 0
2,0,0,1,0,1,0 -5.6255591547940687e-15 3.8688399272429619e-16 0
2,0,0,1,1,0,0 1.821871307788013e-15 -1.8899583571871555e-15 0
2,0,0,2,0,0,0 -0.16666666666666533 0.057791329323745769 0
2,0,1,0,0,0,1 1.9598173995119539e-15 2.0958983246860408e-17 0
2,0,1,0,0,1,0 -4.6892557111627431e-15 4.5136691693287156e-16 0
2,0,1,0,1,0,0 -9.985757389025093e-15 2.4670296221737751e-15 0
2,0,1,1,0,0,0 -3.7276903569125053e-16 -6.4449042890685204e-17 0
2,0,2,0,0,0,0 -0.1666666666666711 0.05779132932374792 0
2,1,0,0,0,0,1 -3.9368898309983114e-15 -1.5918170677516237e-16 0
2,1,0,0,0,1,0 -7.0052559533332163e-15 1.5268893654018003e-15 0
2,1,0,0,1,0,0 1.3201315003831919e-15 3.0134482248836342e-16 0
2,1,0,1,0,0,0 -1.7612061504805622e-15 3.5291968883194197e-16 0
2,1,1,0,0,0,0 4.1521865900734429e-16 1.6775891747795707e-16 0
2,2,0,0,0,0,0 -4.3937293039975067e-17 2.5177884950544627e-16 0
3,0,0,0,0,0,1 2.277349722646857e-15 -6.4205097401875966e-16 0
3,0,0,0,0,1,0 7.9900312982637139e-15 -1.6197099542668292e-15 0
3,0,0,0,1,0,0 -2.878961437939565e-15 3.288541890243777e-15 0
3,0,0,1,0,0,0 -3.5446634776697961e-16 1.0032766447048286e-15 0
3,0,1,0,0,0,0 1.3605212605388023e-15 -1.0500836853701012e-16 0
3,1,0,0,0,0,0 3.7506443212509225e-15 -1.1875275890567559e-15 0
4,0,0,0,0,0,0 -1.0387995124467794e-15 -2.5145782401843689e-16 0
