# sectors lambda 1.9614068619764455 2.1995688493332102 2.298606272079097 2.3421820411462999
0,0,0,0,0,0,4 2.4330852003290326e-16 3.5614347300254312e-16 0
0,0,0,0,0,1,3 -7.0002190892884397e-15 1.7860062387353715e-15 0
0,0,0,0,0,2,2 -0.33333333333334331 0.12891078647848703 0
0,0,0,0,0,3,1 -1.9574050496781736e-15 1.7494415204682978e-15 0
0,0,0,0,0,4,0 -0.041666666666668843 0.015962543556106049 0
0,0,0,0,1,0,3 5.4802735225821693e-15 -9.511731070203748e-16 0
0,0,0,0,1,1,2 7.864675504267761e-15 -1.667733334244359e-15 0
0,0,0,0,1,2,1 6.0894791000052489e-15 -1.4597189830576479e-15 0
0,0,0,0,1,3,0 1.3288218995207574e-15 -1.5672023818665351e-15 0
0,0,0,0,2,0,2 -0.33333333333333759 0.12891078647848367 0
0,0,0,0,2,1,1 -4.418342863834855e-15 8.6389091460791064e-16 0
0,0,0,0,2,2,0 -0.083333333333336715 0.031925087112210711 0
0,0,0,0,3,0,1 1.4270734920277842e-15 -1.0959261391425472e-15 0
0,0,0,0,3,1,0 3.2147573299732102e-15 -1.6895971455478728e-15 0
0,0,0,0,4,0,0 -0.041666666666664909 0.015962543556104717 0
0,0,0,1,0,0,3 4.6051487276321801e-17 5.6249763961263577e-16 0
0,0,0,1,0,1,2 -1.5065531287772327e-15 1.2183992963848977e-15 0
0,0,0,1,0,2,1 -3.079025749641584e-15 1.7547812161677889e-16 0
0,0,0,1,0,3,0 -4.6509969270011609e-15 5.7806949331495883e-16 0
0,0,0,1,1,0,2 2.3597092772072344e-15 -5.3614475055765998e-16 0
0,0,0,1,1,1,1 -1.4142135623730934 0.53851858480402304 0
0,0,0,1,1,2,0 -4.2387222746499698e-17 -5.6838282453015865e-16 0
0,0,0,1,2,0,1 -1.045978291375305e-14 -1.1297984324922363e-15 0
0,0,0,1,2,1,0 -3.043882829116036e-15 6.9266966294667665e-17 0
0,0,0,1,3,0,0 4.3551457960243964e-15 -1.6825124461717521e-15 0
0,0,0,2,0,0,2 -0.33333333333334048 0.12615974695776602 0
0,0,0,2,0,1,1 -1.3095806990909287e-15 1.3278495056973094e-15 0
0,0,0,2,0,2,0 -0.16666666666666852 0.062474654464062189 0
0,0,0,2,1,0,1 3.0292642580562884e-15 -1.5142458820041962e-15 0
0,0,0,2,1,1,0 1.1497523582076202e-15 -2.3757054944161318e-15 0
0,0,0,2,2,0,0 -0.16666666666665897 0.062474654464059413 0
0,0,0,3,0,0,1 -1.6664187391102203e-16 1.0755963177414007e-16 0
0,0,0,3,0,1,0 -3.8098864341140626e-15 7.6639541067569095e-16 0
0,0,0,3,1,0,0 3.3052919667757308e-17 -1.3166911171666549e-15 0
0,0,0,4,0,0,0 1.3543531666168965e-15 -3.8195764910306518e-16 0
0,0,1,0,0,0,3 -3.5358543350183513e-17 3.419980227833963e-17 0
0,0,1,0,0,1,2 -3.4204545662844255e-15 -1.093959992037874e-16 0
0,0,1,0,0,2,1 0.70710678118655046 -0.26925929240201124 0
0,0,1,0,0,3,0 -9.6514322141943998e-16 -4.3490059643824797e-17 0
0,0,1,0,1,0,2 -8.9239359445884153e-15 3.4918365738483871e-15 0
0,0,1,0,1,1,1 4.9265519913360353e-15 6.0790199371725528e-16 0
0,0,1,0,1,2,0 -1.2083071529282469e-14 3.6386671941560783e-15 0
0,0,1,0,2,0,1 -0.70710678118653469 0.26925929240201207 0
0,0,1,0,2,1,0 -7.911625402333544e-15 1.4427445486737901e-15 0
0,0,1,0,3,0,0 -7.2659272839421003e-15 2.4896273445126929e-15 0
0,0,1,1,0,0,2 -4.0596052994917864e-15 1.4923229752633604e-15 0
0,0,1,1,0,1,1 -2.9898772260089634e-15 4.6609851395151836e-16 0
0,0,1,1,0,2,0 4.95968283803494e-16 1.6841725496846705e-15 0
0,0,1,1,1,0,1 -2.4931466125529406e-15 -2.1207841526763721e-16 0
0,0,1,1,1,1,0 -9.1052145478279917e-16 9.9232450869683048e-16 0
0,0,1,1,2,0,0 -1.0650234672053154e-15 1.8745950324085346e-15 0
0,0,1,2,0,0,1 2.324421037591673e-15 -5.4891800740225483e-16 0
0,0,1,2,0,1,0 -3.7127283669322053e-15 2.2808632153120678e-15 0
0,0,1,2,1,0,0 -9.336279206608334e-15 2.7818569455916216e-15 0
0,0,1,3,0,0,0 -5.3632872611380361e-15 9.3124157473853386e-16 0
0,0,2,0,0,0,2 -0.33333333333334003 0.1261597469577668 0
0,0,2,0,0,1,1 -4.4257132680858291e-15 1.5722693329570103e-15 0
0,0,2,0,0,2,0 -0.16666666666667918 0.062474654464062598 0
0,0,2,0,1,0,1 -1.6614267504355771e-15 -7.1912758408711197e-16 0
0,0,2,0,1,1,0 5.1656795567412914e-15 -8.5755309645919875e-16 0
0,0,2,0,2,0,0 -0.16666666666666655 0.062474654464060135 0
0,0,2,1,0,0,1 2.0290708132794655e-15 -2.6183482465524932e-16 0
0,0,2,1,0,1,0 -3.8267525541597902e-15 3.6278759944080585e-16 0
0,0,2,1,1,0,0 4.4794236272712243e-15 -1.0718011866212278e-15 0
0,0,2,2,0,0,0 -1.0253028894652294e-15 -1.7705360289867189e-16 0
0,0,3,0,0,0,1 2.9118790440939984e-15 2.0708261494473135e-16 0
0,0,3,0,0,1,0 -2.917703242639319e-15 8.6028901287883014e-16 0
0,0,3,0,1,0,0 -1.024628783588113e-14 2.7503442494593278e-15 0
0,0,3,1,0,0,0 -2.856049408474573e-15 7.9860299146208846e-16 0
0,0,4,0,0,0,0 -6.0149395653721601e-15 6.621618655271817e-16 0
0,1,0,0,0,0,3 -3.1683341626941773e-15 6.933164634093415e-16 0
0,1,0,0,0,1,2 -1.0131534689110731e-14 2.2484604621356801e-15 0
0,1,0,0,0,2,1 -5.1760189369358215e-15 1.6716983214058507e-15 0
0,1,0,0,0,3,0 0.166666666666658 -0.061508511654260772 0
0,1,0,0,1,0,2 -6.6266298079017193e-15 -2.2661659675743551e-16 0
0,1,0,0,1,1,1 -4.6913653111319929e-15 7.2027489782776823e-16 0
0,1,0,0,1,2,0 1.279851013430611e-15 -7.3097950350297707e-16 0
0,1,0,0,2,0,1 -3.4122004202480775e-15 1.4309291584041519e-15 0
0,1,0,0,2,1,0 -0.50000000000000677 0.18452553496278745 0
0,1,0,0,3,0,0 1.4458920276000527e-15 -4.9060149676789059e-16 0
0,1,0,1,0,0,2 2.8775247030035597e-15 -2.5183640129256213e-16 0
0,1,0,1,0,1,1 -1.5008968657710182e-15 1.5875432472407217e-15 0
0,1,0,1,0,2,0 -3.0003205911824438e-15 3.3607527077667901e-16 0
0,1,0,1,1,0,1 -0.94280904158207102 0.3457659460084771 0
0,1,0,1,1,1,0 -3.6869087900682144e-15 1.3713417164686857e-15 0
0,1,0,1,2,0,0 -2.924743177005421e-15 3.6505007339333254e-16 0
0,1,0,2,0,0,1 -2.3316549608232164e-15 4.4381668186247968e-16 0
0,1,0,2,0,1,0 -0.33333333333334236 0.1202659837878088 0
0,1,0,2,1,0,0 2.3203096800256836e-16 -8.2265387503322205e-16 0
0,1,0,3,0,0,0 -1.1781268508726928e-15 1.5712282483564972e-16 0
0,1,1,0,0,0,2 -5.1757174569032603e-15 8.8268756635503614e-16 0
0,1,1,0,0,1,1 -0.94280904158204071 0.34576594600847571 0
0,1,1,0,0,2,0 -3.8150640088709777e-15 7.4013011260064755e-16 0
0,1,1,0,1,0,1 5.8096036327525918e-15 -3.2820745299114335e-16 0
0,1,1,0,1,1,0 5.8982279293595991e-16 -1.0050776456055969e-15 0
0,1,1,0,2,0,0 -4.7904385304839867e-15 1.4636683251237563e-16 0
0,1,1,1,0,0,1 -4.202516007530128e-15 1.0179053957427863e-15 0
0,1,1,1,0,1,0 1.3917910742184565e-15 -1.6815720021081663e-16 0
0,1,1,1,1,0,0 -0.66666666666666741 0.2405319675756098 0
0,1,1,2,0,0,0 4.4638864378199639e-16 3.3571255399338422e-16 0
0,1,2,0,0,0,1 -3.9238621454066691e-15 1.231870015896543e-15 0
0,1,2,0,0,1,0 0.33333333333333182 -0.12026598378780391 0
0,1,2,0,1,0,0 5.5858486029475532e-16 3.1029350287873618e-16 0
0,1,2,1,0,0,0 -6.5112089171116408e-15 1.3308665442413007e-15 0
0,1,3,0,0,0,0 -8.6561245566943084e-16 7.1538090157084946e-17 0
0,2,0,0,0,0,2 -5.3418641038360803e-16 1.1634844563485069e-15 0
0,2,0,0,0,1,1 -8.1209453224595496e-15 1.6372401481432042e-15 0
0,2,0,0,0,2,0 -0.16666666666666743 0.059166849084106445 0
0,2,0,0,1,0,1 3.4360535250410607e-15 -2.0198686473404948e-16 0
0,2,0,0,1,1,0 1.3588305827760827e-15 -9.5328476015787977e-16 0
0,2,0,0,2,0,0 -0.1666666666666686 0.059166849084103287 0
0,2,0,1,0,0,1 2.8451633410364607e-15 -9.4759269875233088e-17 0
0,2,0,1,0,1,0 -4.1454470064983262e-15 3.3428663483159315e-16 0
0,2,0,1,1,0,0 1.9619722513297688e-15 -3.0921445959286586e-16 0
0,2,0,2,0,0,0 -0.16666666666666788 0.057791329323745873 0
0,2,1,0,0,0,1 -1.4315805485498601e-15 1.16605943650816e-15 0
0,2,1,0,0,1,0 -4.6154486482707924e-15 1.4008163119055839e-15 0
0,2,1,0,1,0,0 -1.1810864786188091e-14 3.3844455016307506e-15 0
0,2,1,1,0,0,0 -4.7574791328663935e-15 1.4961989980299961e-16 0
0,2,2,0,0,0,0 -0.16666666666667335 0.057791329323745588 0
0,3,0,0,0,0,1 -1.8711161092754836e-15 1.6151088712973438e-15 0
0,3,0,0,0,1,0 -6.8991036841770104e-15 2.3120475802981821e-15 0
0,3,0,0,1,0,0 -9.9226182825873366e-16 2.7170106442486741e-16 0
0,3,0,1,0,0,0 -9.0118884576995129e-16 3.8017549178204213e-16 0
0,3,1,0,0,0,0 -1.3105835861004778e-15 3.1593651306227599e-16 0
0,4,0,0,0,0,0 9.3718435789647003e-16 2.038029033729627e-16 0
1,0,0,0,0,0,3 3.6877781644378826e-15 -1.5662655634268718e-16 0
1,0,0,0,0,1,2 9.9472838820113818e-15 -1.5234395776136944e-15 0
1,0,0,0,0,2,1 7.2580288133783366e-15 -8.8319108970669191e-16 0
1,0,0,0,0,3,0 8.0989089133037817e-15 -1.9179807481811695e-15 0
1,0,0,0,1,0,2 8.409540459017404e-15 -5.9212176990990767e-16 0
1,0,0,0,1,1,1 -1.2914118423723239e-15 2.235015015943087e-16 0
1,0,0,0,1,2,0 0.50000000000000022 -0.18452553496278151 0
1,0,0,0,2,0,1 -7.7477838987554835e-17 -9.9767140417637325e-17 0
1,0,0,0,2,1,0 5.9570565630699126e-15 -2.4911405208964872e-15 0
1,0,0,0,3,0,0 -0.16666666666666727 0.061508511654263104 0
1,0,0,1,0,0,2 3.717200700893708e-15 -8.1312452430981619e-16 0
1,0,0,1,0,1,1 0.94280904158205714 -0.34576594600847377 0
1,0,0,1,0,2,0 2.7333549919988931e-15 8.0716141236114591e-16 0
1,0,0,1,1,0,1 3.0893273643460908e-15 5.9108838971425742e-16 0
1,0,0,1,1,1,0 -3.8179671284308686e-16 1.7074185218891175e-15 0
1,0,0,1,2,0,0 3.9654419172949467e-16 3.6377370461008747e-16 0
1,0,0,2,0,0,1 2.0056249412994664e-15 -9.3151940154523327e-16 0
1,0,0,2,0,1,0 5.2318311358559577e-15 -1.3201245652183502e-15 0
1,0,0,2,1,0,0 0.3333333333333241 -0.12026598378780659 0
1,0,0,3,0,0,0 1.0185062970964609e-15 8.0488458779892635e-17 0
1,0,1,0,0,0,2 3.2634214341270562e-15 -8.8672829929442587e-16 0
1,0,1,0,0,1,1 -7.4850607482968012e-16 -6.3089724416931503e-16 0
1,0,1,0,0,2,0 2.6101896252045398e-15 -1.8529015127777271e-16 0
1,0,1,0,1,0,1 -0.94280904158205714 0.3457659460084751 0
1,0,1,0,1,1,0 -3.9211831752514886e-15 4.3122955564484783e-16 0
1,0,1,0,2,0,0 -2.0325714416317899e-15 -1.1456700829183281e-15 0
1,0,1,1,0,0,1 7.7992625378831004e-15 -1.1221492485224971e-15 0
1,0,1,1,0,1,0 -0.66666666666666707 0.24053196757561135 0
1,0,1,1,1,0,0 3.8112137347424101e-15 -8.781071979572716e-16 0
1,0,1,2,0,0,0 3.3159849107018691e-15 -4.3256956176740413e-16 0
1,0,2,0,0,0,1 -4.748534464943388e-16 -3.1057648857205078e-16 0
1,0,2,0,0,1,0 6.9826008039855503e-15 -1.0224433062352989e-15 0
1,0,2,0,1,0,0 -0.33333333333333498 0.12026598378780533 0
1,0,2,1,0,0,0 1.5763554198945651e-15 -7.5827744690920573e-16 0
1,0,3,0,0,0,0 -7.1524054989216199e-16 -2.016378871597807e-16 0
1,1,0,0,0,0,2 4.2730673835339812e-15 -1.1058021276431031e-15 0
1,1,0,0,0,1,1 8.7252400803597077e-15 1.8996248561657189e-17 0
1,1,0,0,0,2,0 3.6635367606651937e-15 -8.7450127612733221e-16 0
1,1,0,0,1,0,1 -1.5094458801426723e-15 -2.2586758213097999e-16 0
1,1,0,0,1,1,0 1.7484704287622456e-15 9.410087077822151e-16 0
1,1,0,0,2,0,0 6.8632161276997852e-15 -7.3259479358423209e-16 0
1,1,0,1,0,0,1 9.3604043249484397e-15 4.3857493400023402e-16 0
1,1,0,1,0,1,0 6.1522952891181374e-16 -5.5758599875294825e-16 0
1,1,0,1,1,0,0 5.1904914624703071e-15 -7.2904792301126949e-16 0
1,1,0,2,0,0,0 7.306263734263864e-15 -4.6144935137513982e-16 0
1,1,1,0,0,0,1 6.2807804063020404e-15 2.9915076270892458e-16 0
1,1,1,0,0,1,0 1.128566132308552e-15 4.2455308454720716e-16 0
1,1,1,0,1,0,0 -4.4673570342565347e-15 -1.4797983951329754e-16 0
1,1,1,1,0,0,0 -3.6877901623038437e-15 1.7172093408864569e-15 0
1,1,2,0,0,0,0 6.1879172438717848e-15 -1.1174101662729761e-15 0
1,2,0,0,0,0,1 3.7999117741271959e-15 -1.0007186052041206e-15 0
1,2,0,0,0,1,0 6.043586854923011e-15 -1.2120160560943893e-15 0
1,2,0,0,1,0,0 -4.0115480381963664e-17 -2.380365869691925e-16 0
1,2,0,1,0,0,0 -1.8726339923169633e-15 -6.3387880014365017e-16 0
1,2,1,0,0,0,0 1.9576354426398268e-15 -9.7388460143510436e-16 0
1,3,0,0,0,0,0 2.3193252873809911e-15 -9.4959847277142906e-16 0
2,0,0,0,0,0,2 2.2518879122523927e-16 -5.570088661144279e-18 0
2,0,0,0,0,1,1 -9.9211003995458569e-15 9.2338788525159199e-16 0
2,0,0,0,0,2,0 -0.16666666666666971 0.059166849084105758 0
2,0,0,0,1,0,1 4.6958812028761662e-15 -2.0267584133334612e-15 0
2,0,0,0,1,1,0 -5.0884487866765388e-16 -8.5136636781245334e-16 0
2,0,0,0,2,0,0 -0.16666666666666269 0.059166849084104182 0
2,0,0,1,0,0,1 -5.3730891264036629e-15 8.374919681364279e-16 0
2,0,0,1,0,1,0 -5.6255591547940687e-15 5.2577029101968931e-16 0
2,0,0,1,1,0,0 1.821871307788013e-15 -1.1107422558218234e-15 0
2,0,0,2,0,0,0 -0.16666666666666533 0.05779132932374513 0
2,0,1,0,0,0,1 1.9598173995119539e-15 -6.6714347804822105e-16 0
2,0,1,0,0,1,0 -4.6892557111627431e-15 8.1609252775699526e-16 0
2,0,1,0,1,0,0 -9.985757389025093e-15 2.5457698049505349e-15 0
2,0,1,1,0,0,0 -3.7276903569125053e-16 7.3949364427089437e-17 0
2,0,2,0,0,0,0 -0.1666666666666711 0.05779132932374733 0
2,1,0,0,0,0,1 -3.9368898309983114e-15 1.9789350246936048e-16 0
2,1,0,0,0,1,0 -7.0052559533332163e-15 1.7439466403333983e-15 0
2,1,0,0,1,0,0 1.3201315003831919e-15 2.9589670657162376e-16 0
2,1,0,1,0,0,0 -1.7612061504805622e-15 1.1363626936439114e-16 0
2,1,1,0,0,0,0 4.1521865900734429e-16 4.4227632450389913e-17 0
2,2,0,0,0,0,0 -4.3937293039975067e-17 1.0394788328704774e-16 0
3,0,0,0,0,0,1 2.277349722646857e-15 -1.5960946756973793e-15 0
3,0,0,0,0,1,0 7.9900312982637139e-15 -2.1447348562929347e-15 0
3,0,0,0,1,0,0 -2.878961437939565e-15 3.0157566236464241e-15 0
3,0,0,1,0,0,0 -3.5446634776697961e-16 7.5735248693080404e-16 0
3,0,1,0,0,0,0 1.3605212605388023e-15 1.1242837715495779e-16 0
3,1,0,0,0,0,0 3.7506443212509225e-15 -1.475518791123218e-15 0
4,0,0,0,0,0,0 -1.0387995124467794e-15 3.4130599686548954e-16 0
