# sectors lambda 1.9614068619764455 2.1995688493332102 2.298606272079097 2.3421820411462999
0,0,0,0,0,0,4 2.4330852003290326e-16 4.1286418728248009e-16 0
0,0,0,0,0,1,3 -7.0002190892884397e-15 1.2663752425173813e-15 0
0,0,0,0,0,2,2 -0.33333333333334331 0.12891078647848633 0
0,0,0,0,0,3,1 -1.9574050496781736e-15 1.7958453734506774e-15 0
0,0,0,0,0,4,0 -0.041666666666668843 0.01596254355610607 0
0,0,0,0,1,0,3 5.4802735225821693e-15 -1.4379324486213201e-15 0
0,0,0,0,1,1,2 7.864675504267761e-15 -1.4181161128203057e-15 0
0,0,0,0,1,2,1 6.0894791000052489e-15 -1.4892025058856756e-15 0
0,0,0,0,1,3,0 1.3288218995207574e-15 -4.6603413944752703e-16 0
0,0,0,0,2,0,2 -0.33333333333333759 0.12891078647848356 0
0,0,0,0,2,1,1 -4.418342863834855e-15 9.7609228693300428e-16 0
0,0,0,0,2,2,0 -0.083333333333336715 0.031925087112210579 0
0,0,0,0,3,0,1 1.4270734920277842e-15 -6.5714951993766355e-16 0
0,0,0,0,3,1,0 3.2147573299732102e-15 -9.9822852520817874e-16 0
0,0,0,0,4,0,0 -0.041666666666664909 0.015962543556104648 0
0,0,0,1,0,0,3 4.6051487276321801e-17 2.4428430198814022e-16 0
0,0,0,1,0,1,2 -1.5065531287772327e-15 1.9187667947562215e-16 0
0,0,0,1,0,2,1 -3.079025749641584e-15 8.0453222209286857e-16 0
0,0,0,1,0,3,0 -4.6509969270011609e-15 5.0521110732393293e-16 0
0,0,0,1,1,0,2 2.3597092772072344e-15 -8.7840027135702159e-16 0
0,0,0,1,1,1,1 -1.4142135623730934 0.53851858480402437 0
0,0,0,1,1,2,0 -4.2387222746499698e-17 -5.0509252271131733e-16 0
0,0,0,1,2,0,1 -1.045978291375305e-14 -3.7747054500454473e-16 0
0,0,0,1,2,1,0 -3.043882829116036e-15 -8.2131025071208175e-16 0
0,0,0,1,3,0,0 4.3551457960243964e-15 -1.2682930061736651e-15 0
0,0,0,2,0,0,2 -0.33333333333334048 0.12615974695776647 0
0,0,0,2,0,1,1 -1.3095806990909287e-15 1.411278862870069e-15 0
0,0,0,2,0,2,0 -0.16666666666666852 0.062474654464061634 0
0,0,0,2,1,0,1 3.0292642580562884e-15 -8.5456307015539107e-16 0
0,0,0,2,1,1,0 1.1497523582076202e-15 -1.1976114137933827e-15 0
0,0,0,2,2,0,0 -0.16666666666665897 0.062474654464059344 0
0,0,0,3,0,0,1 -1.6664187391102203e-16 7.0067243023233527e-16 0
0,0,0,3,0,1,0 -3.8098864341140626e-15 -1.5471565001368148e-16 0
0,0,0,3,1,0,0 3.3052919667757308e-17 -1.6439304378770923e-15 0
0,0,0,4,0,0,0 1.3543531666168965e-15 -4.5653720604291181e-16 0
0,0,1,0,0,0,3 -3.5358543350183513e-17 -1.7221873883574434e-16 0
0,0,1,0,0,1,2 -3.4204545662844255e-15 4.0251005653524352e-17 0
0,0,1,0,0,2,1 0.70710678118655046 -0.26925929240201246 0
0,0,1,0,0,3,0 -9.6514322141943998e-16 6.4875947496101372e-16 0
0,0,1,0,1,0,2 -8.9239359445884153e-15 2.3190008737621927e-15 0
0,0,1,0,1,1,1 4.9265519913360353e-15 -5.3500972640833921e-16 0
0,0,1,0,1,2,0 -1.2083071529282469e-14 3.8186854123701403e-15 0
0,0,1,0,2,0,1 -0.70710678118653469 0.2692592924020128 0
0,0,1,0,2,1,0 -7.911625402333544e-15 7.6065940943600323e-16 0
0,0,1,0,3,0,0 -7.2659272839421003e-15 2.1208359755417486e-15 0
0,0,1,1,0,0,2 -4.0596052994917864e-15 1.2558584814442719e-15 0
0,0,1,1,0,1,1 -2.9898772260089634e-15 5.0426243042300811e-16 0
0,0,1,1,0,2,0 4.95968283803494e-16 5.9281464286076169e-16 0
0,0,1,1,1,0,1 -2.4931466125529406e-15 6.4932021077209606e-16 0
0,0,1,1,1,1,0 -9.1052145478279917e-16 1.1283918813437613e-15 0
0,0,1,1,2,0,0 -1.0650234672053154e-15 1.2293863195624109e-15 0
0,0,1,2,0,0,1 2.324421037591673e-15 -4.1805480518325444e-16 0
0,0,1,2,0,1,0 -3.7127283669322053e-15 8.5833575490246172e-16 0
0,0,1,2,1,0,0 -9.336279206608334e-15 2.8242492505358048e-15 0
0,0,1,3,0,0,0 -5.3632872611380361e-15 1.0624842477179042e-15 0
0,0,2,0,0,0,2 -0.33333333333334003 0.12615974695776608 0
0,0,2,0,0,1,1 -4.4257132680858291e-15 1.2819199911653922e-15 0
0,0,2,0,0,2,0 -0.16666666666667918 0.062474654464062543 0
0,0,2,0,1,0,1 -1.6614267504355771e-15 -1.0062243193612735e-15 0
0,0,2,0,1,1,0 5.1656795567412914e-15 -5.315606082471197e-16 0
0,0,2,0,2,0,0 -0.16666666666666655 0.062474654464060336 0
0,0,2,1,0,0,1 2.0290708132794655e-15 2.9858927830250792e-16 0
0,0,2,1,0,1,0 -3.8267525541597902e-15 8.0254000060092645e-16 0
0,0,2,1,1,0,0 4.4794236272712243e-15 -1.1797877230007841e-15 0
0,0,2,2,0,0,0 -1.0253028894652294e-15 4.3798379636625362e-17 0
0,0,3,0,0,0,1 2.9118790440939984e-15 1.0129158796445825e-16 0
0,0,3,0,0,1,0 -2.917703242639319e-15 9.791717810918657e-16 0
0,0,3,0,1,0,0 -1.024628783588113e-14 2.6058200998670101e-15 0
0,0,3,1,0,0,0 -2.856049408474573e-15 7.3170771741973284e-16 0
0,0,4,0,0,0,0 -6.0149395653721601e-15 8.0468024110040125e-16 0
0,1,0,0,0,0,3 -3.1683341626941773e-15 6.2785137473240279e-17 0
0,1,0,0,0,1,2 -1.0131534689110731e-14 2.4004656067181479e-15 0
0,1,0,0,0,2,1 -5.1760189369358215e-15 1.7204264327954961e-15 0
0,1,0,0,0,3,0 0.166666666666658 -0.061508511654260675 0
0,1,0,0,1,0,2 -6.6266298079017193e-15 6.4925367423916631e-17 0
0,1,0,0,1,1,1 -4.6913653111319929e-15 7.7341435680671401e-16 0
0,1,0,0,1,2,0 1.279851013430611e-15 -7.5858938945167824e-16 0
0,1,0,0,2,0,1 -3.4122004202480775e-15 1.9561709008647547e-15 0
0,1,0,0,2,1,0 -0.50000000000000677 0.18452553496278593 0
0,1,0,0,3,0,0 1.4458920276000527e-15 -3.2320068133612865e-16 0
0,1,0,1,0,0,2 2.8775247030035597e-15 -1.5726686679751398e-16 0
0,1,0,1,0,1,1 -1.5008968657710182e-15 1.6377960179354248e-15 0
0,1,0,1,0,2,0 -3.0003205911824438e-15 2.8622639714102069e-17 0
0,1,0,1,1,0,1 -0.94280904158207102 0.34576594600847399 0
0,1,0,1,1,1,0 -3.6869087900682144e-15 1.0654882836105249e-15 0
0,1,0,1,2,0,0 -2.924743177005421e-15 8.2984754473786824e-16 0
0,1,0,2,0,0,1 -2.3316549608232164e-15 4.2706575829757864e-16 0
0,1,0,2,0,1,0 -0.33333333333334236 0.12026598378780839 0
0,1,0,2,1,0,0 2.3203096800256836e-16 -6.0695185281723094e-16 0
0,1,0,3,0,0,0 -1.1781268508726928e-15 1.153810411949578e-16 0
0,1,1,0,0,0,2 -5.1757174569032603e-15 6.9311481649594569e-16 0
0,1,1,0,0,1,1 -0.94280904158204071 0.3457659460084766 0
0,1,1,0,0,2,0 -3.8150640088709777e-15 6.7621639453262706e-16 0
0,1,1,0,1,0,1 5.8096036327525918e-15 -4.9224724168820017e-16 0
0,1,1,0,1,1,0 5.8982279293595991e-16 -9.6019167566469698e-16 0
0,1,1,0,2,0,0 -4.7904385304839867e-15 4.334635677865372e-16 0
0,1,1,1,0,0,1 -4.202516007530128e-15 1.5198910016035749e-15 0
0,1,1,1,0,1,0 1.3917910742184565e-15 -9.54529035914553e-16 0
0,1,1,1,1,0,0 -0.66666666666666741 0.24053196757560913 0
0,1,1,2,0,0,0 4.4638864378199639e-16 6.122925281944364e-16 0
0,1,2,0,0,0,1 -3.9238621454066691e-15 1.4517462164766033e-15 0
0,1,2,0,0,1,0 0.33333333333333182 -0.12026598378780382 0
0,1,2,0,1,0,0 5.5858486029475532e-16 1.2429242116507671e-15 0
0,1,2,1,0,0,0 -6.5112089171116408e-15 1.359489481594918e-15 0
0,1,3,0,0,0,0 -8.6561245566943084e-16 3.1439937679383795e-16 0
0,2,0,0,0,0,2 -5.3418641038360803e-16 1.0522859710329624e-15 0
0,2,0,0,0,1,1 -8.1209453224595496e-15 1.1235587113467282e-15 0
0,2,0,0,0,2,0 -0.16666666666666743 0.059166849084105959 0
0,2,0,0,1,0,1 3.4360535250410607e-15 -7.1383871036445612e-16 0
0,2,0,0,1,1,0 1.3588305827760827e-15 -1.2818522285296119e-15 0
0,2,0,0,2,0,0 -0.1666666666666686 0.059166849084104446 0
0,2,0,1,0,0,1 2.8451633410364607e-15 2.0361316799277773e-16 0
0,2,0,1,0,1,0 -4.1454470064983262e-15 2.6533137666151507e-16 0
0,2,0,1,1,0,0 1.9619722513297688e-15 6.5193076631553382e-16 0
0,2,0,2,0,0,0 -0.16666666666666788 0.057791329323745984 0
0,2,1,0,0,0,1 -1.4315805485498601e-15 8.5272500865984924e-16 0
0,2,1,0,0,1,0 -4.6154486482707924e-15 1.2365054726654057e-15 0
0,2,1,0,1,0,0 -1.1810864786188091e-14 3.8302694349567901e-15 0
0,2,1,1,0,0,0 -4.7574791328663935e-15 7.1904288079238654e-16 0
0,2,2,0,0,0,0 -0.16666666666667335 0.057791329323746296 0
0,3,0,0,0,0,1 -1.8711161092754836e-15 1.7713152992981929e-15 0
0,3,0,0,0,1,0 -6.8991036841770104e-15 -1.511933482058192e-15 0
0,3,0,0,1,0,0 -9.9226182825873366e-16 -1.6458188978329957e-16 0
0,3,0,1,0,0,0 -9.0118884576995129e-16 5.3396956994911093e-17 0
0,3,1,0,0,0,0 -1.3105835861004778e-15 8.9988780316296868e-17 0
0,4,0,0,0,0,0 9.3718435789647003e-16 1.470178145890344e-16 0
1,0,0,0,0,0,3 3.6877781644378826e-15 -6.0142049760486538e-16 0
1,0,0,0,0,1,2 9.9472838820113818e-15 -1.1661949617797207e-15 0
1,0,0,0,0,2,1 7.2580288133783366e-15 -5.751692525035601e-16 0
1,0,0,0,0,3,0 8.0989089133037817e-15 -1.7209947659677094e-15 0
1,0,0,0,1,0,2 8.409540459017404e-15 -5.9775284494325426e-16 0
1,0,0,0,1,1,1 -1.2914118423723239e-15 -4.8606138645240771e-16 0
1,0,0,0,1,2,0 0.50000000000000022 -0.18452553496278076 0
1,0,0,0,2,0,1 -7.7477838987554835e-17 -8.3056874434204488e-17 0
1,0,0,0,2,1,0 5.9570565630699126e-15 -1.9818094453171093e-15 0
1,0,0,0,3,0,0 -0.16666666666666727 0.061508511654263381 0
1,0,0,1,0,0,2 3.717200700893708e-15 -4.9225489136273115e-16 0
1,0,0,1,0,1,1 0.94280904158205714 -0.34576594600847466 0
1,0,0,1,0,2,0 2.7333549919988931e-15 2.9151485912704e-16 0
1,0,0,1,1,0,1 3.0893273643460908e-15 -9.0695375200896405e-16 0
1,0,0,1,1,1,0 -3.8179671284308686e-16 1.4706287674182833e-15 0
1,0,0,1,2,0,0 3.9654419172949467e-16 -1.9106675715936943e-16 0
1,0,0,2,0,0,1 2.0056249412994664e-15 -7.7740006272641882e-16 0
1,0,0,2,0,1,0 5.2318311358559577e-15 -1.0117774673634727e-15 0
1,0,0,2,1,0,0 0.3333333333333241 -0.12026598378780486 0
1,0,0,3,0,0,0 1.0185062970964609e-15 8.1166085137696076e-17 0
1,0,1,0,0,0,2 3.2634214341270562e-15 -7.5445563425119433e-16 0
1,0,1,0,0,1,1 -7.4850607482968012e-16 -6.8857679974554387e-16 0
1,0,1,0,0,2,0 2.6101896252045398e-15 6.488950002325744e-17 0
1,0,1,0,1,0,1 -0.94280904158205714 0.34576594600847399 0
1,0,1,0,1,1,0 -3.9211831752514886e-15 7.3637825709089305e-16 0
1,0,1,0,2,0,0 -2.0325714416317899e-15 -4.5693065284691144e-16 0
1,0,1,1,0,0,1 7.7992625378831004e-15 -7.2207864687534595e-16 0
1,0,1,1,0,1,0 -0.66666666666666707 0.2405319675756081 0
1,0,1,1,1,0,0 3.8112137347424101e-15 -3.1789993543401146e-16 0
1,0,1,2,0,0,0 3.3159849107018691e-15 -1.4208469470422536e-16 0
1,0,2,0,0,0,1 -4.748534464943388e-16 -2.6498578721903532e-16 0
1,0,2,0,0,1,0 6.9826008039855503e-15 -1.3395724416873089e-15 0
1,0,2,0,1,0,0 -0.33333333333333498 0.12026598378780583 0
1,0,2,1,0,0,0 1.5763554198945651e-15 -9.215582940855227e-16 0
1,0,3,0,0,0,0 -7.1524054989216199e-16 2.9571275441363232e-16 0
1,1,0,0,0,0,2 4.2730673835339812e-15 -2.2713465681193327e-15 0
1,1,0,0,0,1,1 8.7252400803597077e-15 -3.7694083230289296e-16 0
1,1,0,0,0,2,0 3.6635367606651937e-15 -1.5343738233563223e-15 0
1,1,0,0,1,0,1 -1.5094458801426723e-15 -1.1278529554074185e-16 0
1,1,0,0,1,1,0 1.7484704287622456e-15 2.5069718456069438e-16 0
1,1,0,0,2,0,0 6.8632161276997852e-15 -9.7664870261071903e-16 0
1,1,0,1,0,0,1 9.3604043249484397e-15 6.8880879540988844e-16 0
1,1,0,1,0,1,0 6.1522952891181374e-16 -4.3008382326865298e-16 0
1,1,0,1,1,0,0 5.1904914624703071e-15 -3.4957716264134294e-16 0
1,1,0,2,0,0,0 7.306263734263864e-15 -1.437637882426776e-15 0
1,1,1,0,0,0,1 6.2807804063020404e-15 3.4978300416399764e-16 0
1,1,1,0,0,1,0 1.128566132308552e-15 4.100247754359014e-16 0
1,1,1,0,1,0,0 -4.4673570342565347e-15 -8.3167772948265659e-16 0
1,1,1,1,0,0,0 -3.6877901623038437e-15 1.3180061009772941e-15 0
1,1,2,0,0,0,0 6.1879172438717848e-15 -8.9655818373767883e-16 0
1,2,0,0,0,0,1 3.7999117741271959e-15 -5.5627702964800019e-16 0
1,2,0,0,0,1,0 6.043586854923011e-15 -1.3874941777111682e-15 0
1,2,0,0,1,0,0 -4.0115480381963664e-17 2.257851024201063e-16 0
1,2,0,1,0,0,0 -1.8726339923169633e-15 -6.7345217943937108e-16 0
1,2,1,0,0,0,0 1.9576354426398268e-15 -1.4577098209067607e-16 0
1,3,0,0,0,0,0 2.3193252873809911e-15 -5.7666003049072767e-16 0
2,0,0,0,0,0,2 2.2518879122523927e-16 7.2457231187206261e-16 0
2,0,0,0,0,1,1 -9.9211003995458569e-15 1.4639168783442402e-15 0
2,0,0,0,0,2,0 -0.16666666666666971 0.059166849084105827 0
2,0,0,0,1,0,1 4.6958812028761662e-15 -2.4527956570116402e-15 0
2,0,0,0,1,1,0 -5.0884487866765388e-16 -9.2885971809085477e-16 0
2,0,0,0,2,0,0 -0.16666666666666269 0.059166849084104356 0
2,0,0,1,0,0,1 -5.3730891264036629e-15 5.7953316624781426e-16 0
2,0,0,1,0,1,0 -5.6255591547940687e-15 1.2643830210254392e-15 0
2,0,0,1,1,0,0 1.821871307788013e-15 -1.1641934229253588e-15 0
2,0,0,2,0,0,0 -0.16666666666666533 0.057791329323745033 0
2,0,1,0,0,0,1 1.9598173995119539e-15 -1.0950645230010936e-15 0
2,0,1,0,0,1,0 -4.6892557111627431e-15 7.1786381092980855e-16 0
2,0,1,0,1,0,0 -9.985757389025093e-15 2.6316115119570747e-15 0
2,0,1,1,0,0,0 -3.7276903569125053e-16 3.0591441923036311e-16 0
2,0,2,0,0,0,0 -0.1666666666666711 0.057791329323747503 0
2,1,0,0,0,0,1 -3.9368898309983114e-15 3.7196893752548627e-16 0
2,1,0,0,0,1,0 -7.0052559533332163e-15 1.516779180143373e-15 0
2,1,0,0,1,0,0 1.3201315003831919e-15 2.7998603969039898e-16 0
2,1,0,1,0,0,0 -1.7612061504805622e-15 1.3542873303134978e-16 0
2,1,1,0,0,0,0 4.1521865900734429e-16 9.3463963608387877e-17 0
2,2,0,0,0,0,0 -4.3937293039975067e-17 1.531435568635775e-17 0
3,0,0,0,0,0,1 2.277349722646857e-15 -4.0482753867893129e-16 0
3,0,0,0,0,1,0 7.9900312982637139e-15 -1.8746872001811077e-15 0
3,0,0,0,1,0,0 -2.878961437939565e-15 1.8359278195476982e-15 0
3,0,0,1,0,0,0 -3.5446634776697961e-16 6.9574269847931525e-16 0
3,0,1,0,0,0,0 1.3605212605388023e-15 5.0734901848280278e-16 0
3,1,0,0,0,0,0 3.7506443212509225e-15 -1.1610188459394853e-15 0
4,0,0,0,0,0,0 -1.0387995124467794e-15 9.6137392480415834e-17 0
