# sectors lambda 1.9614068619764455 2.1995688493332102 2.298606272079097 2.3421820411462999
0,0,0,0,0,0,4 2.4330852003290326e-16 4.4175817517921878e-16 0
0,0,0,0,0,1,3 -7.0002190892884397e-15 8.3648908112687881e-16 0
0,0,0,0,0,2,2 -0.33333333333334331 0.12891078647848639 0
0,0,0,0,0,3,1 -1.9574050496781736e-15 1.1343194179086469e-15 0
0,0,0,0,0,4,0 -0.041666666666668843 0.015962543556106091 0
0,0,0,0,1,0,3 5.4802735225821693e-15 -1.0224390710705626e-15 0
0,0,0,0,1,1,2 7.864675504267761e-15 -1.8825883235130958e-15 0
0,0,0,0,1,2,1 6.0894791000052489e-15 -7.4478929425712825e-16 0
0,0,0,0,1,3,0 1.3288218995207574e-15 -5.0987656479740961e-16 0
0,0,0,0,2,0,2 -0.33333333333333759 0.12891078647848278 0
0,0,0,0,2,1,1 -4.418342863834855e-15 6.4850060051650912e-16 0
0,0,0,0,2,2,0 -0.083333333333336715 0.031925087112210551 0
0,0,0,0,3,0,1 1.4270734920277842e-15 -8.6371713885046428e-16 0
0,0,0,0,3,1,0 3.2147573299732102e-15 -3.4532197693740797e-16 0
0,0,0,0,4,0,0 -0.041666666666664909 0.015962543556104904 0
0,0,0,1,0,0,3 4.6051487276321801e-17 8.1782725123297206e-16 0
0,0,0,1,0,1,2 -1.5065531287772327e-15 5.5096443900282122e-16 0
0,0,0,1,0,2,1 -3.079025749641584e-15 4.2354357868146231e-16 0
0,0,0,1,0,3,0 -4.6509969270011609e-15 5.4229082162293718e-16 0
0,0,0,1,1,0,2 2.3597092772072344e-15 -1.2730498621417452e-15 0
0,0,0,1,1,1,1 -1.4142135623730934 0.53851858480402148 0
0,0,0,1,1,2,0 -4.2387222746499698e-17 -1.0047877514827303e-15 0
0,0,0,1,2,0,1 -1.045978291375305e-14 1.1378145934863733e-16 0
0,0,0,1,2,1,0 -3.043882829116036e-15 3.8979778606285098e-16 0
0,0,0,1,3,0,0 4.3551457960243964e-15 -1.4902291908814478e-15 0
0,0,0,2,0,0,2 -0.33333333333334048 0.12615974695776622 0
0,0,0,2,0,1,1 -1.3095806990909287e-15 1.2001846998871413e-15 0
0,0,0,2,0,2,0 -0.16666666666666852 0.062474654464062897 0
0,0,0,2,1,0,1 3.0292642580562884e-15 -7.3031350118855226e-16 0
0,0,0,2,1,1,0 1.1497523582076202e-15 -8.9780240804682859e-16 0
0,0,0,2,2,0,0 -0.16666666666665897 0.062474654464059864 0
0,0,0,3,0,0,1 -1.6664187391102203e-16 -5.9597238168812572e-17 0
0,0,0,3,0,1,0 -3.8098864341140626e-15 1.9670137914318264e-16 0
0,0,0,3,1,0,0 3.3052919667757308e-17 -1.3725410815768144e-15 0
0,0,0,4,0,0,0 1.3543531666168965e-15 -2.4491449450089742e-16 0
0,0,1,0,0,0,3 -3.5358543350183513e-17 2.483974939800071e-16 0
0,0,1,0,0,1,2 -3.4204545662844255e-15 6.9307623876135871e-17 0
0,0,1,0,0,2,1 0.70710678118655046 -0.26925929240201157 0
0,0,1,0,0,3,0 -9.6514322141943998e-16 4.9133331951611847e-16 0
0,0,1,0,1,0,2 -8.9239359445884153e-15 2.4295352852470899e-15 0
0,0,1,0,1,1,1 4.9265519913360353e-15 -4.4285254174707134e-16 0
0,0,1,0,1,2,0 -1.2083071529282469e-14 3.4974634137169974e-15 0
0,0,1,0,2,0,1 -0.70710678118653469 0.26925929240201257 0
0,0,1,0,2,1,0 -7.911625402333544e-15 8.6463439777736311e-16 0
0,0,1,0,3,0,0 -7.2659272839421003e-15 2.6346935951912534e-15 0
0,0,1,1,0,0,2 -4.0596052994917864e-15 1.1297657687842078e-15 0
0,0,1,1,0,1,1 -2.9898772260089634e-15 3.8158495460627329e-16 0
0,0,1,1,0,2,0 4.95968283803494e-16 4.0915079484171724e-16 0
0,0,1,1,1,0,1 -2.4931466125529406e-15 1.1600116212647643e-16 0
0,0,1,1,1,1,0 -9.1052145478279917e-16 1.5402802866710044e-15 0
0,0,1,1,2,0,0 -1.0650234672053154e-15 1.2304705217348964e-15 0
0,0,1,2,0,0,1 2.324421037591673e-15 -5.2408977765233677e-16 0
0,0,1,2,0,1,0 -3.7127283669322053e-15 1.8781363183423272e-15 0
0,0,1,2,1,0,0 -9.336279206608334e-15 2.8739057100356409e-15 0
0,0,1,3,0,0,0 -5.3632872611380361e-15 6.6859359845392041e-16 0
0,0,2,0,0,0,2 -0.33333333333334003 0.12615974695776616 0
0,0,2,0,0,1,1 -4.4257132680858291e-15 1.1732829334823447e-15 0
0,0,2,0,0,2,0 -0.16666666666667918 0.062474654464062487 0
0,0,2,0,1,0,1 -1.6614267504355771e-15 -3.9771585005378418e-16 0
0,0,2,0,1,1,0 5.1656795567412914e-15 -1.3459590701096064e-15 0
0,0,2,0,2,0,0 -0.16666666666666655 0.062474654464059996 0
0,0,2,1,0,0,1 2.0290708132794655e-15 3.7491711124548743e-16 0
0,0,2,1,0,1,0 -3.8267525541597902e-15 2.0861405051336712e-16 0
0,0,2,1,1,0,0 4.4794236272712243e-15 -1.2049412134024478e-15 0
0,0,2,2,0,0,0 -1.0253028894652294e-15 -7.2211252819323613e-17 0
0,0,3,0,0,0,1 2.9118790440939984e-15 1.854256765493334e-16 0
0,0,3,0,0,1,0 -2.917703242639319e-15 8.8994194229630869e-16 0
0,0,3,0,1,0,0 -1.024628783588113e-14 2.7764735218162285e-15 0
0,0,3,1,0,0,0 -2.856049408474573e-15 6.731608001055156e-16 0
0,0,4,0,0,0,0 -6.0149395653721601e-15 8.4902410995505839e-16 0
0,1,0,0,0,0,3 -3.1683341626941773e-15 5.874847788476002e-16 0
0,1,0,0,0,1,2 -1.0131534689110731e-14 2.2842391338277018e-15 0
0,1,0,0,0,2,1 -5.1760189369358215e-15 4.399836670901155e-16 0
0,1,0,0,0,3,0 0.166666666666658 -0.06150851165426055 0
0,1,0,0,1,0,2 -6.6266298079017193e-15 3.2459178773419494e-16 0
0,1,0,0,1,1,1 -4.6913653111319929e-15 1.4254535433394964e-15 0
0,1,0,0,1,2,0 1.279851013430611e-15 2.8126891417916906e-16 0
0,1,0,0,2,0,1 -3.4122004202480775e-15 8.6839086121004798e-16 0
0,1,0,0,2,1,0 -0.50000000000000677 0.18452553496278659 0
0,1,0,0,3,0,0 1.4458920276000527e-15 9.1831910291322431e-17 0
0,1,0,1,0,0,2 2.8775247030035597e-15 2.4377951680487409e-16 0
0,1,0,1,0,1,1 -1.5008968657710182e-15 1.3311836435565242e-15 0
0,1,0,1,0,2,0 -3.0003205911824438e-15 1.6588263475076693e-16 0
0,1,0,1,1,0,1 -0.94280904158207102 0.34576594600847765 0
0,1,0,1,1,1,0 -3.6869087900682144e-15 1.3020069875382376e-15 0
0,1,0,1,2,0,0 -2.924743177005421e-15 8.5217492674823844e-17 0
0,1,0,2,0,0,1 -2.3316549608232164e-15 1.2512762498210591e-15 0
0,1,0,2,0,1,0 -0.33333333333334236 0.12026598378780787 0
0,1,0,2,1,0,0 2.3203096800256836e-16 -1.7668622066635848e-16 0
0,1,0,3,0,0,0 -1.1781268508726928e-15 4.2576865312556167e-17 0
0,1,1,0,0,0,2 -5.1757174569032603e-15 6.653050307716925e-16 0
0,1,1,0,0,1,1 -0.94280904158204071 0.3457659460084756 0
0,1,1,0,0,2,0 -3.8150640088709777e-15 5.4220900601341871e-16 0
0,1,1,0,1,0,1 5.8096036327525918e-15 -4.7880313474937991e-16 0
0,1,1,0,1,1,0 5.8982279293595991e-16 -9.0468052443343916e-16 0
0,1,1,0,2,0,0 -4.7904385304839867e-15 4.6750751600258209e-16 0
0,1,1,1,0,0,1 -4.202516007530128e-15 -4.0500153542718972e-16 0
0,1,1,1,0,1,0 1.3917910742184565e-15 -8.0119983804993674e-17 0
0,1,1,1,1,0,0 -0.66666666666666741 0.24053196757560985 0
0,1,1,2,0,0,0 4.4638864378199639e-16 4.5790213883250057e-16 0
0,1,2,0,0,0,1 -3.9238621454066691e-15 1.1113067343161549e-15 0
0,1,2,0,0,1,0 0.33333333333333182 -0.12026598378780375 0
0,1,2,0,1,0,0 5.5858486029475532e-16 6.4986562330119617e-16 0
0,1,2,1,0,0,0 -6.5112089171116408e-15 1.447526698000741e-15 0
0,1,3,0,0,0,0 -8.6561245566943084e-16 2.9796306516393032e-17 0
0,2,0,0,0,0,2 -5.3418641038360803e-16 3.257078851418016e-16 0
0,2,0,0,0,1,1 -8.1209453224595496e-15 1.0937431516033769e-15 0
0,2,0,0,0,2,0 -0.16666666666666743 0.059166849084106111 0
0,2,0,0,1,0,1 3.4360535250410607e-15 -1.5720931501039814e-16 0
0,2,0,0,1,1,0 1.3588305827760827e-15 -1.0904905450859204e-15 0
0,2,0,0,2,0,0 -0.1666666666666686 0.059166849084103551 0
0,2,0,1,0,0,1 2.8451633410364607e-15 5.8574022368529377e-16 0
0,2,0,1,0,1,0 -4.1454470064983262e-15 3.4201157531055237e-16 0
0,2,0,1,1,0,0 1.9619722513297688e-15 9.1127192597406648e-16 0
0,2,0,2,0,0,0 -0.16666666666666788 0.057791329323746213 0
0,2,1,0,0,0,1 -1.4315805485498601e-15 1.7480591626983788e-15 0
0,2,1,0,0,1,0 -4.6154486482707924e-15 1.2712541522935661e-15 0
0,2,1,0,1,0,0 -1.1810864786188091e-14 3.2643159009193567e-15 0
0,2,1,1,0,0,0 -4.7574791328663935e-15 9.0639301619788171e-16 0
0,2,2,0,0,0,0 -0.16666666666667335 0.057791329323745991 0
0,3,0,0,0,0,1 -1.8711161092754836e-15 1.0085248608460162e-15 0
0,3,0,0,0,1,0 -6.8991036841770104e-15 1.4331797467542762e-15 0
0,3,0,0,1,0,0 -9.9226182825873366e-16 -6.9800935864616775e-16 0
0,3,0,1,0,0,0 -9.0118884576995129e-16 3.9372801893811094e-16 0
0,3,1,0,0,0,0 -1.3105835861004778e-15 1.8735013540549517e-16 0
0,4,0,0,0,0,0 9.3718435789647003e-16 4.5205809581783107e-16 0
1,0,0,0,0,0,3 3.6877781644378826e-15 -2.3799592938772429e-16 0
1,0,0,0,0,1,2 9.9472838820113818e-15 -1.4264034831762418e-15 0
1,0,0,0,0,2,1 7.2580288133783366e-15 -9.1072982488782372e-16 0
1,0,0,0,0,3,0 8.0989089133037817e-15 -1.9999057748396054e-15 0
1,0,0,0,1,0,2 8.409540459017404e-15 -7.7877903236454882e-17 0
1,0,0,0,1,1,1 -1.2914118423723239e-15 -3.0586698538531687e-16 0
1,0,0,0,1,2,0 0.50000000000000022 -0.18452553496278076 0
1,0,0,0,2,0,1 -7.7477838987554835e-17 -7.1655620381748473e-16 0
1,0,0,0,2,1,0 5.9570565630699126e-15 -2.040830701081789e-15 0
1,0,0,0,3,0,0 -0.16666666666666727 0.061508511654262917 0
1,0,0,1,0,0,2 3.717200700893708e-15 -3.8247942139857383e-16 0
1,0,0,1,0,1,1 0.94280904158205714 -0.34576594600847366 0
1,0,0,1,0,2,0 2.7333549919988931e-15 8.7627930085709682e-16 0
1,0,0,1,1,0,1 3.0893273643460908e-15 2.6723720079283725e-16 0
1,0,0,1,1,1,0 -3.8179671284308686e-16 5.1913294084500461e-16 0
1,0,0,1,2,0,0 3.9654419172949467e-16 -1.3832032146794964e-16 0
1,0,0,2,0,0,1 2.0056249412994664e-15 -7.47692923200316e-16 0
1,0,0,2,0,1,0 5.2318311358559577e-15 -2.0517441912115686e-15 0
1,0,0,2,1,0,0 0.3333333333333241 -0.12026598378780549 0
1,0,0,3,0,0,0 1.0185062970964609e-15 3.3785094947363925e-16 0
1,0,1,0,0,0,2 3.2634214341270562e-15 -1.3410903247287886e-15 0
1,0,1,0,0,1,1 -7.4850607482968012e-16 -1.9949319973733282e-16 0
1,0,1,0,0,2,0 2.6101896252045398e-15 -5.810781543436061e-16 0
1,0,1,0,1,0,1 -0.94280904158205714 0.34576594600847443 0
1,0,1,0,1,1,0 -3.9211831752514886e-15 3.7056844409428386e-16 0
1,0,1,0,2,0,0 -2.0325714416317899e-15 -6.6504325985550401e-16 0
1,0,1,1,0,0,1 7.7992625378831004e-15 -2.3906657903305373e-17 0
1,0,1,1,0,1,0 -0.66666666666666707 0.24053196757560952 0
1,0,1,1,1,0,0 3.8112137347424101e-15 -5.7404269868371188e-16 0
1,0,1,2,0,0,0 3.3159849107018691e-15 -2.0841076260602609e-16 0
1,0,2,0,0,0,1 -4.748534464943388e-16 -2.8732035197223671e-16 0
1,0,2,0,0,1,0 6.9826008039855503e-15 -9.6931739978350917e-16 0
1,0,2,0,1,0,0 -0.33333333333333498 0.12026598378780588 0
1,0,2,1,0,0,0 1.5763554198945651e-15 -5.780830458421149e-16 0
1,0,3,0,0,0,0 -7.1524054989216199e-16 -1.1547091950149524e-16 0
1,1,0,0,0,0,2 4.2730673835339812e-15 -1.2039495293073534e-15 0
1,1,0,0,0,1,1 8.7252400803597077e-15 1.9269898912099107e-16 0
1,1,0,0,0,2,0 3.6635367606651937e-15 -1.0800253504491156e-15 0
1,1,0,0,1,0,1 -1.5094458801426723e-15 -4.2893864903751497e-16 0
1,1,0,0,1,1,0 1.7484704287622456e-15 4.2032061444605155e-16 0
1,1,0,0,2,0,0 6.8632161276997852e-15 -7.2099383033863719e-16 0
1,1,0,1,0,0,1 9.3604043249484397e-15 9.3947633768853707e-16 0
1,1,0,1,0,1,0 6.1522952891181374e-16 -2.9412487083897073e-16 0
1,1,0,1,1,0,0 5.1904914624703071e-15 -7.7241600991068967e-16 0
1,1,0,2,0,0,0 7.306263734263864e-15 -1.0506319169580752e-15 0
1,1,1,0,0,0,1 6.2807804063020404e-15 -2.8691472162811484e-16 0
1,1,1,0,0,1,0 1.128566132308552e-15 2.7436397860365265e-16 0
1,1,1,0,1,0,0 -4.4673570342565347e-15 -1.3557810596621495e-15 0
1,1,1,1,0,0,0 -3.6877901623038437e-15 1.799608705995355e-15 0
1,1,2,0,0,0,0 6.1879172438717848e-15 -7.5431085870758065e-16 0
1,2,0,0,0,0,1 3.7999117741271959e-15 -1.3095806990909287e-15 0
1,2,0,0,0,1,0 6.043586854923011e-15 -1.0849204564247761e-15 0
1,2,0,0,1,0,0 -4.0115480381963664e-17 1.5016200088924236e-17 0
1,2,0,1,0,0,0 -1.8726339923169633e-15 -3.3631951390500348e-16 0
1,2,1,0,0,0,0 1.9576354426398268e-15 6.965998958219366e-17 0
1,3,0,0,0,0,0 2.3193252873809911e-15 -6.9974408212214456e-16 0
2,0,0,0,0,0,2 2.2518879122523927e-16 2.6573795247619714e-16 0
2,0,0,0,0,1,1 -9.9211003995458569e-15 6.0555401838746636e-16 0
2,0,0,0,0,2,0 -0.16666666666666971 0.059166849084105751 0
2,0,0,0,1,0,1 4.6958812028761662e-15 -1.7218265523219131e-15 0
2,0,0,0,1,1,0 -5.0884487866765388e-16 -8.3157967816459288e-16 0
2,0,0,0,2,0,0 -0.16666666666666269 0.059166849084104495 0
2,0,0,1,0,0,1 -5.3730891264036629e-15 1.1412583118125541e-15 0
2,0,0,1,0,1,0 -5.6255591547940687e-15 9.4329654764385706e-16 0
2,0,0,1,1,0,0 1.821871307788013e-15 -1.8921267615321265e-15 0
2,0,0,2,0,0,0 -0.16666666666666533 0.057791329323745415 0
2,0,1,0,0,0,1 1.9598173995119539e-15 -6.3726015566908933e-16 0
2,0,1,0,0,1,0 -4.6892557111627431e-15 1.1485089138410509e-15 0
2,0,1,0,1,0,0 -9.985757389025093e-15 2.4575970632731512e-15 0
2,0,1,1,0,0,0 -3.7276903569125053e-16 4.0240841258157301e-16 0
2,0,2,0,0,0,0 -0.1666666666666711 0.057791329323747968 0
2,1,0,0,0,0,1 -3.9368898309983114e-15 -7.951747011551593e-16 0
2,1,0,0,0,1,0 -7.0052559533332163e-15 1.4032903177384528e-15 0
2,1,0,0,1,0,0 1.3201315003831919e-15 2.6144618254089685e-16 0
2,1,0,1,0,0,0 -1.7612061504805622e-15 4.3456011242010045e-16 0
2,1,1,0,0,0,0 4.1521865900734429e-16 -1.2381273480509491e-17 0
2,2,0,0,0,0,0 -4.3937293039975067e-17 1.5398381354725377e-16 0
3,0,0,0,0,0,1 2.277349722646857e-15 -9.4432653970771829e-16 0
3,0,0,0,0,1,0 7.9900312982637139e-15 -2.062064440640915e-15 0
3,0,0,0,1,0,0 -2.878961437939565e-15 2.2094354679689544e-15 0
3,0,0,1,0,0,0 -3.5446634776697961e-16 3.2760185081186222e-16 0
3,0,1,0,0,0,0 1.3605212605388023e-15 1.946651119379833e-16 0
3,1,0,0,0,0,0 3.7506443212509225e-15 -1.1857928655807791e-15 0
4,0,0,0,0,0,0 -1.0387995124467794e-15 1.1782143593012592e-16 0
