# sectors lambda 1.9614068619764455 2.1995688493332102 2.298606272079097 2.3421820411462999
0,0,0,0,0,0,4 2.4330852003290326e-16 3.2608396777038251e-16 0
0,0,0,0,0,1,3 -7.0002190892884397e-15 1.8943722458752976e-15 0
0,0,0,0,0,2,2 -0.33333333333334331 0.12891078647848614 0
0,0,0,0,0,3,1 -1.9574050496781736e-15 1.3914108580592721e-15 0
0,0,0,0,0,4,0 -0.041666666666668843 0.015962543556105886 0
0,0,0,0,1,0,3 5.4802735225821693e-15 -1.2561871302278066e-15 0
0,0,0,0,1,1,2 7.864675504267761e-15 -5.3910936587305003e-16 0
0,0,0,0,1,2,1 6.0894791000052489e-15 -7.4329174000638265e-16 0
0,0,0,0,1,3,0 1.3288218995207574e-15 -1.3588576878303948e-15 0
0,0,0,0,2,0,2 -0.33333333333333759 0.12891078647848378 0
0,0,0,0,2,1,1 -4.418342863834855e-15 7.2036202872861671e-16 0
0,0,0,0,2,2,0 -0.083333333333336715 0.031925087112210218 0
0,0,0,0,3,0,1 1.4270734920277842e-15 -6.6117966795911378e-16 0
0,0,0,0,3,1,0 3.2147573299732102e-15 -1.5170146573464807e-15 0
0,0,0,0,4,0,0 -0.041666666666664909 0.015962543556104609 0
0,0,0,1,0,0,3 4.6051487276321801e-17 8.6808002192767519e-16 0
0,0,0,1,0,1,2 -1.5065531287772327e-15 1.3142156633783042e-15 0
0,0,0,1,0,2,1 -3.079025749641584e-15 -7.0630350526568186e-16 0
0,0,0,1,0,3,0 -4.6509969270011609e-15 1.0378796346660613e-15 0
0,0,0,1,1,0,2 2.3597092772072344e-15 -1.0464278911697517e-15 0
0,0,0,1,1,1,1 -1.4142135623730934 0.53851858480402626 0
0,0,0,1,1,2,0 -4.2387222746499698e-17 -9.573471301729114e-16 0
0,0,0,1,2,0,1 -1.045978291375305e-14 -1.0752864095618241e-15 0
0,0,0,1,2,1,0 -3.043882829116036e-15 2.2051136941138262e-16 0
0,0,0,1,3,0,0 4.3551457960243964e-15 -1.2304444556194336e-15 0
0,0,0,2,0,0,2 -0.33333333333334048 0.1261597469577655 0
0,0,0,2,0,1,1 -1.3095806990909287e-15 1.4523972302615817e-15 0
0,0,0,2,0,2,0 -0.16666666666666852 0.062474654464062862 0
0,0,0,2,1,0,1 3.0292642580562884e-15 -1.0029547721848719e-15 0
0,0,0,2,1,1,0 1.1497523582076202e-15 -1.4124443802054909e-16 0
0,0,0,2,2,0,0 -0.16666666666665897 0.062474654464059878 0
0,0,0,3,0,0,1 -1.6664187391102203e-16 6.7152772058320931e-16 0
0,0,0,3,0,1,0 -3.8098864341140626e-15 1.9907171614277908e-15 0
0,0,0,3,1,0,0 3.3052919667757308e-17 -1.4828878752638948e-15 0
0,0,0,4,0,0,0 1.3543531666168965e-15 -6.9944253839292203e-16 0
0,0,1,0,0,0,3 -3.5358543350183513e-17 -5.3403055632131324e-16 0
0,0,1,0,0,1,2 -3.4204545662844255e-15 2.0404684886177193e-16 0
0,0,1,0,0,2,1 0.70710678118655046 -0.26925929240201141 0
0,0,1,0,0,3,0 -9.6514322141943998e-16 5.5481335671514476e-16 0
0,0,1,0,1,0,2 -8.9239359445884153e-15 2.438668841517333e-15 0
0,0,1,0,1,1,1 4.9265519913360353e-15 -6.7843273316922637e-16 0
0,0,1,0,1,2,0 -1.2083071529282469e-14 3.1555399298329595e-15 0
0,0,1,0,2,0,1 -0.70710678118653469 0.26925929240201169 0
0,0,1,0,2,1,0 -7.911625402333544e-15 9.9124136531552904e-16 0
0,0,1,0,3,0,0 -7.2659272839421003e-15 2.2180688562469276e-15 0
0,0,1,1,0,0,2 -4.0596052994917864e-15 1.2290515827295678e-15 0
0,0,1,1,0,1,1 -2.9898772260089634e-15 2.9707139526102821e-16 0
0,0,1,1,0,2,0 4.95968283803494e-16 4.9640196467248821e-16 0
0,0,1,1,1,0,1 -2.4931466125529406e-15 3.6199138847038681e-16 0
0,0,1,1,1,1,0 -9.1052145478279917e-16 1.5381847271594973e-15 0
0,0,1,1,2,0,0 -1.0650234672053154e-15 4.0725084700146664e-16 0
0,0,1,2,0,0,1 2.324421037591673e-15 -7.5739653264406126e-16 0
0,0,1,2,0,1,0 -3.7127283669322053e-15 1.4158325119945081e-15 0
0,0,1,2,1,0,0 -9.336279206608334e-15 2.9920625710128795e-15 0
0,0,1,3,0,0,0 -5.3632872611380361e-15 8.569533971325427e-16 0
0,0,2,0,0,0,2 -0.33333333333334003 0.12615974695776588 0
0,0,2,0,0,1,1 -4.4257132680858291e-15 1.1970269610597772e-15 0
0,0,2,0,0,2,0 -0.16666666666667918 0.062474654464062522 0
0,0,2,0,1,0,1 -1.6614267504355771e-15 -4.2941012887414559e-16 0
0,0,2,0,1,1,0 5.1656795567412914e-15 -1.2056489094298788e-15 0
0,0,2,0,2,0,0 -0.16666666666666655 0.062474654464060232 0
0,0,2,1,0,0,1 2.0290708132794655e-15 1.0908429107919781e-16 0
0,0,2,1,0,1,0 -3.8267525541597902e-15 2.6396257141875212e-16 0
0,0,2,1,1,0,0 4.4794236272712243e-15 -1.4476301288344345e-15 0
0,0,2,2,0,0,0 -1.0253028894652294e-15 1.0369038527108243e-16 0
0,0,3,0,0,0,1 2.9118790440939984e-15 3.1902648925385968e-16 0
0,0,3,0,0,1,0 -2.917703242639319e-15 9.0368589889845696e-16 0
0,0,3,0,1,0,0 -1.024628783588113e-14 2.6592805843329652e-15 0
0,0,3,1,0,0,0 -2.856049408474573e-15 9.1878680228210663e-16 0
0,0,4,0,0,0,0 -6.0149395653721601e-15 7.9562270603717421e-16 0
0,1,0,0,0,0,3 -3.1683341626941773e-15 6.5220897341918831e-16 0
0,1,0,0,0,1,2 -1.0131534689110731e-14 3.2528465288768398e-15 0
0,1,0,0,0,2,1 -5.1760189369358215e-15 9.8411841216834315e-16 0
0,1,0,0,0,3,0 0.166666666666658 -0.061508511654260772 0
0,1,0,0,1,0,2 -6.6266298079017193e-15 -9.1541832041565288e-16 0
0,1,0,0,1,1,1 -4.6913653111319929e-15 5.4663499840957995e-16 0
0,1,0,0,1,2,0 1.279851013430611e-15 -7.5118895072458294e-17 0
0,1,0,0,2,0,1 -3.4122004202480775e-15 1.6821384188775362e-15 0
0,1,0,0,2,1,0 -0.50000000000000677 0.18452553496278792 0
0,1,0,0,3,0,0 1.4458920276000527e-15 -5.2399492972594012e-16 0
0,1,0,1,0,0,2 2.8775247030035597e-15 5.5242632062509704e-17 0
0,1,0,1,0,1,1 -1.5008968657710182e-15 1.9800998606871823e-15 0
0,1,0,1,0,2,0 -3.0003205911824438e-15 -3.6162378063345936e-16 0
0,1,0,1,1,0,1 -0.94280904158207102 0.3457659460084761 0
0,1,0,1,1,1,0 -3.6869087900682144e-15 1.7517870020147136e-16 0
0,1,0,1,2,0,0 -2.924743177005421e-15 6.6439794150827304e-16 0
0,1,0,2,0,0,1 -2.3316549608232164e-15 6.4994215442821949e-16 0
0,1,0,2,0,1,0 -0.33333333333334236 0.12026598378780831 0
0,1,0,2,1,0,0 2.3203096800256836e-16 -2.0277514101855716e-15 0
0,1,0,3,0,0,0 -1.1781268508726928e-15 1.2482372222117245e-16 0
0,1,1,0,0,0,2 -5.1757174569032603e-15 6.3875999390927758e-16 0
0,1,1,0,0,1,1 -0.94280904158204071 0.3457659460084771 0
0,1,1,0,0,2,0 -3.8150640088709777e-15 5.9391569272681218e-16 0
0,1,1,0,1,0,1 5.8096036327525918e-15 2.3936381048166704e-16 0
0,1,1,0,1,1,0 5.8982279293595991e-16 -1.2299509735086535e-15 0
0,1,1,0,2,0,0 -4.7904385304839867e-15 8.664937124183618e-16 0
0,1,1,1,0,0,1 -4.202516007530128e-15 9.9995821391790757e-16 0
0,1,1,1,0,1,0 1.3917910742184565e-15 -4.0559773340651383e-16 0
0,1,1,1,1,0,0 -0.66666666666666741 0.24053196757561016 0
0,1,1,2,0,0,0 4.4638864378199639e-16 4.3874381797013843e-16 0
0,1,2,0,0,0,1 -3.9238621454066691e-15 1.1502900156090905e-15 0
0,1,2,0,0,1,0 0.33333333333333182 -0.12026598378780387 0
0,1,2,0,1,0,0 5.5858486029475532e-16 6.342508385391678e-16 0
0,1,2,1,0,0,0 -6.5112089171116408e-15 1.3473023292800469e-15 0
0,1,3,0,0,0,0 -8.6561245566943084e-16 2.3708727715933068e-16 0
0,2,0,0,0,0,2 -5.3418641038360803e-16 3.7018727926801942e-16 0
0,2,0,0,0,1,1 -8.1209453224595496e-15 1.6995004578981843e-15 0
0,2,0,0,0,2,0 -0.16666666666666743 0.059166849084105681 0
0,2,0,0,1,0,1 3.4360535250410607e-15 -1.4184617022627855e-15 0
0,2,0,0,1,1,0 1.3588305827760827e-15 -5.7717502652265829e-16 0
0,2,0,0,2,0,0 -0.1666666666666686 0.059166849084103058 0
0,2,0,1,0,0,1 2.8451633410364607e-15 2.4443337978685697e-16 0
0,2,0,1,0,1,0 -4.1454470064983262e-15 2.0209528495129803e-16 0
0,2,0,1,1,0,0 1.9619722513297688e-15 9.8738291848254889e-16 0
0,2,0,2,0,0,0 -0.16666666666666788 0.057791329323745998 0
0,2,1,0,0,0,1 -1.4315805485498601e-15 1.462697150900194e-15 0
0,2,1,0,0,1,0 -4.6154486482707924e-15 1.0739293569012043e-15 0
0,2,1,0,1,0,0 -1.1810864786188091e-14 3.531463316219785e-15 0
0,2,1,1,0,0,0 -4.7574791328663935e-15 9.6537361438109315e-16 0
0,2,2,0,0,0,0 -0.16666666666667335 0.057791329323746199 0
0,3,0,0,0,0,1 -1.8711161092754836e-15 9.5903103167205295e-16 0
0,3,0,0,0,1,0 -6.8991036841770104e-15 8.5867456808136344e-16 0
0,3,0,0,1,0,0 -9.9226182825873366e-16 1.222980050563649e-16 0
0,3,0,1,0,0,0 -9.0118884576995129e-16 3.1393073904317781e-16 0
0,3,1,0,0,0,0 -1.3105835861004778e-15 7.0689981646054889e-17 0
0,4,0,0,0,0,0 9.3718435789647003e-16 1.0402919844998415e-16 0
1,0,0,0,0,0,3 3.6877781644378826e-15 -8.2154064367373492e-16 0
1,0,0,0,0,1,2 9.9472838820113818e-15 -3.1843017805899265e-16 0
1,0,0,0,0,2,1 7.2580288133783366e-15 -8.3629934574669385e-16 0
1,0,0,0,0,3,0 8.0989089133037817e-15 -1.7262666990314202e-15 0
1,0,0,0,1,0,2 8.409540459017404e-15 1.0808479220143774e-16 0
1,0,0,0,1,1,1 -1.2914118423723239e-15 4.9273939420856061e-16 0
1,0,0,0,1,2,0 0.50000000000000022 -0.18452553496278332 0
1,0,0,0,2,0,1 -7.7477838987554835e-17 9.5114917833961487e-17 0
1,0,0,0,2,1,0 5.9570565630699126e-15 -2.1170398435330345e-15 0
1,0,0,0,3,0,0 -0.16666666666666727 0.061508511654263 0
1,0,0,1,0,0,2 3.717200700893708e-15 -6.131434335948649e-16 0
1,0,0,1,0,1,1 0.94280904158205714 -0.34576594600847715 0
1,0,0,1,0,2,0 2.7333549919988931e-15 -8.9690624718863354e-16 0
1,0,0,1,1,0,1 3.0893273643460908e-15 3.4581644730961869e-16 0
1,0,0,1,1,1,0 -3.8179671284308686e-16 4.3339287779213531e-16 0
1,0,0,1,2,0,0 3.9654419172949467e-16 -3.9544071955745913e-16 0
1,0,0,2,0,0,1 2.0056249412994664e-15 -1.3916005934394571e-15 0
1,0,0,2,0,1,0 5.2318311358559577e-15 -1.0286097060913102e-15 0
1,0,0,2,1,0,0 0.3333333333333241 -0.12026598378780516 0
1,0,0,3,0,0,0 1.0185062970964609e-15 3.5311109505137273e-17 0
1,0,1,0,0,0,2 3.2634214341270562e-15 -1.8951311873960375e-15 0
1,0,1,0,0,1,1 -7.4850607482968012e-16 -9.1566294477263277e-16 0
1,0,1,0,0,2,0 2.6101896252045398e-15 -4.4463131093630537e-16 0
1,0,1,0,1,0,1 -0.94280904158205714 0.34576594600847277 0
1,0,1,0,1,1,0 -3.9211831752514886e-15 6.7698430682942151e-16 0
1,0,1,0,2,0,0 -2.0325714416317899e-15 -6.3760669802363475e-17 0
1,0,1,1,0,0,1 7.7992625378831004e-15 -3.8136811417177618e-17 0
1,0,1,1,0,1,0 -0.66666666666666707 0.24053196757560921 0
1,0,1,1,1,0,0 3.8112137347424101e-15 -6.0841529568329139e-16 0
1,0,1,2,0,0,0 3.3159849107018691e-15 -3.2591117304914263e-16 0
1,0,2,0,0,0,1 -4.748534464943388e-16 -6.6818024637566031e-16 0
1,0,2,0,0,1,0 6.9826008039855503e-15 -1.5586625956923172e-15 0
1,0,2,0,1,0,0 -0.33333333333333498 0.12026598378780541 0
1,0,2,1,0,0,0 1.5763554198945651e-15 -6.2924383585627464e-16 0
1,0,3,0,0,0,0 -7.1524054989216199e-16 8.1520144909648373e-17 0
1,1,0,0,0,0,2 4.2730673835339812e-15 -1.4072116325334532e-15 0
1,1,0,0,0,1,1 8.7252400803597077e-15 -3.2128942239142355e-16 0
1,1,0,0,0,2,0 3.6635367606651937e-15 -6.4857215672583036e-16 0
1,1,0,0,1,0,1 -1.5094458801426723e-15 -3.489673070522408e-16 0
1,1,0,0,1,1,0 1.7484704287622456e-15 -3.5961426027962418e-16 0
1,1,0,0,2,0,0 6.8632161276997852e-15 -6.097544166964432e-16 0
1,1,0,1,0,0,1 9.3604043249484397e-15 -3.7018082873833657e-16 0
1,1,0,1,0,1,0 6.1522952891181374e-16 -4.5194822385194834e-16 0
1,1,0,1,1,0,0 5.1904914624703071e-15 -6.4577069541820525e-16 0
1,1,0,2,0,0,0 7.306263734263864e-15 -1.4494080793800024e-15 0
1,1,1,0,0,0,1 6.2807804063020404e-15 -2.8692402690493912e-17 0
1,1,1,0,0,1,0 1.128566132308552e-15 2.232545774262309e-16 0
1,1,1,0,1,0,0 -4.4673570342565347e-15 -1.0606551657029629e-15 0
1,1,1,1,0,0,0 -3.6877901623038437e-15 1.2039571801693265e-15 0
1,1,2,0,0,0,0 6.1879172438717848e-15 -1.0038602598685806e-15 0
1,2,0,0,0,0,1 3.7999117741271959e-15 -1.0561213362181299e-15 0
1,2,0,0,0,1,0 6.043586854923011e-15 -1.1478041824289353e-15 0
1,2,0,0,1,0,0 -4.0115480381963664e-17 -1.8068229204470931e-16 0
1,2,0,1,0,0,0 -1.8726339923169633e-15 -5.069187257455976e-16 0
1,2,1,0,0,0,0 1.9576354426398268e-15 8.5272500865984924e-17 0
1,3,0,0,0,0,0 2.3193252873809911e-15 -7.9211810721790954e-16 0
2,0,0,0,0,0,2 2.2518879122523927e-16 3.9557116263133629e-16 0
2,0,0,0,0,1,1 -9.9211003995458569e-15 8.9056366447959334e-16 0
2,0,0,0,0,2,0 -0.16666666666666971 0.059166849084106181 0
2,0,0,0,1,0,1 4.6958812028761662e-15 -1.9703815944301095e-15 0
2,0,0,0,1,1,0 -5.0884487866765388e-16 -1.521186469973998e-16 0
2,0,0,0,2,0,0 -0.16666666666666269 0.059166849084103704 0
2,0,0,1,0,0,1 -5.3730891264036629e-15 8.1716317740232469e-16 0
2,0,0,1,0,1,0 -5.6255591547940687e-15 1.7193820152361372e-15 0
2,0,0,1,1,0,0 1.821871307788013e-15 -9.0773471638633252e-16 0
2,0,0,2,0,0,0 -0.16666666666666533 0.057791329323744943 0
2,0,1,0,0,0,1 1.9598173995119539e-15 -1.3547241670477939e-15 0
2,0,1,0,0,1,0 -4.6892557111627431e-15 6.2109876703547728e-16 0
2,0,1,0,1,0,0 -9.985757389025093e-15 3.0243751838847366e-15 0
2,0,1,1,0,0,0 -3.7276903569125053e-16 3.8230323854554493e-16 0
2,0,2,0,0,0,0 -0.1666666666666711 0.057791329323747816 0
2,1,0,0,0,0,1 -3.9368898309983114e-15 -7.3100066968507967e-17 0
2,1,0,0,0,1,0 -7.0052559533332163e-15 1.8402076040618271e-15 0
2,1,0,0,1,0,0 1.3201315003831919e-15 1.5291350333600966e-16 0
2,1,0,1,0,0,0 -1.7612061504805622e-15 1.7768844923040472e-16 0
2,1,1,0,0,0,0 4.1521865900734429e-16 2.2571848177904727e-16 0
2,2,0,0,0,0,0 -4.3937293039975067e-17 2.5513987624015133e-16 0
3,0,0,0,0,0,1 2.277349722646857e-15 -6.0328397008882484e-16 0
3,0,0,0,0,1,0 7.9900312982637139e-15 -1.7428753210611825e-15 0
3,0,0,0,1,0,0 -2.878961437939565e-15 2.7207409773483821e-15 0
3,0,0,1,0,0,0 -3.5446634776697961e-16 7.2949187922971559e-16 0
3,0,1,0,0,0,0 1.3605212605388023e-15 5.3582965430128138e-16 0
3,1,0,0,0,0,0 3.7506443212509225e-15 -9.1282485669004932e-16 0
4,0,0,0,0,0,0 -1.0387995124467794e-15 2.0176494210186885e-16 0
