# sectors lambda 1.9614068619764455 2.1995688493332102 2.298606272079097 2.3421820411462999
0,0,0,0,0,0,4 2.4330852003290326e-16 4.704014413235702e-16 0
0,0,0,0,0,1,3 -7.0002190892884397e-15 1.4135827924866007e-15 0
0,0,0,0,0,2,2 -0.33333333333334331 0.12891078647848647 0
0,0,0,0,0,3,1 -1.9574050496781736e-15 1.6736557886115611e-15 0
0,0,0,0,0,4,0 -0.041666666666668843 0.015962543556106171 0
0,0,0,0,1,0,3 5.4802735225821693e-15 -5.9448414479979991e-16 0
0,0,0,0,1,1,2 7.864675504267761e-15 -1.3487407263083895e-15 0
0,0,0,0,1,2,1 6.0894791000052489e-15 -1.6022576874216016e-15 0
0,0,0,0,1,3,0 1.3288218995207574e-15 -5.0225665640390993e-16 0
0,0,0,0,2,0,2 -0.33333333333333759 0.12891078647848311 0
0,0,0,0,2,1,1 -4.418342863834855e-15 1.2322486027098608e-15 0
0,0,0,0,2,2,0 -0.083333333333336715 0.031925087112210822 0
0,0,0,0,3,0,1 1.4270734920277842e-15 -1.2821378622669326e-15 0
0,0,0,0,3,1,0 3.2147573299732102e-15 -5.7780880403619029e-16 0
0,0,0,0,4,0,0 -0.041666666666664909 0.015962543556105033 0
0,0,0,1,0,0,3 4.6051487276321801e-17 3.6492889873146472e-16 0
0,0,0,1,0,1,2 -1.5065531287772327e-15 1.0893521328048106e-16 0
0,0,0,1,0,2,1 -3.079025749641584e-15 5.493652407984051e-16 0
0,0,0,1,0,3,0 -4.6509969270011609e-15 3.7003820146930266e-16 0
0,0,0,1,1,0,2 2.3597092772072344e-15 -5.2856888787741751e-16 0
0,0,0,1,1,1,1 -1.4142135623730934 0.53851858480402481 0
0,0,0,1,1,2,0 -4.2387222746499698e-17 -7.3349665100433392e-17 0
0,0,0,1,2,0,1 -1.045978291375305e-14 -7.4691243527898036e-16 0
0,0,0,1,2,1,0 -3.043882829116036e-15 -8.2667705146588499e-16 0
0,0,0,1,3,0,0 4.3551457960243964e-15 -1.6344280798220199e-15 0
0,0,0,2,0,0,2 -0.33333333333334048 0.12615974695776611 0
0,0,0,2,0,1,1 -1.3095806990909287e-15 1.8214325447213353e-15 0
0,0,0,2,0,2,0 -0.16666666666666852 0.062474654464062633 0
0,0,0,2,1,0,1 3.0292642580562884e-15 -2.4731684934590006e-15 0
0,0,0,2,1,1,0 1.1497523582076202e-15 -1.2589365991745941e-15 0
0,0,0,2,2,0,0 -0.16666666666665897 0.062474654464059705 0
0,0,0,3,0,0,1 -1.6664187391102203e-16 -2.348652956146724e-17 0
0,0,0,3,0,1,0 -3.8098864341140626e-15 1.2759162216352538e-15 0
0,0,0,3,1,0,0 3.3052919667757308e-17 -1.4778713226337812e-15 0
0,0,0,4,0,0,0 1.3543531666168965e-15 -6.5410594692408286e-16 0
0,0,1,0,0,0,3 -3.5358543350183513e-17 -3.8794786610604759e-16 0
0,0,1,0,0,1,2 -3.4204545662844255e-15 2.2876665839444144e-16 0
0,0,1,0,0,2,1 0.70710678118655046 -0.26925929240201196 0
0,0,1,0,0,3,0 -9.6514322141943998e-16 3.1483875836263442e-16 0
0,0,1,0,1,0,2 -8.9239359445884153e-15 2.8852796684513717e-15 0
0,0,1,0,1,1,1 4.9265519913360353e-15 1.972062107797462e-16 0
0,0,1,0,1,2,0 -1.2083071529282469e-14 3.9412815730239387e-15 0
0,0,1,0,2,0,1 -0.70710678118653469 0.26925929240201202 0
0,0,1,0,2,1,0 -7.911625402333544e-15 1.2284655418091863e-15 0
0,0,1,0,3,0,0 -7.2659272839421003e-15 2.3048250842125387e-15 0
0,0,1,1,0,0,2 -4.0596052994917864e-15 1.212734340033661e-15 0
0,0,1,1,0,1,1 -2.9898772260089634e-15 3.5784092702884074e-16 0
0,0,1,1,0,2,0 4.95968283803494e-16 8.3058017928683281e-16 0
0,0,1,1,1,0,1 -2.4931466125529406e-15 3.6710238527411926e-16 0
0,0,1,1,1,1,0 -9.1052145478279917e-16 4.2984042161135078e-16 0
0,0,1,1,2,0,0 -1.0650234672053154e-15 1.0176416352759919e-15 0
0,0,1,2,0,0,1 2.324421037591673e-15 -4.192474275729885e-16 0
0,0,1,2,0,1,0 -3.7127283669322053e-15 1.7341542698362522e-15 0
0,0,1,2,1,0,0 -9.336279206608334e-15 2.286159712331249e-15 0
0,0,1,3,0,0,0 -5.3632872611380361e-15 6.4712639543870742e-16 0
0,0,2,0,0,0,2 -0.33333333333334003 0.12615974695776624 0
0,0,2,0,0,1,1 -4.4257132680858291e-15 1.8729185953872407e-15 0
0,0,2,0,0,2,0 -0.16666666666667918 0.062474654464062265 0
0,0,2,0,1,0,1 -1.6614267504355771e-15 -4.5176332835218658e-16 0
0,0,2,0,1,1,0 5.1656795567412914e-15 -1.4162966860496035e-15 0
0,0,2,0,2,0,0 -0.16666666666666655 0.062474654464060322 0
0,0,2,1,0,0,1 2.0290708132794655e-15 4.8572257327350599e-17 0
0,0,2,1,0,1,0 -3.8267525541597902e-15 -5.2028151752148144e-17 0
0,0,2,1,1,0,0 4.4794236272712243e-15 -1.0583570796824076e-15 0
0,0,2,2,0,0,0 -1.0253028894652294e-15 -3.2559946492455305e-18 0
0,0,3,0,0,0,1 2.9118790440939984e-15 -1.447138849725027e-16 0
0,0,3,0,0,1,0 -2.917703242639319e-15 8.0250103708535275e-16 0
0,0,3,0,1,0,0 -1.024628783588113e-14 2.37022296778591e-15 0
0,0,3,1,0,0,0 -2.856049408474573e-15 8.5498150443133469e-16 0
0,0,4,0,0,0,0 -6.0149395653721601e-15 7.3138817424038115e-16 0
0,1,0,0,0,0,3 -3.1683341626941773e-15 4.6064667719395225e-16 0
0,1,0,0,0,1,2 -1.0131534689110731e-14 2.1990615006518093e-15 0
0,1,0,0,0,2,1 -5.1760189369358215e-15 1.3264883496864661e-15 0
0,1,0,0,0,3,0 0.166666666666658 -0.061508511654260356 0
0,1,0,0,1,0,2 -6.6266298079017193e-15 -2.3946439250138874e-16 0
0,1,0,0,1,1,1 -4.6913653111319929e-15 1.0989189540411746e-15 0
0,1,0,0,1,2,0 1.279851013430611e-15 -2.7922295141436853e-16 0
0,1,0,0,2,0,1 -3.4122004202480775e-15 2.0410639309703697e-15 0
0,1,0,0,2,1,0 -0.50000000000000677 0.18452553496278812 0
0,1,0,0,3,0,0 1.4458920276000527e-15 -9.307877022608035e-17 0
0,1,0,1,0,0,2 2.8775247030035597e-15 -3.898282327956547e-16 0
0,1,0,1,0,1,1 -1.5008968657710182e-15 1.4673052263120793e-15 0
0,1,0,1,0,2,0 -3.0003205911824438e-15 -2.104710443732638e-16 0
0,1,0,1,1,0,1 -0.94280904158207102 0.34576594600847521 0
0,1,0,1,1,1,0 -3.6869087900682144e-15 1.6801767053011816e-15 0
0,1,0,1,2,0,0 -2.924743177005421e-15 5.2724671839716395e-16 0
0,1,0,2,0,0,1 -2.3316549608232164e-15 1.2594619762233247e-15 0
0,1,0,2,0,1,0 -0.33333333333334236 0.12026598378780802 0
0,1,0,2,1,0,0 2.3203096800256836e-16 2.1644548707688543e-16 0
0,1,0,3,0,0,0 -1.1781268508726928e-15 1.7604215274552177e-16 0
0,1,1,0,0,0,2 -5.1757174569032603e-15 6.1445594888212234e-16 0
0,1,1,0,0,1,1 -0.94280904158204071 0.3457659460084761 0
0,1,1,0,0,2,0 -3.8150640088709777e-15 9.9540551411235966e-16 0
0,1,1,0,1,0,1 5.8096036327525918e-15 4.409255681700735e-16 0
0,1,1,0,1,1,0 5.8982279293595991e-16 -1.0045355445193541e-15 0
0,1,1,0,2,0,0 -4.7904385304839867e-15 4.2283838649617926e-16 0
0,1,1,1,0,0,1 -4.202516007530128e-15 6.2520736886853664e-16 0
0,1,1,1,0,1,0 1.3917910742184565e-15 2.1876745009494776e-16 0
0,1,1,1,1,0,0 -0.66666666666666741 0.24053196757561016 0
0,1,1,2,0,0,0 4.4638864378199639e-16 8.7477787415317702e-16 0
0,1,2,0,0,0,1 -3.9238621454066691e-15 1.1335328788521078e-15 0
0,1,2,0,0,1,0 0.33333333333333182 -0.1202659837878039 0
0,1,2,0,1,0,0 5.5858486029475532e-16 -1.5248270942702286e-15 0
0,1,2,1,0,0,0 -6.5112089171116408e-15 1.2471661365254198e-15 0
0,1,3,0,0,0,0 -8.6561245566943084e-16 2.4934724644470769e-16 0
0,2,0,0,0,0,2 -5.3418641038360803e-16 5.3476916905131899e-16 0
0,2,0,0,0,1,1 -8.1209453224595496e-15 1.5088706109209205e-15 0
0,2,0,0,0,2,0 -0.16666666666666743 0.059166849084105924 0
0,2,0,0,1,0,1 3.4360535250410607e-15 -6.7437375128598376e-16 0
0,2,0,0,1,1,0 1.3588305827760827e-15 -1.1765219874726451e-15 0
0,2,0,0,2,0,0 -0.1666666666666686 0.059166849084103662 0
0,2,0,1,0,0,1 2.8451633410364607e-15 7.3704063685564591e-16 0
0,2,0,1,0,1,0 -4.1454470064983262e-15 4.4650155968384286e-16 0
0,2,0,1,1,0,0 1.9619722513297688e-15 -1.2349062744609896e-16 0
0,2,0,2,0,0,0 -0.16666666666666788 0.057791329323746206 0
0,2,1,0,0,0,1 -1.4315805485498601e-15 1.8896559664249857e-15 0
0,2,1,0,0,1,0 -4.6154486482707924e-15 1.3143511886498649e-15 0
0,2,1,0,1,0,0 -1.1810864786188091e-14 3.7452679846339265e-15 0
0,2,1,1,0,0,0 -4.7574791328663935e-15 6.9649147560468805e-16 0
0,2,2,0,0,0,0 -0.16666666666667335 0.057791329323746081 0
0,3,0,0,0,0,1 -1.8711161092754836e-15 2.1901425985293432e-15 0
0,3,0,0,0,1,0 -6.8991036841770104e-15 5.9425121073930498e-16 0
0,3,0,0,1,0,0 -9.9226182825873366e-16 -1.95590071916385e-16 0
0,3,0,1,0,0,0 -9.0118884576995129e-16 2.5993747085339969e-16 0
0,3,1,0,0,0,0 -1.3105835861004778e-15 2.8416938940845071e-16 0
0,4,0,0,0,0,0 9.3718435789647003e-16 9.7849246066816775e-18 0
1,0,0,0,0,0,3 3.6877781644378826e-15 -3.9615392129904725e-16 0
1,0,0,0,0,1,2 9.9472838820113818e-15 -1.510754412195614e-15 0
1,0,0,0,0,2,1 7.2580288133783366e-15 -4.8312048805954078e-16 0
1,0,0,0,0,3,0 8.0989089133037817e-15 -1.5389572212073932e-15 0
1,0,0,0,1,0,2 8.409540459017404e-15 -6.1506450431923765e-17 0
1,0,0,0,1,1,1 -1.2914118423723239e-15 -4.0626410655747458e-16 0
1,0,0,0,1,2,0 0.50000000000000022 -0.18452553496278182 0
1,0,0,0,2,0,1 -7.7477838987554835e-17 -7.9695847699499424e-17 0
1,0,0,0,2,1,0 5.9570565630699126e-15 -2.0346371961714655e-15 0
1,0,0,0,3,0,0 -0.16666666666666727 0.061508511654262778 0
1,0,0,1,0,0,2 3.717200700893708e-15 -2.7858574822015036e-16 0
1,0,0,1,0,1,1 0.94280904158205714 -0.34576594600847915 0
1,0,0,1,0,2,0 2.7333549919988931e-15 3.1813202246155914e-16 0
1,0,0,1,1,0,1 3.0893273643460908e-15 -7.6080499322381256e-18 0
1,0,0,1,1,1,0 -3.8179671284308686e-16 6.6728916771514879e-16 0
1,0,0,1,2,0,0 3.9654419172949467e-16 -6.4431943413062508e-17 0
1,0,0,2,0,0,1 2.0056249412994664e-15 -1.6642774398195614e-15 0
1,0,0,2,0,1,0 5.2318311358559577e-15 -1.4378147110416517e-15 0
1,0,0,2,1,0,0 0.3333333333333241 -0.12026598378780509 0
1,0,0,3,0,0,0 1.0185062970964609e-15 9.8734226090108068e-16 0
1,0,1,0,0,0,2 3.2634214341270562e-15 -1.4915233761611524e-15 0
1,0,1,0,0,1,1 -7.4850607482968012e-16 -6.1620630473213645e-16 0
1,0,1,0,0,2,0 2.6101896252045398e-15 -6.3770061280166157e-16 0
1,0,1,0,1,0,1 -0.94280904158205714 0.34576594600847466 0
1,0,1,0,1,1,0 -3.9211831752514886e-15 7.8950416354268277e-16 0
1,0,1,0,2,0,0 -2.0325714416317899e-15 -2.1450304707915265e-16 0
1,0,1,1,0,0,1 7.7992625378831004e-15 6.7979476214841128e-17 0
1,0,1,1,0,1,0 -0.66666666666666707 0.24053196757560935 0
1,0,1,1,1,0,0 3.8112137347424101e-15 -3.1491837945967632e-16 0
1,0,1,2,0,0,0 3.3159849107018691e-15 -8.5031265882606899e-16 0
1,0,2,0,0,0,1 -4.748534464943388e-16 -3.7785123337477633e-16 0
1,0,2,0,0,1,0 6.9826008039855503e-15 -1.365593293826961e-15 0
1,0,2,0,1,0,0 -0.33333333333333498 0.12026598378780608 0
1,0,2,1,0,0,0 1.5763554198945651e-15 -6.2036693056904957e-16 0
1,0,3,0,0,0,0 -7.1524054989216199e-16 -5.6598741535532349e-17 0
1,1,0,0,0,0,2 4.2730673835339812e-15 -1.6148350476250474e-15 0
1,1,0,0,0,1,1 8.7252400803597077e-15 -7.9807206115057502e-16 0
1,1,0,0,0,2,0 3.6635367606651937e-15 -8.5032356768090546e-16 0
1,1,0,0,1,0,1 -1.5094458801426723e-15 6.7873650048230068e-16 0
1,1,0,0,1,1,0 1.7484704287622456e-15 9.3808860197332552e-18 0
1,1,0,0,2,0,0 6.8632161276997852e-15 -8.3234139345289849e-16 0
1,1,0,1,0,0,1 9.3604043249484397e-15 4.6974574645919227e-16 0
1,1,0,1,0,1,0 6.1522952891181374e-16 -3.6210434705381185e-16 0
1,1,0,1,1,0,0 5.1904914624703071e-15 1.0676353175780586e-16 0
1,1,0,2,0,0,0 7.306263734263864e-15 -9.5917946370892286e-16 0
1,1,1,0,0,0,1 6.2807804063020404e-15 1.9154369708973827e-16 0
1,1,1,0,0,1,0 1.128566132308552e-15 2.763426475684387e-16 0
1,1,1,0,1,0,0 -4.4673570342565347e-15 -8.7396161420959126e-16 0
1,1,1,1,0,0,0 -3.6877901623038437e-15 1.0442450524247043e-15 0
1,1,2,0,0,0,0 6.1879172438717848e-15 -7.8380115779918637e-16 0
1,2,0,0,0,0,1 3.7999117741271959e-15 -1.1190863773852255e-15 0
1,2,0,0,0,1,0 6.043586854923011e-15 -1.2285501392247933e-15 0
1,2,0,0,1,0,0 -4.0115480381963664e-17 -8.5109870540112098e-18 0
1,2,0,1,0,0,0 -1.8726339923169633e-15 -6.0173220572945496e-16 0
1,2,1,0,0,0,0 1.9576354426398268e-15 -8.1537424381772361e-16 0
1,3,0,0,0,0,0 2.3193252873809911e-15 -9.66132555901833e-16 0
2,0,0,0,0,0,2 2.2518879122523927e-16 -3.5778671692021646e-16 0
2,0,0,0,0,1,1 -9.9211003995458569e-15 1.5411662831338324e-15 0
2,0,0,0,0,2,0 -0.16666666666666971 0.059166849084106778 0
2,0,0,0,1,0,1 4.6958812028761662e-15 -1.8258557507718973e-15 0
2,0,0,0,1,1,0 -5.0884487866765388e-16 -1.3265721800128499e-15 0
2,0,0,0,2,0,0 -0.16666666666666269 0.059166849084103898 0
2,0,0,1,0,0,1 -5.3730891264036629e-15 2.9601429814285485e-16 0
2,0,0,1,0,1,0 -5.6255591547940687e-15 5.0506202952521617e-16 0
2,0,0,1,1,0,0 1.821871307788013e-15 -1.5068013094307782e-15 0
2,0,0,2,0,0,0 -0.16666666666666533 0.057791329323745491 0
2,0,1,0,0,0,1 1.9598173995119539e-15 -9.4235464700651028e-16 0
2,0,1,0,0,1,0 -4.6892557111627431e-15 5.7905882779735185e-16 0
2,0,1,0,1,0,0 -9.985757389025093e-15 1.9184233228961099e-15 0
2,0,1,1,0,0,0 -3.7276903569125053e-16 3.3236895223900942e-16 0
2,0,2,0,0,0,0 -0.1666666666666711 0.057791329323747712 0
2,1,0,0,0,0,1 -3.9368898309983114e-15 3.0531760897193989e-16 0
2,1,0,0,0,1,0 -7.0052559533332163e-15 1.9169853070620848e-15 0
2,1,0,0,1,0,0 1.3201315003831919e-15 1.151873094726023e-16 0
2,1,0,1,0,0,0 -1.7612061504805622e-15 8.4686586332972227e-18 0
2,1,1,0,0,0,0 4.1521865900734429e-16 2.0283285775786314e-16 0
2,2,0,0,0,0,0 -4.3937293039975067e-17 7.7872821038771356e-17 0
3,0,0,0,0,0,1 2.277349722646857e-15 -6.5855795209485146e-16 0
3,0,0,0,0,1,0 7.9900312982637139e-15 -1.7454503012208356e-15 0
3,0,0,0,1,0,0 -2.878961437939565e-15 3.3821356427835882e-15 0
3,0,0,1,0,0,0 -3.5446634776697961e-16 1.3898895868860034e-15 0
3,0,1,0,0,0,0 1.3605212605388023e-15 2.723888551780379e-16 0
3,1,0,0,0,0,0 3.7506443212509225e-15 -1.0433829102248081e-15 0
4,0,0,0,0,0,0 -1.0387995124467794e-15 -2.8899832424074748e-16 0
