# sectors lambda 1.9614068619764455 2.1995688493332102 2.298606272079097 2.3421820411462999
0,0,0,0,0,0,4 2.4330852003290326e-16 3.8707711623627017e-16 0
0,0,0,0,0,1,3 -7.0002190892884397e-15 1.3811109374206598e-15 0
0,0,0,0,0,2,2 -0.33333333333334331 0.12891078647848692 0
0,0,0,0,0,3,1 -1.9574050496781736e-15 1.7823199513489207e-15 0
0,0,0,0,0,4,0 -0.041666666666668843 0.015962543556106285 0
0,0,0,0,1,0,3 5.4802735225821693e-15 -9.1167426662401227e-16 0
0,0,0,0,1,1,2 7.864675504267761e-15 -1.8716107765166801e-15 0
0,0,0,0,1,2,1 6.0894791000052489e-15 -9.9819444702130278e-16 0
0,0,0,0,1,3,0 1.3288218995207574e-15 -8.2651780927180118e-16 0
0,0,0,0,2,0,2 -0.33333333333333759 0.12891078647848314 0
0,0,0,0,2,1,1 -4.418342863834855e-15 9.6375948722098167e-16 0
0,0,0,0,2,2,0 -0.083333333333336715 0.03192508711221044 0
0,0,0,0,3,0,1 1.4270734920277842e-15 -1.1078794680941999e-15 0
0,0,0,0,3,1,0 3.2147573299732102e-15 -1.4718215866770031e-15 0
0,0,0,0,4,0,0 -0.041666666666664909 0.015962543556104863 0
0,0,0,1,0,0,3 4.6051487276321801e-17 3.449524737034193e-16 0
0,0,0,1,0,1,2 -1.5065531287772327e-15 4.5203099076351894e-16 0
0,0,0,1,0,2,1 -3.079025749641584e-15 8.937078507798013e-16 0
0,0,0,1,0,3,0 -4.6509969270011609e-15 8.0260776323670679e-16 0
0,0,0,1,1,0,2 2.3597092772072344e-15 -9.0753820474256952e-16 0
0,0,0,1,1,1,1 -1.4142135623730934 0.53851858480402293 0
0,0,0,1,1,2,0 -4.2387222746499698e-17 3.9403972706270052e-18 0
0,0,0,1,2,0,1 -1.045978291375305e-14 -7.0685116500564097e-16 0
0,0,0,1,2,1,0 -3.043882829116036e-15 9.0178515696481831e-17 0
0,0,0,1,3,0,0 4.3551457960243964e-15 -1.5067632740118518e-15 0
0,0,0,2,0,0,2 -0.33333333333334048 0.12615974695776666 0
0,0,0,2,0,1,1 -1.3095806990909287e-15 1.4410402125047961e-15 0
0,0,0,2,0,2,0 -0.16666666666666852 0.0624746544640628 0
0,0,0,2,1,0,1 3.0292642580562884e-15 -1.0473613214776259e-15 0
0,0,0,2,1,1,0 1.1497523582076202e-15 -1.5031802435812661e-15 0
0,0,0,2,2,0,0 -0.16666666666665897 0.062474654464059601 0
0,0,0,3,0,0,1 -1.6664187391102203e-16 -1.4690261810820782e-16 0
0,0,0,3,0,1,0 -3.8098864341140626e-15 8.1767817343425531e-16 0
0,0,0,3,1,0,0 3.3052919667757308e-17 -1.354922796273925e-15 0
0,0,0,4,0,0,0 1.3543531666168965e-15 -5.1944803710138321e-16 0
0,0,1,0,0,0,3 -3.5358543350183513e-17 1.0760028935560828e-16 0
0,0,1,0,0,1,2 -3.4204545662844255e-15 1.0537089863843496e-15 0
0,0,1,0,0,2,1 0.70710678118655046 -0.26925929240201207 0
0,0,1,0,0,3,0 -9.6514322141943998e-16 2.6225495299708745e-16 0
0,0,1,0,1,0,2 -8.9239359445884153e-15 2.3755420170573117e-15 0
0,0,1,0,1,1,1 4.9265519913360353e-15 -1.870621442034287e-16 0
0,0,1,0,1,2,0 -1.2083071529282469e-14 3.693161905850631e-15 0
0,0,1,0,2,0,1 -0.70710678118653469 0.26925929240201246 0
0,0,1,0,2,1,0 -7.911625402333544e-15 1.4446283499484837e-15 0
0,0,1,0,3,0,0 -7.2659272839421003e-15 2.5095224543778019e-15 0
0,0,1,1,0,0,2 -4.0596052994917864e-15 1.483757778100725e-15 0
0,0,1,1,0,1,1 -2.9898772260089634e-15 1.7406865879254774e-16 0
0,0,1,1,0,2,0 4.95968283803494e-16 1.6110973232591475e-15 0
0,0,1,1,1,0,1 -2.4931466125529406e-15 3.149522607775665e-16 0
0,0,1,1,1,1,0 -9.1052145478279917e-16 1.2153448955770987e-15 0
0,0,1,1,2,0,0 -1.0650234672053154e-15 1.1130514264547163e-15 0
0,0,1,2,0,0,1 2.324421037591673e-15 -3.3164389203615974e-16 0
0,0,1,2,0,1,0 -3.7127283669322053e-15 1.3828727659509488e-15 0
0,0,1,2,1,0,0 -9.336279206608334e-15 2.5208894826743607e-15 0
0,0,1,3,0,0,0 -5.3632872611380361e-15 6.5027058173891539e-16 0
0,0,2,0,0,0,2 -0.33333333333334003 0.12615974695776633 0
0,0,2,0,0,1,1 -4.4257132680858291e-15 1.4753416587368062e-15 0
0,0,2,0,0,2,0 -0.16666666666667918 0.062474654464062418 0
0,0,2,0,1,0,1 -1.6614267504355771e-15 -6.2154938856341657e-16 0
0,0,2,0,1,1,0 5.1656795567412914e-15 -7.9843697300442662e-16 0
0,0,2,0,2,0,0 -0.16666666666666655 0.062474654464060309 0
0,0,2,1,0,0,1 2.0290708132794655e-15 4.6772481721024661e-16 0
0,0,2,1,0,1,0 -3.8267525541597902e-15 3.5541502466790442e-16 0
0,0,2,1,1,0,0 4.4794236272712243e-15 -7.7863291918114745e-16 0
0,0,2,2,0,0,0 -1.0253028894652294e-15 -6.1260810877220018e-17 0
0,0,3,0,0,0,1 2.9118790440939984e-15 -1.2910137368871144e-16 0
0,0,3,0,0,1,0 -2.917703242639319e-15 9.3943577147027196e-16 0
0,0,3,0,1,0,0 -1.024628783588113e-14 2.6148189778986398e-15 0
0,0,3,1,0,0,0 -2.856049408474573e-15 7.2005254406551367e-16 0
0,0,4,0,0,0,0 -6.0149395653721601e-15 8.0755337685748784e-16 0
0,1,0,0,0,0,3 -3.1683341626941773e-15 8.4455589020749133e-16 0
0,1,0,0,0,1,2 -1.0131534689110731e-14 2.2322109820755536e-15 0
0,1,0,0,0,2,1 -5.1760189369358215e-15 1.3032322130866521e-15 0
0,1,0,0,0,3,0 0.166666666666658 -0.061508511654260634 0
0,1,0,0,1,0,2 -6.6266298079017193e-15 6.681754561948513e-16 0
0,1,0,0,1,1,1 -4.6913653111319929e-15 1.1643776602049869e-15 0
0,1,0,0,1,2,0 1.279851013430611e-15 -2.6638193193399333e-16 0
0,1,0,0,2,0,1 -3.4122004202480775e-15 2.1184759660858347e-15 0
0,1,0,0,2,1,0 -0.50000000000000677 0.18452553496278684 0
0,1,0,0,3,0,0 1.4458920276000527e-15 -3.9833589188937411e-16 0
0,1,0,1,0,0,2 2.8775247030035597e-15 6.3368275303286176e-17 0
0,1,0,1,0,1,1 -1.5008968657710182e-15 2.7399688414298763e-15 0
0,1,0,1,0,2,0 -3.0003205911824438e-15 -3.8841840468808445e-17 0
0,1,0,1,1,0,1 -0.94280904158207102 0.34576594600847627 0
0,1,0,1,1,1,0 -3.6869087900682144e-15 7.6711584574251413e-16 0
0,1,0,1,2,0,0 -2.924743177005421e-15 6.5236364910199116e-16 0
0,1,0,2,0,0,1 -2.3316549608232164e-15 1.2668887611048504e-15 0
0,1,0,2,0,1,0 -0.33333333333334236 0.12026598378780765 0
0,1,0,2,1,0,0 2.3203096800256836e-16 6.3581488739427852e-16 0
0,1,0,3,0,0,0 -1.1781268508726928e-15 3.0278538670907724e-16 0
0,1,1,0,0,0,2 -5.1757174569032603e-15 9.3600320818701072e-16 0
0,1,1,0,0,1,1 -0.94280904158204071 0.34576594600847649 0
0,1,1,0,0,2,0 -3.8150640088709777e-15 9.75971190170557e-16 0
0,1,1,0,1,0,1 5.8096036327525918e-15 4.6275977385349884e-17 0
0,1,1,0,1,1,0 5.8982279293595991e-16 -1.0999453356980785e-15 0
0,1,1,0,2,0,0 -4.7904385304839867e-15 6.3534201230333818e-16 0
0,1,1,1,0,0,1 -4.202516007530128e-15 -4.4251493059518817e-16 0
0,1,1,1,0,1,0 1.3917910742184565e-15 2.992653670228502e-17 0
0,1,1,1,1,0,0 -0.66666666666666741 0.24053196757561024 0
0,1,1,2,0,0,0 4.4638864378199639e-16 3.8558585392771742e-16 0
0,1,2,0,0,0,1 -3.9238621454066691e-15 1.0525429765674406e-15 0
0,1,2,0,0,1,0 0.33333333333333182 -0.12026598378780425 0
0,1,2,0,1,0,0 5.5858486029475532e-16 -2.0605000163839764e-17 0
0,1,2,1,0,0,0 -6.5112089171116408e-15 1.4718128266644163e-15 0
0,1,3,0,0,0,0 -8.6561245566943084e-16 1.5014274766228403e-16 0
0,2,0,0,0,0,2 -5.3418641038360803e-16 7.7424232389905479e-16 0
0,2,0,0,0,1,1 -8.1209453224595496e-15 1.7784168235279729e-15 0
0,2,0,0,0,2,0 -0.16666666666666743 0.059166849084106202 0
0,2,0,0,1,0,1 3.4360535250410607e-15 -3.7513395167998453e-16 0
0,2,0,0,1,1,0 1.3588305827760827e-15 -1.0214268666985937e-15 0
0,2,0,0,2,0,0 -0.1666666666666686 0.059166849084103343 0
0,2,0,1,0,0,1 2.8451633410364607e-15 8.1244689795201275e-16 0
0,2,0,1,0,1,0 -4.1454470064983262e-15 1.381544618289654e-16 0
0,2,0,1,1,0,0 1.9619722513297688e-15 4.8626467435974874e-16 0
0,2,0,2,0,0,0 -0.16666666666666788 0.057791329323746449 0
0,2,1,0,0,0,1 -1.4315805485498601e-15 1.5802246663976227e-15 0
0,2,1,0,0,1,0 -4.6154486482707924e-15 1.1156169304332719e-15 0
0,2,1,0,1,0,0 -1.1810864786188091e-14 3.8077180297690916e-15 0
0,2,1,1,0,0,0 -4.7574791328663935e-15 5.126107871511465e-16 0
0,2,2,0,0,0,0 -0.16666666666667335 0.057791329323746185 0
0,3,0,0,0,0,1 -1.8711161092754836e-15 1.4117938589019996e-15 0
0,3,0,0,0,1,0 -6.8991036841770104e-15 4.9091319117428034e-16 0
0,3,0,0,1,0,0 -9.9226182825873366e-16 1.7683337433238577e-16 0
0,3,0,1,0,0,0 -9.0118884576995129e-16 1.7753810574450135e-16 0
0,3,1,0,0,0,0 -1.3105835861004778e-15 1.3942839938163587e-16 0
0,4,0,0,0,0,0 9.3718435789647003e-16 1.6040771141923038e-16 0
1,0,0,0,0,0,3 3.6877781644378826e-15 -3.932672330148046e-16 0
1,0,0,0,0,1,2 9.9472838820113818e-15 -1.7969295756231629e-15 0
1,0,0,0,0,2,1 7.2580288133783366e-15 -9.4406904169175299e-16 0
1,0,0,0,0,3,0 8.0989089133037817e-15 -2.304336192346379e-15 0
1,0,0,0,1,0,2 8.409540459017404e-15 -2.847978878553134e-16 0
1,0,0,0,1,1,1 -1.2914118423723239e-15 3.3001758877743148e-16 0
1,0,0,0,1,2,0 0.50000000000000022 -0.1845255349627824 0
1,0,0,0,2,0,1 -7.7477838987554835e-17 -4.9993260975488094e-16 0
1,0,0,0,2,1,0 5.9570565630699126e-15 -2.0164497047280212e-15 0
1,0,0,0,3,0,0 -0.16666666666666727 0.061508511654263097 0
1,0,0,1,0,0,2 3.717200700893708e-15 -8.0312275926863741e-17 0
1,0,0,1,0,1,1 0.94280904158205714 -0.34576594600847604 0
1,0,0,1,0,2,0 2.7333549919988931e-15 5.5839122388434692e-16 0
1,0,0,1,1,0,1 3.0893273643460908e-15 4.1105661897303941e-16 0
1,0,0,1,1,1,0 -3.8179671284308686e-16 1.6780908531233846e-15 0
1,0,0,1,2,0,0 3.9654419172949467e-16 1.6297946226577205e-16 0
1,0,0,2,0,0,1 2.0056249412994664e-15 -1.6455749523441865e-15 0
1,0,0,2,0,1,0 5.2318311358559577e-15 -9.8358821087884962e-16 0
1,0,0,2,1,0,0 0.3333333333333241 -0.12026598378780592 0
1,0,0,3,0,0,0 1.0185062970964609e-15 1.1581583131761719e-15 0
1,0,1,0,0,0,2 3.2634214341270562e-15 -6.8840061689251497e-16 0
1,0,1,0,0,1,1 -7.4850607482968012e-16 -1.8382647834491728e-16 0
1,0,1,0,0,2,0 2.6101896252045398e-15 -5.7161849038867008e-16 0
1,0,1,0,1,0,1 -0.94280904158205714 0.34576594600847466 0
1,0,1,0,1,1,0 -3.9211831752514886e-15 6.8807705030666383e-16 0
1,0,1,0,2,0,0 -2.0325714416317899e-15 -7.3914847834488824e-16 0
1,0,1,1,0,0,1 7.7992625378831004e-15 -4.5292545755581948e-16 0
1,0,1,1,0,1,0 -0.66666666666666707 0.24053196757561043 0
1,0,1,1,1,0,0 3.8112137347424101e-15 -5.610864827225101e-16 0
1,0,1,2,0,0,0 3.3159849107018691e-15 -3.0948551013598724e-16 0
1,0,2,0,0,0,1 -4.748534464943388e-16 -3.595282166597713e-16 0
1,0,2,0,0,1,0 6.9826008039855503e-15 -1.1683227085432235e-15 0
1,0,2,0,1,0,0 -0.33333333333333498 0.12026598378780591 0
1,0,2,1,0,0,0 1.5763554198945651e-15 -7.3789444606647825e-16 0
1,0,3,0,0,0,0 -7.1524054989216199e-16 -7.109994559252597e-17 0
1,1,0,0,0,0,2 4.2730673835339812e-15 -1.3209349437185393e-15 0
1,1,0,0,0,1,1 8.7252400803597077e-15 -1.1482287052819248e-15 0
1,1,0,0,0,2,0 3.6635367606651937e-15 -1.07418421124485e-15 0
1,1,0,0,1,0,1 -1.5094458801426723e-15 -3.3472148024852464e-16 0
1,1,0,0,1,1,0 1.7484704287622456e-15 1.2172634213315216e-15 0
1,1,0,0,2,0,0 6.8632161276997852e-15 -7.6436191723805737e-16 0
1,1,0,1,0,0,1 9.3604043249484397e-15 -1.164281580950957e-16 0
1,1,0,1,0,1,0 6.1522952891181374e-16 -4.8798021927937887e-16 0
1,1,0,1,1,0,0 5.1904914624703071e-15 -2.5839575993531202e-16 0
1,1,0,2,0,0,0 7.306263734263864e-15 -1.4247087715198863e-15 0
1,1,1,0,0,0,1 6.2807804063020404e-15 8.421950156936571e-18 0
1,1,1,0,0,1,0 1.128566132308552e-15 6.6468212029557178e-17 0
1,1,1,0,1,0,0 -4.4673570342565347e-15 -1.2525650128415295e-15 0
1,1,1,1,0,0,0 -3.6877901623038437e-15 1.1522315888042605e-15 0
1,1,2,0,0,0,0 6.1879172438717848e-15 -9.1119491306623314e-16 0
1,2,0,0,0,0,1 3.7999117741271959e-15 -1.1547566288599986e-15 0
1,2,0,0,0,1,0 6.043586854923011e-15 -1.4509742149101945e-15 0
1,2,0,0,1,0,0 -4.0115480381963664e-17 -4.3313876790795902e-17 0
1,2,0,1,0,0,0 -1.8726339923169633e-15 -4.7043532264146037e-16 0
1,2,1,0,0,0,0 1.9576354426398268e-15 -7.6723566735936721e-16 0
1,3,0,0,0,0,0 2.3193252873809911e-15 -1.0094193276383168e-15 0
2,0,0,0,0,0,2 2.2518879122523927e-16 7.1557343384043293e-17 0
2,0,0,0,0,1,1 -9.9211003995458569e-15 4.2310989781246811e-17 0
2,0,0,0,0,2,0 -0.16666666666666971 0.059166849084105341 0
2,0,0,0,1,0,1 4.6958812028761662e-15 -1.961706282984331e-15 0
2,0,0,0,1,1,0 -5.0884487866765388e-16 -3.9353489542613695e-16 0
2,0,0,0,2,0,0 -0.16666666666666269 0.059166849084104259 0
2,0,0,1,0,0,1 -5.3730891264036629e-15 6.7217824188670061e-16 0
2,0,0,1,0,1,0 -5.6255591547940687e-15 -1.729980091472183e-16 0
2,0,0,1,1,0,0 1.821871307788013e-15 -1.455355916346341e-15 0
2,0,0,2,0,0,0 -0.16666666666666533 0.057791329323745755 0
2,0,1,0,0,0,1 1.9598173995119539e-15 -6.9016922168638195e-16 0
2,0,1,0,0,1,0 -4.6892557111627431e-15 3.7666538724862031e-16 0
2,0,1,0,1,0,0 -9.985757389025093e-15 2.3639219955704036e-15 0
2,0,1,1,0,0,0 -3.7276903569125053e-16 2.467237568762326e-17 0
2,0,2,0,0,0,0 -0.1666666666666711 0.057791329323748045 0
2,1,0,0,0,0,1 -3.9368898309983114e-15 1.281318689334963e-16 0
2,1,0,0,0,1,0 -7.0052559533332163e-15 1.4910293785468423e-15 0
2,1,0,0,1,0,0 1.3201315003831919e-15 3.2888355766949523e-16 0
2,1,0,1,0,0,0 -1.7612061504805622e-15 -2.9154641778005735e-18 0
2,1,1,0,0,0,0 4.1521865900734429e-16 2.4264759949500559e-17 0
2,2,0,0,0,0,0 -4.3937293039975067e-17 2.0895286369226884e-16 0
3,0,0,0,0,0,1 2.277349722646857e-15 -1.3875483878197925e-15 0
3,0,0,0,0,1,0 7.9900312982637139e-15 -2.4169509167497327e-15 0
3,0,0,0,1,0,0 -2.878961437939565e-15 2.3786794270939417e-15 0
3,0,0,1,0,0,0 -3.5446634776697961e-16 1.6840336362813207e-15 0
3,0,1,0,0,0,0 1.3605212605388023e-15 -1.3924205213323992e-16 0
3,1,0,0,0,0,0 3.7506443212509225e-15 -1.6053791063326693e-15 0
4,0,0,0,0,0,0 -1.0387995124467794e-15 2.9874767346364448e-16 0
