200,0,0,0,0,0,0,4 0 0 0
200,0,0,0,0,0,1,3 0 0 0
200,0,0,0,0,0,2,2 0 0 0
200,0,0,0,0,0,3,1 0 0 0
200,0,0,0,0,0,4,0 0 0 0
200,0,0,0,0,1,0,3 0 0 0
200,0,0,0,0,1,1,2 0 0 0
200,0,0,0,0,1,2,1 0 0 0
200,0,0,0,0,1,3,0 0 0 0
200,0,0,0,0,2,0,2 0 0 0
200,0,0,0,0,2,1,1 0 0 0
200,0,0,0,0,2,2,0 0 0 0
200,0,0,0,0,3,0,1 0 0 0
200,0,0,0,0,3,1,0 0 0 0
200,0,0,0,0,4,0,0 0 0 0
200,0,0,0,1,0,0,3 0 0 0
200,0,0,0,1,0,1,2 0 0 0
200,0,0,0,1,0,2,1 0 0 0
200,0,0,0,1,0,3,0 0 0 0
200,0,0,0,1,1,0,2 0 0 0
200,0,0,0,1,1,1,1 0 0 0
200,0,0,0,1,1,2,0 0 0 0
200,0,0,0,1,2,0,1 0 0 0
200,0,0,0,1,2,1,0 0 0 0
200,0,0,0,1,3,0,0 0 0 0
200,0,0,0,2,0,0,2 0 0 0
200,0,0,0,2,0,1,1 0 0 0
200,0,0,0,2,0,2,0 0 0 0
200,0,0,0,2,1,0,1 0 0 0
200,0,0,0,2,1,1,0 0 0 0
200,0,0,0,2,2,0,0 0 0 0
200,0,0,0,3,0,0,1 0 0 0
200,0,0,0,3,0,1,0 0 0 0
200,0,0,0,3,1,0,0 0 0 0
200,0,0,0,4,0,0,0 0 0 0
200,0,0,1,0,0,0,3 0 0 0
200,0,0,1,0,0,1,2 0 0 0
200,0,0,1,0,0,2,1 0 0 0
200,0,0,1,0,0,3,0 0 0 0
200,0,0,1,0,1,0,2 0 0 0
200,0,0,1,0,1,1,1 0 0 0
200,0,0,1,0,1,2,0 0 0 0
200,0,0,1,0,2,0,1 0 0 0
200,0,0,1,0,2,1,0 0 0 0
200,0,0,1,0,3,0,0 0 0 0
200,0,0,1,1,0,0,2 0 0 0
200,0,0,1,1,0,1,1 0 0 0
200,0,0,1,1,0,2,0 0 0 0
200,0,0,1,1,1,0,1 0 0 0
200,0,0,1,1,1,1,0 0 0 0
200,0,0,1,1,2,0,0 0 0 0
200,0,0,1,2,0,0,1 0 0 0
200,0,0,1,2,0,1,0 0 0 0
200,0,0,1,2,1,0,0 0 0 0
200,0,0,1,3,0,0,0 0 0 0
200,0,0,2,0,0,0,2 0 0 0
200,0,0,2,0,0,1,1 0 0 0
200,0,0,2,0,0,2,0 0 0 0
200,0,0,2,0,1,0,1 0 0 0
200,0,0,2,0,1,1,0 0 0 0
200,0,0,2,0,2,0,0 0 0 0
200,0,0,2,1,0,0,1 0 0 0
200,0,0,2,1,0,1,0 0 0 0
200,0,0,2,1,1,0,0 0 0 0
200,0,0,2,2,0,0,0 0 0 0
200,0,0,3,0,0,0,1 0 0 0
200,0,0,3,0,0,1,0 0 0 0
200,0,0,3,0,1,0,0 0 0 0
200,0,0,3,1,0,0,0 0 0 0
200,0,0,4,0,0,0,0 0 0 0
200,0,1,0,0,0,0,3 0 0 0
200,0,1,0,0,0,1,2 0 0 0
200,0,1,0,0,0,2,1 0 0 0
200,0,1,0,0,0,3,0 0 0 0
200,0,1,0,0,1,0,2 0 0 0
200,0,1,0,0,1,1,1 0 0 0
200,0,1,0,0,1,2,0 0 0 0
200,0,1,0,0,2,0,1 0 0 0
200,0,1,0,0,2,1,0 0 0 0
200,0,1,0,0,3,0,0 0 0 0
200,0,1,0,1,0,0,2 0 0 0
200,0,1,0,1,0,1,1 0 0 0
200,0,1,0,1,0,2,0 0 0 0
200,0,1,0,1,1,0,1 0 0 0
200,0,1,0,1,1,1,0 0 0 0
200,0,1,0,1,2,0,0 0 0 0
200,0,1,0,2,0,0,1 0 0 0
200,0,1,0,2,0,1,0 0 0 0
200,0,1,0,2,1,0,0 0 0 0
200,0,1,0,3,0,0,0 0 0 0
200,0,1,1,0,0,0,2 0 0 0
200,0,1,1,0,0,1,1 0 0 0
200,0,1,1,0,0,2,0 0 0 0
200,0,1,1,0,1,0,1 0 0 0
200,0,1,1,0,1,1,0 0 0 0
200,0,1,1,0,2,0,0 0 0 0
200,0,1,1,1,0,0,1 0 0 0
200,0,1,1,1,0,1,0 0 0 0
200,0,1,1,1,1,0,0 0 0 0
200,0,1,1,2,0,0,0 0 0 0
200,0,1,2,0,0,0,1 0 0 0
200,0,1,2,0,0,1,0 0 0 0
200,0,1,2,0,1,0,0 0 0 0
200,0,1,2,1,0,0,0 0 0 0
200,0,1,3,0,0,0,0 0 0 0
200,0,2,0,0,0,0,2 0 0 0
200,0,2,0,0,0,1,1 0 0 0
200,0,2,0,0,0,2,0 0 0 0
200,0,2,0,0,1,0,1 0 0 0
200,0,2,0,0,1,1,0 0 0 0
200,0,2,0,0,2,0,0 0 0 0
200,0,2,0,1,0,0,1 0 0 0
200,0,2,0,1,0,1,0 0 0 0
200,0,2,0,1,1,0,0 0 0 0
200,0,2,0,2,0,0,0 0 0 0
200,0,2,1,0,0,0,1 0 0 0
200,0,2,1,0,0,1,0 0 0 0
200,0,2,1,0,1,0,0 0 0 0
200,0,2,1,1,0,0,0 0 0 0
200,0,2,2,0,0,0,0 0 0 0
200,0,3,0,0,0,0,1 0 0 0
200,0,3,0,0,0,1,0 0 0 0
200,0,3,0,0,1,0,0 0 0 0
200,0,3,0,1,0,0,0 0 0 0
200,0,3,1,0,0,0,0 0 0 0
200,0,4,0,0,0,0,0 0 0 0
200,1,0,0,0,0,0,3 0 0 0
200,1,0,0,0,0,1,2 0 0 0
200,1,0,0,0,0,2,1 0 0 0
200,1,0,0,0,0,3,0 0 0 0
200,1,0,0,0,1,0,2 0 0 0
200,1,0,0,0,1,1,1 0 0 0
200,1,0,0,0,1,2,0 0 0 0
200,1,0,0,0,2,0,1 0 0 0
200,1,0,0,0,2,1,0 0 0 0
200,1,0,0,0,3,0,0 0 0 0
200,1,0,0,1,0,0,2 0 0 0
200,1,0,0,1,0,1,1 0 0 0
200,1,0,0,1,0,2,0 0 0 0
200,1,0,0,1,1,0,1 0 0 0
200,1,0,0,1,1,1,0 0 0 0
200,1,0,0,1,2,0,0 0 0 0
200,1,0,0,2,0,0,1 0 0 0
200,1,0,0,2,0,1,0 0 0 0
200,1,0,0,2,1,0,0 0 0 0
200,1,0,0,3,0,0,0 0 0 0
200,1,0,1,0,0,0,2 0 0 0
200,1,0,1,0,0,1,1 0 0 0
200,1,0,1,0,0,2,0 0 0 0
200,1,0,1,0,1,0,1 0 0 0
200,1,0,1,0,1,1,0 0 0 0
200,1,0,1,0,2,0,0 0 0 0
200,1,0,1,1,0,0,1 0 0 0
200,1,0,1,1,0,1,0 0 0 0
200,1,0,1,1,1,0,0 0 0 0
200,1,0,1,2,0,0,0 0 0 0
200,1,0,2,0,0,0,1 0 0 0
200,1,0,2,0,0,1,0 0 0 0
200,1,0,2,0,1,0,0 0 0 0
200,1,0,2,1,0,0,0 0 0 0
200,1,0,3,0,0,0,0 0 0 0
200,1,1,0,0,0,0,2 0 0 0
200,1,1,0,0,0,1,1 0 0 0
200,1,1,0,0,0,2,0 0 0 0
200,1,1,0,0,1,0,1 0 0 0
200,1,1,0,0,1,1,0 0 0 0
200,1,1,0,0,2,0,0 0 0 0
200,1,1,0,1,0,0,1 0 0 0
200,1,1,0,1,0,1,0 0 0 0
200,1,1,0,1,1,0,0 0 0 0
200,1,1,0,2,0,0,0 0 0 0
200,1,1,1,0,0,0,1 0 0 0
200,1,1,1,0,0,1,0 0 0 0
200,1,1,1,0,1,0,0 0 0 0
200,1,1,1,1,0,0,0 0 0 0
200,1,1,2,0,0,0,0 0 0 0
200,1,2,0,0,0,0,1 0 0 0
200,1,2,0,0,0,1,0 0 0 0
200,1,2,0,0,1,0,0 0 0 0
200,1,2,0,1,0,0,0 0 0 0
200,1,2,1,0,0,0,0 0 0 0
200,1,3,0,0,0,0,0 0 0 0
200,2,0,0,0,0,0,2 0 0 0
200,2,0,0,0,0,1,1 0 0 0
200,2,0,0,0,0,2,0 0 0 0
200,2,0,0,0,1,0,1 0 0 0
200,2,0,0,0,1,1,0 0 0 0
200,2,0,0,0,2,0,0 0 0 0
200,2,0,0,1,0,0,1 0 0 0
200,2,0,0,1,0,1,0 0 0 0
200,2,0,0,1,1,0,0 0 0 0
200,2,0,0,2,0,0,0 0 0 0
200,2,0,1,0,0,0,1 0 0 0
200,2,0,1,0,0,1,0 0 0 0
200,2,0,1,0,1,0,0 0 0 0
200,2,0,1,1,0,0,0 0 0 0
200,2,0,2,0,0,0,0 0 0 0
200,2,1,0,0,0,0,1 0 0 0
200,2,1,0,0,0,1,0 0 0 0
200,2,1,0,0,1,0,0 0 0 0
200,2,1,0,1,0,0,0 0 0 0
200,2,1,1,0,0,0,0 0 0 0
200,2,2,0,0,0,0,0 0 0 0
200,3,0,0,0,0,0,1 0 0 0
200,3,0,0,0,0,1,0 0 0 0
200,3,0,0,0,1,0,0 0 0 0
200,3,0,0,1,0,0,0 0 0 0
200,3,0,1,0,0,0,0 0 0 0
200,3,1,0,0,0,0,0 0 0 0
200,4,0,0,0,0,0,0 0 0 0
020,0,0,0,0,0,0,4 -5.9433718458345129e-16 4.8238552815912006e-17 0
020,0,0,0,0,0,1,3 -1.2949414286635326e-15 1.7777103980499628e-17 0
020,0,0,0,0,0,2,2 -2.1804864229306442e-15 4.5419600697670093e-17 0
020,0,0,0,0,0,3,1 -7.8886550070045303e-16 -1.0765111133244354e-16 0
020,0,0,0,0,0,4,0 -3.8882878037119206e-16 6.1663998560113065e-17 0
020,0,0,0,0,1,0,3 8.5126673556203255e-16 -1.3943906670281535e-16 0
020,0,0,0,0,1,1,2 -4.2221458398722031e-16 -2.5689662257275675e-16 0
020,0,0,0,0,1,2,1 -7.2459433472869123e-16 -2.8422444655002224e-16 0
020,0,0,0,0,1,3,0 1.0374679766536957e-15 1.2471713115372318e-16 0
020,0,0,0,0,2,0,2 -1.9431327827449551e-15 -1.1103384328642199e-16 0
020,0,0,0,0,2,1,1 2.1927671301164107e-16 5.1220188199585948e-17 0
020,0,0,0,0,2,2,0 -6.3718752259386228e-16 -2.389195129375867e-16 0
020,0,0,0,0,3,0,1 -1.485556287128097e-15 -1.0069056680318335e-16 0
020,0,0,0,0,3,1,0 1.465716466015131e-15 2.357919364240788e-17 0
020,0,0,0,0,4,0,0 1.8293125716389809e-17 5.6067141920756263e-17 0
020,0,0,0,1,0,0,3 9.222952753312212e-17 -7.0041250784478287e-17 0
020,0,0,0,1,0,1,2 -1.5219529739972137e-15 2.1663334267742167e-16 0
020,0,0,0,1,0,2,1 4.8973127980841728e-16 3.0460172162248276e-16 0
020,0,0,0,1,0,3,0 7.7443732015843806e-17 -5.5384927779640979e-17 0
020,0,0,0,1,1,0,2 -1.3758067063417127e-15 -2.3538795146121874e-17 0
020,0,0,0,1,1,1,1 -8.1342705631686111e-16 -6.3770644632879114e-16 0
020,0,0,0,1,1,2,0 -1.6384054081248522e-15 -2.6512120080953428e-16 0
020,0,0,0,1,2,0,1 8.2402328351454457e-16 4.7488246915754308e-16 0
020,0,0,0,1,2,1,0 -9.7845351346123578e-17 -1.8331560904350538e-16 0
020,0,0,0,1,3,0,0 -5.744865660669056e-16 -1.9318848590656577e-16 0
020,0,0,0,2,0,0,2 -1.1231792405863583e-15 -6.6191357899451778e-16 0
020,0,0,0,2,0,1,1 -8.4205916978802309e-16 -2.1428917125997093e-16 0
020,0,0,0,2,0,2,0 2.4670851028318203e-16 2.6693396299772021e-17 0
020,0,0,0,2,1,0,1 1.3780811005683312e-15 -2.9975648970382435e-16 0
020,0,0,0,2,1,1,0 -5.403833034257205e-16 4.0872060798363046e-16 0
020,0,0,0,2,2,0,0 -3.268343807281347e-15 -1.9930926123888062e-16 0
020,0,0,0,3,0,0,1 7.0132210450287932e-17 -1.2964368653319101e-17 0
020,0,0,0,3,0,1,0 1.035667184607833e-16 1.7433843878624823e-17 0
020,0,0,0,3,1,0,0 -1.1385998459680373e-15 -1.4923835116493095e-16 0
020,0,0,0,4,0,0,0 -1.7515900989483472e-15 8.4040888490897569e-19 0
020,0,0,1,0,0,0,3 -2.643147332110867e-16 -4.9180500148552247e-17 0
020,0,0,1,0,0,1,2 4.22945494796811e-16 1.8658505366948017e-16 0
020,0,0,1,0,0,2,1 1.2171304956927611e-15 -2.1505334403894738e-16 0
020,0,0,1,0,0,3,0 1.5309393860101989e-17 2.4160854045023983e-17 0
020,0,0,1,0,1,0,2 2.9705768440360677e-16 1.5086848317679547e-16 0
020,0,0,1,0,1,1,1 1.3547657422410165e-15 1.4385974651884158e-16 0
020,0,0,1,0,1,2,0 1.1690532154923131e-15 2.2249146832446148e-16 0
020,0,0,1,0,2,0,1 -2.8632796407334477e-15 3.826708361412616e-16 0
020,0,0,1,0,2,1,0 3.4815075136455252e-16 2.011888964257748e-16 0
020,0,0,1,0,3,0,0 5.5723189694197955e-16 3.438287732708291e-16 0
020,0,0,1,1,0,0,2 5.6153541018455488e-16 4.945486565838958e-17 0
020,0,0,1,1,0,1,1 3.784949784146896e-16 4.6540733506655885e-16 0
020,0,0,1,1,0,2,0 1.0757928293851637e-15 8.6583707868334581e-17 0
020,0,0,1,1,1,0,1 8.1044112393291456e-17 8.6666717097165502e-17 0
020,0,0,1,1,1,1,0 -1.7444982361881217e-16 4.0418887583670154e-16 0
020,0,0,1,1,2,0,0 -3.3693001290173701e-16 9.0632366537532526e-17 0
020,0,0,1,2,0,0,1 -7.3422848747076164e-16 3.419480478395083e-16 0
020,0,0,1,2,0,1,0 2.0425183083500748e-16 8.1910627098332606e-17 0
020,0,0,1,2,1,0,0 6.5672306697286183e-16 3.9216270205158499e-16 0
020,0,0,1,3,0,0,0 -4.6743746128289059e-16 6.4982276600761388e-17 0
020,0,0,2,0,0,0,2 -2.3796882433341215e-15 1.4410402125047961e-16 0
020,0,0,2,0,0,1,1 -4.6729113634125241e-16 -4.2148359455373985e-17 0
020,0,0,2,0,0,2,0 1.0955862952966022e-15 7.9875206926080522e-19 0
020,0,0,2,0,1,0,1 4.393187202911264e-16 -8.4350929019372245e-17 0
020,0,0,2,0,1,1,0 2.0066210520454375e-17 -7.353135366761944e-17 0
020,0,0,2,0,2,0,0 9.7905870219340725e-16 1.3979254413961641e-16 0
020,0,0,2,1,0,0,1 -1.9165983904112505e-16 3.8807661511403024e-17 0
020,0,0,2,1,0,1,0 -1.0630839470445602e-15 6.0537444740264845e-18 0
020,0,0,2,1,1,0,0 -7.6175367012473738e-16 -1.3574105320400109e-16 0
020,0,0,2,2,0,0,0 9.1474814918959813e-16 1.8039154798556428e-18 0
020,0,0,3,0,0,0,1 -1.8117018302232779e-16 7.1083004933580884e-18 0
020,0,0,3,0,0,1,0 -8.8332153278056907e-16 2.0078873663015827e-16 0
020,0,0,3,0,1,0,0 -8.8661267929712566e-17 2.8489868477603666e-16 0
020,0,0,3,1,0,0,0 -1.643358267121222e-16 1.6710541269140695e-16 0
020,0,0,4,0,0,0,0 -2.6648016509622872e-16 -3.1988569829973076e-17 0
020,0,1,0,0,0,0,3 -6.6431015283965542e-16 1.8208031992415254e-17 0
020,0,1,0,0,0,1,2 1.2858298952499181e-15 -2.5137396775665871e-16 0
020,0,1,0,0,0,2,1 -4.3736715638065249e-16 7.9411032870985165e-17 0
020,0,1,0,0,0,3,0 1.3558625793289036e-15 1.3529487859903488e-16 0
020,0,1,0,0,1,0,2 -1.3635752378301277e-15 -7.6051911960411424e-17 0
020,0,1,0,0,1,1,1 2.4973343434441658e-15 7.2433175451504239e-17 0
020,0,1,0,0,1,2,0 -5.9755463923359675e-16 1.8508008710685364e-16 0
020,0,1,0,0,2,0,1 -2.1235518328315255e-16 7.4862783581584793e-17 0
020,0,1,0,0,2,1,0 1.3031724713284763e-15 5.6030520070778642e-16 0
020,0,1,0,0,3,0,0 7.6237957453319911e-16 2.4122833284589981e-17 0
020,0,1,0,1,0,0,2 4.444963612020192e-16 -7.5387205339525698e-17 0
020,0,1,0,1,0,1,1 9.822946144941313e-16 -7.7974345182217718e-17 0
020,0,1,0,1,0,2,0 -6.3089779321959286e-16 1.6744499624573537e-16 0
020,0,1,0,1,1,0,1 -1.952473682738578e-15 -4.746551099106265e-16 0
020,0,1,0,1,1,1,0 7.1571659868148343e-16 -3.5166905872575363e-17 0
020,0,1,0,1,2,0,0 -1.829656919594581e-17 2.0617993814715052e-17 0
020,0,1,0,2,0,0,1 -1.8771469838599342e-15 -7.6075628882934544e-17 0
020,0,1,0,2,0,1,0 -1.6653175962787897e-16 -8.555540987036786e-17 0
020,0,1,0,2,1,0,0 1.6695726662893217e-15 -1.209783277245427e-16 0
020,0,1,0,3,0,0,0 6.1760708546865824e-16 1.1875759262529914e-16 0
020,0,1,1,0,0,0,2 -3.452383744726849e-16 1.0349433924699322e-16 0
020,0,1,1,0,0,1,1 -1.4226825698496745e-15 4.4393743352693705e-16 0
020,0,1,1,0,0,2,0 1.355092740881411e-15 -2.6160390996375617e-16 0
020,0,1,1,0,1,0,1 -3.3213788753893038e-16 1.4546580920718583e-16 0
020,0,1,1,0,1,1,0 1.4726320166115042e-16 -6.3374596457436786e-16 0
020,0,1,1,0,2,0,0 7.4448554601618864e-16 1.3242914864892048e-17 0
020,0,1,1,1,0,0,1 1.1115105147049831e-15 -9.8237187156659245e-17 0
020,0,1,1,1,0,1,0 4.1981663371354339e-16 -5.9968238599709955e-17 0
020,0,1,1,1,1,0,0 1.174123190166021e-16 1.2418498270461067e-16 0
020,0,1,1,2,0,0,0 -1.8786343737153127e-17 4.1404452769447896e-17 0
020,0,1,2,0,0,0,1 -5.4052899309264824e-16 8.4903194500982049e-17 0
020,0,1,2,0,0,1,0 5.0101660016912963e-16 1.9885623096099758e-16 0
020,0,1,2,0,1,0,0 -5.7351499715757245e-16 1.1524222060573658e-16 0
020,0,1,2,1,0,0,0 4.3234255693753998e-17 6.2863524268367242e-16 0
020,0,1,3,0,0,0,0 -1.068462606259625e-15 -5.3558952046073478e-17 0
020,0,2,0,0,0,0,2 1.3781615686983203e-15 -1.8279902737989781e-16 0
020,0,2,0,0,0,1,1 -5.2476740401014021e-16 -4.7884466574180107e-17 0
020,0,2,0,0,0,2,0 -1.2176945649727822e-15 8.9975227789140799e-17 0
020,0,2,0,0,1,0,1 5.0493582161607528e-16 -2.551923922828811e-16 0
020,0,2,0,0,1,1,0 -1.6692376647586826e-15 7.7320555557161552e-17 0
020,0,2,0,0,2,0,0 3.3518872492041898e-16 -2.8568303728519415e-18 0
020,0,2,0,1,0,0,1 -2.5175254915424922e-15 1.6643802608123727e-16 0
020,0,2,0,1,0,1,0 -8.5666724993962175e-16 6.6330973152907503e-17 0
020,0,2,0,1,1,0,0 2.4958584634516847e-15 -1.6333525371258324e-16 0
020,0,2,0,2,0,0,0 1.8252035354025115e-16 -3.9703780017950711e-16 0
020,0,2,1,0,0,0,1 -1.6996626649257353e-16 8.891629590953382e-17 0
020,0,2,1,0,0,1,0 1.2090089391883856e-16 9.3654212997587448e-17 0
020,0,2,1,0,1,0,0 1.082885170799277e-15 7.0292960516323804e-16 0
020,0,2,1,1,0,0,0 -8.047744735157833e-16 1.0198276684941776e-18 0
020,0,2,2,0,0,0,0 -7.1712181006801379e-16 -2.8809665766839528e-16 0
020,0,3,0,0,0,0,1 -1.7349945265199285e-16 -2.0433399303089114e-16 0
020,0,3,0,0,0,1,0 -2.7959541149327749e-16 2.2175322559117583e-16 0
020,0,3,0,0,1,0,0 -8.0208260280940913e-16 -8.6213130953910824e-18 0
020,0,3,0,1,0,0,0 7.8059678134232107e-16 3.8813463314420902e-16 0
020,0,3,1,0,0,0,0 -1.6483116995238006e-16 -1.9162144764546157e-16 0
020,0,4,0,0,0,0,0 1.4005520376260405e-15 1.1856851898960422e-16 0
020,1,0,0,0,0,0,3 9.4664846877437914e-16 2.5142256627200743e-16 0
020,1,0,0,0,0,1,2 -7.2054890537260469e-16 -4.9530251590695212e-17 0
020,1,0,0,0,0,2,1 1.5321131949935785e-17 4.4530554916231979e-16 0
020,1,0,0,0,0,3,0 -7.2701854302373303e-16 -1.2311115668572903e-16 0
020,1,0,0,0,1,0,2 1.7849271187605695e-15 4.9479551374846122e-16 0
020,1,0,0,0,1,1,1 -3.0439450330980999e-15 1.0835160757982285e-16 0
020,1,0,0,0,1,2,0 -1.559401208422323e-15 3.1443006496558422e-16 0
020,1,0,0,0,2,0,1 -7.9903328419929365e-16 2.3242312757417084e-16 0
020,1,0,0,0,2,1,0 5.3616253824955232e-16 -1.3148757138024521e-16 0
020,1,0,0,0,3,0,0 -1.520992347227844e-15 1.8912332608867814e-16 0
020,1,0,0,1,0,0,2 5.6939832653535894e-16 2.266845094097751e-16 0
020,1,0,0,1,0,1,1 2.5348355387818331e-15 1.233435300512666e-15 0
020,1,0,0,1,0,2,0 6.109658112150306e-16 5.8914009958266187e-17 0
020,1,0,0,1,1,0,1 -9.9386725766453609e-16 -6.4248461126306896e-16 0
020,1,0,0,1,1,1,0 8.9605272574643847e-16 8.1581341797851453e-17 0
020,1,0,0,1,2,0,0 1.8207346565431475e-16 3.1780848043504881e-16 0
020,1,0,0,2,0,0,1 -8.6497310507714642e-16 2.6169379366953148e-16 0
020,1,0,0,2,0,1,0 9.3351839930075342e-16 1.3340599512665779e-16 0
020,1,0,0,2,1,0,0 -4.4085142640918305e-16 4.549692951179849e-16 0
020,1,0,0,3,0,0,0 7.0014896387093212e-16 -2.462011904873359e-16 0
020,1,0,1,0,0,0,2 -7.4106616998732777e-16 1.7525266885249402e-17 0
020,1,0,1,0,0,1,1 -1.3535154851689689e-15 -1.0043867826176218e-16 0
020,1,0,1,0,0,2,0 -8.8629825073434918e-16 -6.2043338991762023e-16 0
020,1,0,1,0,1,0,1 9.0780947919849952e-16 6.5679701422219472e-17 0
020,1,0,1,0,1,1,0 5.5465346567156687e-16 -3.8805734635671623e-17 0
020,1,0,1,0,2,0,0 -1.7633616888999246e-15 -1.7440841448664716e-16 0
020,1,0,1,1,0,0,1 1.2719046735970574e-15 1.3597589308862734e-16 0
020,1,0,1,1,0,1,0 -9.7870252483908682e-16 1.7696042927447392e-16 0
020,1,0,1,1,1,0,0 -3.9177984315942604e-16 2.4372589551766282e-16 0
020,1,0,1,2,0,0,0 4.1633871643211723e-16 -5.5909468474704162e-17 0
020,1,0,2,0,0,0,1 1.6911385486428898e-15 6.9422820356962456e-17 0
020,1,0,2,0,0,1,0 8.4402428622565306e-16 1.8936946195174942e-16 0
020,1,0,2,0,1,0,0 -1.8914432059436923e-15 4.5033438377016857e-16 0
020,1,0,2,1,0,0,0 9.7936321053794517e-16 1.6381193683424541e-16 0
020,1,0,3,0,0,0,0 -4.9419798494373252e-16 -2.5336830683096896e-16 0
020,1,1,0,0,0,0,2 -3.9695860259893884e-16 -3.8201524734347847e-16 0
020,1,1,0,0,0,1,1 -2.5116898578342317e-16 -1.9315739329187065e-17 0
020,1,1,0,0,0,2,0 -4.245464656910114e-16 9.9282425813571051e-17 0
020,1,1,0,0,1,0,1 -4.5640168077135113e-16 4.407133600387806e-17 0
020,1,1,0,0,1,1,0 -5.0855519339969291e-16 3.3026576943097699e-16 0
020,1,1,0,0,2,0,0 8.6062697902478461e-16 3.1394272985333738e-16 0
020,1,1,0,1,0,0,1 6.3771218877317285e-16 4.9799500153680223e-16 0
020,1,1,0,1,0,1,0 -7.0006831335879457e-16 -1.9045936127713199e-17 0
020,1,1,0,1,1,0,0 2.3027979152795983e-16 -1.8152762070567256e-16 0
020,1,1,0,2,0,0,0 1.1411261746727824e-15 2.7257943759117012e-17 0
020,1,1,1,0,0,0,1 -4.5837173824905023e-16 1.2809052232508513e-19 0
020,1,1,1,0,0,1,0 4.3448870255421306e-16 3.8705530745865573e-16 0
020,1,1,1,0,1,0,0 -2.1529278339495746e-15 -4.4051048542751663e-17 0
020,1,1,1,1,0,0,0 4.2045699062166764e-16 1.1282140044248379e-16 0
020,1,1,2,0,0,0,0 2.6825872252722593e-16 -1.2331105646128104e-17 0
020,1,2,0,0,0,0,1 -1.2569291310896014e-16 2.6219989585551592e-16 0
020,1,2,0,0,0,1,0 -4.5638812824419506e-16 6.8169211595026091e-18 0
020,1,2,0,0,1,0,0 6.4419057924352402e-16 1.8775904056078218e-16 0
020,1,2,0,1,0,0,0 -5.9583599311065325e-16 3.560862610115221e-17 0
020,1,2,1,0,0,0,0 -6.3394850932791274e-16 2.0801420258327448e-16 0
020,1,3,0,0,0,0,0 -7.685129930438267e-17 -4.1236104971181103e-17 0
020,2,0,0,0,0,0,2 2.5482350943435185e-15 -1.7270302992333699e-16 0
020,2,0,0,0,0,1,1 -2.8424054017602007e-16 -1.4040926353455635e-16 0
020,2,0,0,0,0,2,0 -1.3580767234530264e-15 -4.0539843888538069e-16 0
020,2,0,0,0,1,0,1 -3.592224377658125e-17 -1.6361177236089738e-16 0
020,2,0,0,0,1,1,0 1.2463272432052929e-15 3.8684428805489364e-16 0
020,2,0,0,0,2,0,0 -3.5405652808080735e-15 -2.8939999652875833e-16 0
020,2,0,0,1,0,0,1 -3.2786984264913536e-16 2.422806068664983e-16 0
020,2,0,0,1,0,1,0 -4.4097421578951021e-16 -1.9183961791621756e-16 0
020,2,0,0,1,1,0,0 9.9272182253071307e-16 1.7862915647004324e-16 0
020,2,0,0,2,0,0,0 1.4638541979061434e-15 -3.8311914303198764e-16 0
020,2,0,1,0,0,0,1 -3.5071876813774176e-16 1.1447540534532275e-17 0
020,2,0,1,0,0,1,0 1.9292611398532534e-16 2.4336474223157347e-16 0
020,2,0,1,0,1,0,0 -1.5505599576840153e-15 3.4038303033129235e-18 0
020,2,0,1,1,0,0,0 7.521059648555109e-16 1.4104623231089158e-16 0
020,2,0,2,0,0,0,0 -1.3321321042786272e-15 3.6834921777247759e-17 0
020,2,1,0,0,0,0,1 4.5010653190735717e-16 -2.1081803024212281e-16 0
020,2,1,0,0,0,1,0 -3.21452391614796e-16 -6.9456701674852628e-20 0
020,2,1,0,0,1,0,0 -1.1721877198815449e-16 2.0151443210771839e-17 0
020,2,1,0,1,0,0,0 -4.5307763571768799e-16 2.6341664626188627e-17 0
020,2,1,1,0,0,0,0 -1.1805671290600944e-16 1.1675734954790166e-17 0
020,2,2,0,0,0,0,0 6.3237955182701006e-16 -1.805277085318354e-16 0
020,3,0,0,0,0,0,1 1.0586725994552598e-16 7.5218537419431599e-17 0
020,3,0,0,0,0,1,0 1.5986899846477665e-16 -1.3324294128431134e-16 0
020,3,0,0,0,1,0,0 9.5833074718291045e-16 2.484411161767907e-16 0
020,3,0,0,1,0,0,0 6.0520686096815706e-16 -3.2738729279861035e-16 0
020,3,0,1,0,0,0,0 -1.0340924242698223e-16 3.0648407475515129e-16 0
020,3,1,0,0,0,0,0 -8.0708052071468313e-17 -1.5356516751307333e-16 0
020,4,0,0,0,0,0,0 -8.7439258790664707e-16 -6.3979111658526479e-18 0
002,0,0,0,0,0,0,4 -1.3498240814479277e-15 7.1909920848337895e-17 0
002,0,0,0,0,0,1,3 1.0843376977570651e-16 4.4117541651150782e-16 0
002,0,0,0,0,0,2,2 -1.3333333333333364 1.2289431625123193e-16 0
002,0,0,0,0,0,3,1 -6.5770414288401913e-16 4.9816379320277715e-16 0
002,0,0,0,0,0,4,0 -0.16666666666666408 6.2206099646355817e-18 0
002,0,0,0,0,1,0,3 3.8267474719621067e-15 -1.9033253841277756e-16 0
002,0,0,0,0,1,1,2 5.7791770501081086e-15 -1.3546072765010728e-15 0
002,0,0,0,0,1,2,1 1.5490748603557564e-14 -2.502677427275446e-16 0
002,0,0,0,0,1,3,0 -1.0317674449186742e-15 -1.5798180905829406e-16 0
002,0,0,0,0,2,0,2 -1.3333333333333395 3.871025272246878e-17 0
002,0,0,0,0,2,1,1 5.1636568420632481e-16 4.5314187447384295e-16 0
002,0,0,0,0,2,2,0 -0.33333333333333226 4.9117323028908741e-16 0
002,0,0,0,0,3,0,1 -3.969945644415057e-15 -8.3103527420752478e-17 0
002,0,0,0,0,3,1,0 4.5792550892532937e-15 -2.0868909233853793e-16 0
002,0,0,0,0,4,0,0 -0.16666666666666841 -5.9980736471585019e-17 0
002,0,0,0,1,0,0,3 -1.0801254186282227e-16 -6.5117045312708174e-17 0
002,0,0,0,1,0,1,2 1.7990909338399032e-16 -1.6204361420267162e-16 0
002,0,0,0,1,0,2,1 -4.9569907701871801e-15 -1.8606386054981007e-16 0
002,0,0,0,1,0,3,0 4.1871697195625497e-16 4.8759368963989912e-16 0
002,0,0,0,1,1,0,2 1.1760144287198802e-15 -2.0923874621856303e-16 0
002,0,0,0,1,1,1,1 -5.6568542494923939 -1.504424715223182e-16 0
002,0,0,0,1,1,2,0 2.8064859202004454e-16 -8.1803096252026981e-16 0
002,0,0,0,1,2,0,1 -3.4702449683131768e-15 -1.095062432993616e-15 0
002,0,0,0,1,2,1,0 -4.1743811562148422e-15 -1.9020125498590003e-16 0
002,0,0,0,1,3,0,0 7.3906029198799426e-17 -4.5204354801077876e-16 0
002,0,0,0,2,0,0,2 -1.3333333333333315 8.5625713604989967e-17 0
002,0,0,0,2,0,1,1 -4.6992032660952976e-16 6.7349283702083929e-17 0
002,0,0,0,2,0,2,0 -0.66666666666666874 3.1328699400326454e-16 0
002,0,0,0,2,1,0,1 -7.6753382295680073e-15 -8.5658663186638159e-16 0
002,0,0,0,2,1,1,0 -3.9250625861499133e-15 8.0199620544878919e-17 0
002,0,0,0,2,2,0,0 -0.66666666666666863 -2.988151714016288e-16 0
002,0,0,0,3,0,0,1 1.0377796847782852e-15 4.6624250955255159e-16 0
002,0,0,0,3,0,1,0 -1.6410653489330046e-15 -6.2194558822449477e-16 0
002,0,0,0,3,1,0,0 1.0927970158012938e-15 -2.579067358321371e-16 0
002,0,0,0,4,0,0,0 2.3491234829489237e-15 -1.3227633110770638e-16 0
002,0,0,1,0,0,0,3 -5.4993365935549756e-16 -1.6812969897718549e-16 0
002,0,0,1,0,0,1,2 -1.8420663377777325e-15 1.1761261409239842e-16 0
002,0,0,1,0,0,2,1 2.8284271247462001 -1.0973222339967205e-16 0
002,0,0,1,0,0,3,0 8.4213487323433242e-16 7.9130243507561211e-17 0
002,0,0,1,0,1,0,2 -1.9506700552064064e-15 7.6147618124055733e-16 0
002,0,0,1,0,1,1,1 -4.0039550788633869e-15 -4.2631025266983251e-16 0
002,0,0,1,0,1,2,0 -2.8487870008307763e-15 7.1411259848160251e-16 0
002,0,0,1,0,2,0,1 -2.8284271247461836 -2.7756261988065096e-16 0
002,0,0,1,0,2,1,0 -1.9574631065621863e-15 4.0620633824247713e-16 0
002,0,0,1,0,3,0,0 -8.1405860354719886e-16 5.1029459633727495e-16 0
002,0,0,1,1,0,0,2 -2.2596941678942883e-15 5.0627836883747335e-16 0
002,0,0,1,1,0,1,1 -9.4585797527635407e-16 4.9927510042957479e-17 0
002,0,0,1,1,0,2,0 2.6417670134781801e-15 1.4825448269202568e-16 0
002,0,0,1,1,1,0,1 2.203695125685412e-15 -6.7403493810708204e-17 0
002,0,0,1,1,1,1,0 -1.563534729204924e-15 -4.0328000948429768e-16 0
002,0,0,1,1,2,0,0 1.3797141800906375e-15 8.1699504136229471e-17 0
002,0,0,1,2,0,0,1 1.3975366003338152e-16 -1.0901585081705967e-15 0
002,0,0,1,2,0,1,0 -3.3386650648975502e-16 -1.5449880957918438e-17 0
002,0,0,1,2,1,0,0 -3.0692281195406936e-15 8.8101527382343243e-16 0
002,0,0,1,3,0,0,0 -1.2679337831403292e-15 2.5836897759332154e-16 0
002,0,0,2,0,0,0,2 -1.3333333333333506 3.6101221838336084e-16 0
002,0,0,2,0,0,1,1 -3.3306690738754696e-15 4.1080420315475763e-16 0
002,0,0,2,0,0,2,0 -0.66666666666665186 5.5491838880060429e-16 0
002,0,0,2,0,1,0,1 -1.0668549377257364e-15 1.0234868508263162e-16 0
002,0,0,2,0,1,1,0 2.4107641881029873e-15 -2.6935139502918398e-16 0
002,0,0,2,0,2,0,0 -0.66666666666665075 -3.1380204297475436e-16 0
002,0,0,2,1,0,0,1 -2.0787408253064577e-15 -2.3143650624418699e-16 0
002,0,0,2,1,0,1,0 -2.4982321983682554e-15 -6.6805657956536119e-16 0
002,0,0,2,1,1,0,0 -8.6793602632664196e-16 -2.7631993508624511e-16 0
002,0,0,2,2,0,0,0 4.7880925976460584e-15 -7.1628705909849467e-17 0
002,0,0,3,0,0,0,1 -2.5977484052752686e-16 -2.5421830439353865e-16 0
002,0,0,3,0,0,1,0 1.3902588932510063e-15 -4.7188205491537072e-18 0
002,0,0,3,0,1,0,0 -1.3909178848839701e-15 5.641547536948204e-16 0
002,0,0,3,1,0,0,0 4.0452260681791974e-16 2.2802741038972524e-16 0
002,0,0,4,0,0,0,0 2.034145387666466e-15 2.1189683257956957e-16 0
002,0,1,0,0,0,0,3 -1.4394782837500592e-15 1.897997546889546e-16 0
002,0,1,0,0,0,1,2 -5.5348520905385001e-15 7.6537897113898579e-16 0
002,0,1,0,0,0,2,1 -2.9072881255198801e-16 3.7602841847228508e-16 0
002,0,1,0,0,0,3,0 0.66666666666666563 6.5859860967631967e-16 0
002,0,1,0,0,1,0,2 -3.366600211497997e-16 -4.280828282457981e-16 0
002,0,1,0,0,1,1,1 -8.1264069909034453e-15 -5.8481187557510306e-16 0
002,0,1,0,0,1,2,0 1.2223430817873138e-15 2.6209232267121463e-16 0
002,0,1,0,0,2,0,1 -1.9911067965835277e-15 4.3454907776513743e-17 0
002,0,1,0,0,2,1,0 -2.0000000000000142 4.2654969861126782e-16 0
002,0,1,0,0,3,0,0 3.7327153798720914e-16 -1.5005051017756002e-16 0
002,0,1,0,1,0,0,2 -3.9884639958455889e-15 -4.9577093845299804e-17 0
002,0,1,0,1,0,1,1 2.7499356115751476e-15 7.7686685080281153e-16 0
002,0,1,0,1,0,2,0 -1.9985986563284631e-16 -1.1755244162119826e-16 0
002,0,1,0,1,1,0,1 -3.7712361663282419 8.9669793980541694e-16 0
002,0,1,0,1,1,1,0 -1.9928252227581494e-15 4.1564310248920713e-18 0
002,0,1,0,1,2,0,0 -7.3473009731936402e-15 6.8842658166479048e-17 0
002,0,1,0,2,0,0,1 1.4837984356821932e-15 3.0568233220281543e-16 0
002,0,1,0,2,0,1,0 -1.333333333333327 3.3764257936861469e-16 0
002,0,1,0,2,1,0,0 -4.84957194302367e-15 -4.2886569844729789e-16 0
002,0,1,0,3,0,0,0 1.1103102690187237e-15 1.9986557659676949e-16 0
002,0,1,1,0,0,0,2 -4.7363422026533892e-15 9.5886899293662174e-17 0
002,0,1,1,0,0,1,1 -3.7712361663282885 6.2976094478726263e-17 0
002,0,1,1,0,0,2,0 -1.326935410473693e-17 1.7581308693058805e-16 0
002,0,1,1,0,1,0,1 1.9235940889037754e-15 -5.358954624891022e-16 0
002,0,1,1,0,1,1,0 4.9065494133574553e-15 -5.184781440240618e-17 0
002,0,1,1,0,2,0,0 -7.516556790779889e-16 -1.356174126195989e-16 0
002,0,1,1,1,0,0,1 5.0891907875383335e-15 6.5201208147847023e-17 0
002,0,1,1,1,0,1,0 -9.4043696441392655e-16 2.8961411719340135e-16 0
002,0,1,1,1,1,0,0 -2.6666666666666821 -1.4662563833445566e-16 0
002,0,1,1,2,0,0,0 -6.2429716344430952e-17 2.4082120778329101e-16 0
002,0,1,2,0,0,0,1 -4.7791631763161035e-15 -2.8270571647559528e-17 0
002,0,1,2,0,0,1,0 1.3333333333333173 3.0252628744134591e-16 0
002,0,1,2,0,1,0,0 -2.2353538291219888e-16 -5.0283009770920109e-16 0
002,0,1,2,1,0,0,0 -4.7260440461278919e-15 -8.3864732107648277e-17 0
002,0,1,3,0,0,0,0 -8.1259936388251852e-16 4.3848778096986993e-17 0
002,0,2,0,0,0,0,2 -1.0397227783592866e-15 7.4667648366361083e-17 0
002,0,2,0,0,0,1,1 5.1781495757907692e-16 3.1097628812315481e-16 0
002,0,2,0,0,0,2,0 -0.66666666666667018 4.4842601854000463e-16 0
002,0,2,0,0,1,0,1 3.8115635593496261e-15 -6.6387054274003043e-17 0
002,0,2,0,0,1,1,0 1.0121027280152184e-15 -4.4731471131320699e-16 0
002,0,2,0,0,2,0,0 -0.66666666666667684 -3.1782285543581132e-16 0
002,0,2,0,1,0,0,1 7.8651455642754035e-18 -6.5717251437574747e-16 0
002,0,2,0,1,0,1,0 -3.3958937815717546e-15 -9.2810246244499363e-17 0
002,0,2,0,1,1,0,0 1.4583836455711303e-15 1.4367241788417219e-16 0
002,0,2,0,2,0,0,0 -0.66666666666665542 1.756123763389187e-16 0
002,0,2,1,0,0,0,1 -2.3083371080078328e-15 -2.8318931840344315e-16 0
002,0,2,1,0,0,1,0 -5.0570270350911079e-16 3.2274335461161644e-16 0
002,0,2,1,0,1,0,0 -7.6430429709167399e-16 7.9706545324826433e-16 0
002,0,2,1,1,0,0,0 -1.1555020178535824e-15 4.0786499882778521e-16 0
002,0,2,2,0,0,0,0 -0.66666666666666896 1.0183623014954277e-16 0
002,0,3,0,0,0,0,1 -1.2397987367643304e-15 3.7886767291148149e-16 0
002,0,3,0,0,0,1,0 2.9406273423238094e-16 4.2779907220846791e-16 0
002,0,3,0,0,1,0,0 1.5443714558062427e-15 -1.3341785358791936e-16 0
002,0,3,0,1,0,0,0 -1.3551575052291085e-16 1.3983755664787491e-16 0
002,0,3,1,0,0,0,0 -1.5679671475470753e-15 8.7802628632148738e-18 0
002,0,4,0,0,0,0,0 -1.2128088789330194e-15 -1.087861354817643e-16 0
002,1,0,0,0,0,0,3 1.1335249010041223e-15 -2.4924156231194601e-16 0
002,1,0,0,0,0,1,2 1.3849191975515152e-15 3.5714297188030319e-17 0
002,1,0,0,0,0,2,1 1.2522806142750698e-15 6.2002811739014785e-17 0
002,1,0,0,0,0,3,0 5.5367494443403498e-16 -3.2352592826967452e-16 0
002,1,0,0,0,1,0,2 -4.0748976323215155e-16 6.1427337554650213e-16 0
002,1,0,0,0,1,1,1 -5.0125105888892962e-15 -1.2521518652670871e-16 0
002,1,0,0,0,1,2,0 2.0000000000000067 -3.2881141386054136e-16 0
002,1,0,0,0,2,0,1 -1.8515115317112828e-15 -2.7498522291960915e-16 0
002,1,0,0,0,2,1,0 -1.0110748535337253e-15 -1.0896972987308167e-16 0
002,1,0,0,0,3,0,0 -0.66666666666667562 5.3672156675985035e-17 0
002,1,0,0,1,0,0,2 3.026112242268057e-16 6.8527421384212798e-17 0
002,1,0,0,1,0,1,1 3.771236166328221 -2.7074490696067877e-16 0
002,1,0,0,1,0,2,0 -1.8234046708756827e-16 -1.0094978972084967e-16 0
002,1,0,0,1,1,0,1 -8.4671020990767916e-15 1.9352401947660083e-15 0
002,1,0,0,1,1,1,0 -3.1780471750781741e-16 9.2326887045939558e-17 0
002,1,0,0,1,2,0,0 -3.326972047195815e-15 -1.5193824581321216e-16 0
002,1,0,0,2,0,0,1 7.1443502155932315e-16 -1.9683859848063784e-16 0
002,1,0,0,2,0,1,0 2.4090972272627909e-15 -6.626220161757776e-16 0
002,1,0,0,2,1,0,0 1.3333333333333091 6.3214322963472611e-16 0
002,1,0,0,3,0,0,0 -2.2571547631184199e-15 -2.9801943688724259e-16 0
002,1,0,1,0,0,0,2 -1.7228139592476772e-16 -5.0103600573837192e-16 0
002,1,0,1,0,0,1,1 1.6055874883940798e-17 -1.0750399598283161e-16 0
002,1,0,1,0,0,2,0 2.5106729416245447e-15 -3.4190895522405337e-16 0
002,1,0,1,0,1,0,1 -3.7712361663282694 -1.7339828659293219e-16 0
002,1,0,1,0,1,1,0 -1.6856116236384453e-15 -1.87450394526928e-16 0
002,1,0,1,0,2,0,0 -2.1767324848252189e-15 1.0277035757624073e-16 0
002,1,0,1,1,0,0,1 5.1992915181542365e-16 4.2724341859506909e-16 0
002,1,0,1,1,0,1,0 -2.6666666666666607 -1.6222713818993262e-16 0
002,1,0,1,1,1,0,0 1.9944034488142415e-15 1.4217871536137058e-16 0
002,1,0,1,2,0,0,0 1.4087547046872512e-15 -3.0526770957513445e-16 0
002,1,0,2,0,0,0,1 -5.0395885381471217e-15 8.1247400300632489e-17 0
002,1,0,2,0,0,1,0 -1.0044319976448834e-15 -2.8174009891572538e-16 0
002,1,0,2,0,1,0,0 -1.3333333333333368 3.4827199582370891e-16 0
002,1,0,2,1,0,0,0 1.2472729554909023e-15 1.3194740439148589e-16 0
002,1,0,3,0,0,0,0 7.76254874181731e-16 -2.4826239222492004e-16 0
002,1,1,0,0,0,0,2 2.0439176067789389e-15 -1.2065137300690254e-17 0
002,1,1,0,0,0,1,1 3.541898762129958e-15 5.9315345603966341e-16 0
002,1,1,0,0,0,2,0 8.1819316946618592e-16 5.4697999601893699e-17 0
002,1,1,0,0,1,0,1 2.2080793682204003e-15 1.5047540307972646e-16 0
002,1,1,0,0,1,1,0 5.7416636549401101e-16 -5.2253123702938886e-16 0
002,1,1,0,0,2,0,0 -1.8065226472672915e-15 -3.5771810725148886e-16 0
002,1,1,0,1,0,0,1 -1.7043220376899077e-15 1.8015014989876427e-16 0
002,1,1,0,1,0,1,0 1.3797671233937398e-15 -9.2260522134765178e-17 0
002,1,1,0,1,1,0,0 4.4695576764824744e-15 1.0441372468825003e-16 0
002,1,1,0,2,0,0,0 2.0150913815179805e-15 -3.001613714526119e-16 0
002,1,1,1,0,0,0,1 5.6205749446764724e-16 -4.3037796926518531e-16 0
002,1,1,1,0,0,1,0 -2.3606539303272699e-15 -2.1964800984946322e-16 0
002,1,1,1,0,1,0,0 5.6681906120102464e-16 2.7263550850029959e-16 0
002,1,1,1,1,0,0,0 -7.0898690564258349e-16 -2.7454370699585284e-16 0
002,1,1,2,0,0,0,0 1.2023395517049562e-15 -6.2042283474356835e-16 0
002,1,2,0,0,0,0,1 2.5163654797030754e-15 -2.9596686429780861e-16 0
002,1,2,0,0,0,1,0 -1.6413194588171809e-15 -3.709326682616032e-16 0
002,1,2,0,0,1,0,0 -3.9156977898850698e-16 2.7917358908554485e-16 0
002,1,2,0,1,0,0,0 1.3720910872407061e-15 7.3589415777221581e-17 0
002,1,2,1,0,0,0,0 2.4266808892856735e-15 3.9623600282690769e-16 0
002,1,3,0,0,0,0,0 6.0340594283322946e-16 -3.7041767222967259e-16 0
002,2,0,0,0,0,0,2 -5.8301709746316592e-15 -2.0983801312214959e-16 0
002,2,0,0,0,0,1,1 -1.550734367306017e-15 3.5945706589220194e-16 0
002,2,0,0,0,0,2,0 -0.66666666666667218 1.8228487838091445e-16 0
002,2,0,0,0,1,0,1 3.7110842759815847e-16 -5.3518590926136811e-16 0
002,2,0,0,0,1,1,0 -5.0316975792105006e-16 -4.1860368253307523e-17 0
002,2,0,0,0,2,0,0 -0.66666666666667507 5.6675284197206576e-16 0
002,2,0,0,1,0,0,1 1.5393146244018093e-15 -6.1254633544785047e-17 0
002,2,0,0,1,0,1,0 -6.9424888466677016e-16 2.8303972989214054e-16 0
002,2,0,0,1,1,0,0 2.6166578992975673e-15 -1.1164953481325538e-16 0
002,2,0,0,2,0,0,0 -0.66666666666665753 -4.2733998035105608e-16 0
002,2,0,1,0,0,0,1 2.7429513626005836e-15 -4.4928048056701437e-16 0
002,2,0,1,0,0,1,0 1.0671225649064275e-15 2.483451755873995e-16 0
002,2,0,1,0,1,0,0 8.4112373965185484e-16 9.3219973796313816e-16 0
002,2,0,1,1,0,0,0 6.7824977405261944e-16 3.4687185036189755e-16 0
002,2,0,2,0,0,0,0 -0.66666666666667329 6.1414123840673046e-17 0
002,2,1,0,0,0,0,1 4.8226667884870844e-16 3.0250765271650631e-16 0
002,2,1,0,0,0,1,0 1.3945685968866361e-15 6.2236592832456972e-16 0
002,2,1,0,0,1,0,0 -3.8710591535647682e-16 7.6512062609007322e-17 0
002,2,1,0,1,0,0,0 -5.5829431189225836e-16 -8.2275402503378388e-17 0
002,2,1,1,0,0,0,0 -3.6150261543621092e-16 -4.4955735876231557e-17 0
002,2,2,0,0,0,0,0 7.8002925299469617e-16 -3.2452203901564558e-16 0
002,3,0,0,0,0,0,1 4.6942947101659589e-16 -1.101712461087619e-16 0
002,3,0,0,0,0,1,0 1.0813764705734641e-15 -6.2887622355716627e-16 0
002,3,0,0,0,1,0,0 -9.1041049346670885e-16 4.3213116927764083e-16 0
002,3,0,0,1,0,0,0 -2.0290600452803445e-15 1.0204571544058002e-16 0
002,3,0,1,0,0,0,0 9.5592722450050968e-16 -2.1191393700562125e-16 0
002,3,1,0,0,0,0,0 4.8466124099059635e-16 -9.6150097974624649e-17 0
002,4,0,0,0,0,0,0 -1.02025150260516e-15 2.0695757170589293e-16 0
110,0,0,0,0,0,0,4 0 -3.9104715304260617e-18 0
110,0,0,0,0,0,1,3 0 1.7314412233061967e-18 0
110,0,0,0,0,0,2,2 0 1.9797806955293169e-18 0
110,0,0,0,0,0,3,1 0 1.970516272668723e-18 0
110,0,0,0,0,0,4,0 0 -1.9180002299389563e-18 0
110,0,0,0,0,1,0,3 0 -0.004009376869372392 0
110,0,0,0,0,1,1,2 0 -3.9100364334238588e-18 0
110,0,0,0,0,1,2,1 0 -0.004009376869372399 0
110,0,0,0,0,1,3,0 0 -5.2921559753264617e-18 0
110,0,0,0,0,2,0,2 0 -4.4698995689599622e-18 0
110,0,0,0,0,2,1,1 0 6.5382704809130958e-18 0
110,0,0,0,0,2,2,0 0 -6.1253319929592738e-18 0
110,0,0,0,0,3,0,1 0 -0.004009376869372464 0
110,0,0,0,0,3,1,0 0 -2.8380802563168957e-18 0
110,0,0,0,0,4,0,0 0 -7.0353041436704536e-18 0
110,0,0,0,1,0,0,3 0 1.2163380626106896e-18 0
110,0,0,0,1,0,1,2 0 -0.0028350575726656902 0
110,0,0,0,1,0,2,1 0 3.293775535571085e-18 0
110,0,0,0,1,0,3,0 0 -0.0028350575726657345 0
110,0,0,0,1,1,0,2 0 -4.3736163815105213e-18 0
110,0,0,0,1,1,1,1 0 -6.2618058738274585e-18 0
110,0,0,0,1,1,2,0 0 4.7707796097609717e-18 0
110,0,0,0,1,2,0,1 0 6.018887420441221e-18 0
110,0,0,0,1,2,1,0 0 -0.0028350575726657653 0
110,0,0,0,1,3,0,0 0 1.3449321648322907e-18 0
110,0,0,0,2,0,0,2 0 7.7534984760173061e-18 0
110,0,0,0,2,0,1,1 0 -5.0671893184916399e-18 0
110,0,0,0,2,0,2,0 0 -6.138672761878529e-18 0
110,0,0,0,2,1,0,1 0 -0.0040093768693723955 0
110,0,0,0,2,1,1,0 0 1.2406187175968318e-18 0
110,0,0,0,2,2,0,0 0 -2.5468498149716759e-18 0
110,0,0,0,3,0,0,1 0 1.0541959889699902e-18 0
110,0,0,0,3,0,1,0 0 -0.0028350575726657557 0
110,0,0,0,3,1,0,0 0 5.6040824755977583e-19 0
110,0,0,0,4,0,0,0 0 6.5988023173688075e-20 0
110,0,0,1,0,0,0,3 0 -7.3629125649218679e-20 0
110,0,0,1,0,0,1,2 0 1.6693994403236505e-18 0
110,0,0,1,0,0,2,1 0 1.0367877073683781e-18 0
110,0,0,1,0,0,3,0 0 2.2645202571668555e-18 0
110,0,0,1,0,1,0,2 0 -0.0028350575726656586 0
110,0,0,1,0,1,1,1 0 -3.9151076129197273e-18 0
110,0,0,1,0,1,2,0 0 -0.0028350575726657479 0
110,0,0,1,0,2,0,1 0 -5.7540328127204102e-18 0
110,0,0,1,0,2,1,0 0 1.3078671922580788e-18 0
110,0,0,1,0,3,0,0 0 -0.0028350575726657319 0
110,0,0,1,1,0,0,2 0 -4.0921220473039317e-18 0
110,0,0,1,1,0,1,1 0 -4.8276642828758848e-18 0
110,0,0,1,1,0,2,0 0 -1.8732663024120886e-18 0
110,0,0,1,1,1,0,1 0 -2.9092339190184009e-18 0
110,0,0,1,1,1,1,0 0 -3.0905717616247258e-18 0
110,0,0,1,1,2,0,0 0 5.0782487232814739e-18 0
110,0,0,1,2,0,0,1 0 -3.0047435012662237e-18 0
110,0,0,1,2,0,1,0 0 1.7554559308498362e-18 0
110,0,0,1,2,1,0,0 0 -0.0028350575726658225 0
110,0,0,1,3,0,0,0 0 -7.9945434560086274e-19 0
110,0,0,2,0,0,0,2 0 -1.2363570830809586e-17 0
110,0,0,2,0,0,1,1 0 -2.0272674801347611e-18 0
110,0,0,2,0,0,2,0 0 -4.2535877028742827e-18 0
110,0,0,2,0,1,0,1 0 -0.0040093768693724051 0
110,0,0,2,0,1,1,0 0 -2.4301838477868906e-18 0
110,0,0,2,0,2,0,0 0 -1.5330115958568723e-17 0
110,0,0,2,1,0,0,1 0 3.2714000609737181e-18 0
110,0,0,2,1,0,1,0 0 -0.0028350575726657458 0
110,0,0,2,1,1,0,0 0 -2.6384530367767171e-18 0
110,0,0,2,2,0,0,0 0 -7.9568273287986596e-18 0
110,0,0,3,0,0,0,1 0 -5.5766266967058982e-18 0
110,0,0,3,0,0,1,0 0 2.9804243912571647e-18 0
110,0,0,3,0,1,0,0 0 -0.0028350575726657948 0
110,0,0,3,1,0,0,0 0 -2.0321412283039235e-18 0
110,0,0,4,0,0,0,0 0 -1.0362272686005927e-17 0
110,0,1,0,0,0,0,3 0 -4.6121738071384704e-18 0
110,0,1,0,0,0,1,2 0 -1.1713406869342906e-18 0
110,0,1,0,0,0,2,1 0 -4.3113977015243887e-19 0
110,0,1,0,0,0,3,0 0 1.4676963393548889e-18 0
110,0,1,0,0,1,0,2 0 1.0934811537248793e-17 0
110,0,1,0,0,1,1,1 0 -1.532589651026409e-17 0
110,0,1,0,0,1,2,0 0 -4.7566193944249303e-18 0
110,0,1,0,0,2,0,1 0 -6.8468750238443794e-18 0
110,0,1,0,0,2,1,0 0 -9.522992902633086e-18 0
110,0,1,0,0,3,0,0 0 1.6514590619269131e-18 0
110,0,1,0,1,0,0,2 0 -0.0028350575726657739 0
110,0,1,0,1,0,1,1 0 2.5857415543254786e-19 0
110,0,1,0,1,0,2,0 0 -0.0028350575726657527 0
110,0,1,0,1,1,0,1 0 2.0388424286865231e-18 0
110,0,1,0,1,1,1,0 0 -4.9945990424156836e-18 0
110,0,1,0,1,2,0,0 0 -0.0028350575726657458 0
110,0,1,0,2,0,0,1 0 -2.6423887621312444e-18 0
110,0,1,0,2,0,1,0 0 -6.544653006519555e-19 0
110,0,1,0,2,1,0,0 0 6.0287139886906299e-18 0
110,0,1,0,3,0,0,0 0 -0.0028350575726657236 0
110,0,1,1,0,0,0,2 0 2.7175947142183024e-18 0
110,0,1,1,0,0,1,1 0 -2.8112701768621637e-18 0
110,0,1,1,0,0,2,0 0 9.7395374447717212e-19 0
110,0,1,1,0,1,0,1 0 -1.4652459612022923e-18 0
110,0,1,1,0,1,1,0 0 -5.7229453303473479e-18 0
110,0,1,1,0,2,0,0 0 3.0696935323991121e-18 0
110,0,1,1,1,0,0,1 0 -9.40169513760831e-18 0
110,0,1,1,1,0,1,0 0 2.3384462091323097e-18 0
110,0,1,1,1,1,0,0 0 -8.5245660509468803e-18 0
110,0,1,1,2,0,0,0 0 -1.8760257769355655e-18 0
110,0,1,2,0,0,0,1 0 5.1883414997286065e-19 0
110,0,1,2,0,0,1,0 0 5.3438249851089741e-18 0
110,0,1,2,0,1,0,0 0 -2.5398746144563225e-18 0
110,0,1,2,1,0,0,0 0 -0.0028350575726657072 0
110,0,1,3,0,0,0,0 0 -3.658302211966821e-18 0
110,0,2,0,0,0,0,2 0 2.4292904927253334e-18 0
110,0,2,0,0,0,1,1 0 -1.3963338135487141e-18 0
110,0,2,0,0,0,2,0 0 -2.1988975310721637e-18 0
110,0,2,0,0,1,0,1 0 -0.0040093768693723972 0
110,0,2,0,0,1,1,0 0 2.7286107604613218e-18 0
110,0,2,0,0,2,0,0 0 -2.8216288747041348e-18 0
110,0,2,0,1,0,0,1 0 4.6498250876453522e-18 0
110,0,2,0,1,0,1,0 0 -0.0028350575726657072 0
110,0,2,0,1,1,0,0 0 2.4197423807139855e-18 0
110,0,2,0,2,0,0,0 0 -1.358426773053369e-17 0
110,0,2,1,0,0,0,1 0 2.9491238442166272e-18 0
110,0,2,1,0,0,1,0 0 -3.1283289252991061e-18 0
110,0,2,1,0,1,0,0 0 -0.0028350575726657861 0
110,0,2,1,1,0,0,0 0 1.6116125310493149e-19 0
110,0,2,2,0,0,0,0 0 -1.681607892739062e-17 0
110,0,3,0,0,0,0,1 0 6.2728083700101279e-19 0
110,0,3,0,0,0,1,0 0 -3.5317038735768053e-18 0
110,0,3,0,0,1,0,0 0 -1.9703442191013119e-18 0
110,0,3,0,1,0,0,0 0 -0.0028350575726657458 0
110,0,3,1,0,0,0,0 0 2.8950987472629249e-18 0
110,0,4,0,0,0,0,0 0 -2.5420252840489604e-18 0
110,1,0,0,0,0,0,3 0 -5.3551011112192969e-19 0
110,1,0,0,0,0,1,2 0 -5.7251486300510194e-18 0
110,1,0,0,0,0,2,1 0 -2.5209818092656114e-19 0
110,1,0,0,0,0,3,0 0 -1.462190625197736e-18 0
110,1,0,0,0,1,0,2 0 -5.1334497942795876e-19 0
110,1,0,0,0,1,1,1 0 9.8194809039516928e-18 0
110,1,0,0,0,1,2,0 0 -8.0632242622689053e-19 0
110,1,0,0,0,2,0,1 0 9.8202567993662675e-18 0
110,1,0,0,0,2,1,0 0 -4.6890453558242484e-18 0
110,1,0,0,0,3,0,0 0 -5.36964382526738e-18 0
110,1,0,0,1,0,0,2 0 1.3625365419696831e-17 0
110,1,0,0,1,0,1,1 0 9.8739438466133074e-18 0
110,1,0,0,1,0,2,0 0 1.0340925163917639e-17 0
110,1,0,0,1,1,0,1 0 -7.4502772922958501e-18 0
110,1,0,0,1,1,1,0 0 7.6318628791258862e-18 0
110,1,0,0,1,2,0,0 0 5.4874697778003065e-18 0
110,1,0,0,2,0,0,1 0 3.8869597486948545e-18 0
110,1,0,0,2,0,1,0 0 -4.0439205786492417e-18 0
110,1,0,0,2,1,0,0 0 -9.838453118481209e-19 0
110,1,0,0,3,0,0,0 0 5.9183639590729932e-18 0
110,1,0,1,0,0,0,2 0 -0.0028350575726657154 0
110,1,0,1,0,0,1,1 0 8.3731431668705248e-18 0
110,1,0,1,0,0,2,0 0 -0.0028350575726657644 0
110,1,0,1,0,1,0,1 0 5.253182071857743e-18 0
110,1,0,1,0,1,1,0 0 4.6705505970856562e-18 0
110,1,0,1,0,2,0,0 0 -0.0028350575726657406 0
110,1,0,1,1,0,0,1 0 1.8749934555310993e-18 0
110,1,0,1,1,0,1,0 0 2.9099287507329454e-18 0
110,1,0,1,1,1,0,0 0 8.8462003428870992e-19 0
110,1,0,1,2,0,0,0 0 -0.0028350575726657219 0
110,1,0,2,0,0,0,1 0 -6.6527820561924867e-18 0
110,1,0,2,0,0,1,0 0 -4.453805115781518e-18 0
110,1,0,2,0,1,0,0 0 -1.0133220584125706e-17 0
110,1,0,2,1,0,0,0 0 2.8790914574969685e-18 0
110,1,0,3,0,0,0,0 0 -0.0028350575726657527 0
110,1,1,0,0,0,0,2 0 -2.8743004273890614e-18 0
110,1,1,0,0,0,1,1 0 5.0504339480037658e-19 0
110,1,1,0,0,0,2,0 0 5.0517044974246472e-18 0
110,1,1,0,0,1,0,1 0 3.9322975180688859e-18 0
110,1,1,0,0,1,1,0 0 9.1680728628437333e-19 0
110,1,1,0,0,2,0,0 0 1.0251745639737204e-18 0
110,1,1,0,1,0,0,1 0 1.0661910097626726e-17 0
110,1,1,0,1,0,1,0 0 1.0859010856355868e-17 0
110,1,1,0,1,1,0,0 0 -1.083023693306586e-18 0
110,1,1,0,2,0,0,0 0 -4.3565816153044853e-18 0
110,1,1,1,0,0,0,1 0 -1.1868564111851723e-18 0
110,1,1,1,0,0,1,0 0 -9.8180810993111093e-18 0
110,1,1,1,0,1,0,0 0 4.1361889937835006e-18 0
110,1,1,1,1,0,0,0 0 4.8928858198144659e-18 0
110,1,1,2,0,0,0,0 0 -3.6603734722206538e-18 0
110,1,2,0,0,0,0,1 0 -5.1302668032824836e-18 0
110,1,2,0,0,0,1,0 0 -2.5317814793431037e-18 0
110,1,2,0,0,1,0,0 0 -5.0627688652981565e-18 0
110,1,2,0,1,0,0,0 0 5.5434172637138721e-18 0
110,1,2,1,0,0,0,0 0 -0.0028350575726656985 0
110,1,3,0,0,0,0,0 0 2.7303048263558304e-18 0
110,2,0,0,0,0,0,2 0 -1.5406301774526694e-17 0
110,2,0,0,0,0,1,1 0 -2.3947209605655172e-19 0
110,2,0,0,0,0,2,0 0 8.6702027783154166e-18 0
110,2,0,0,0,1,0,1 0 -0.0040093768693724025 0
110,2,0,0,0,1,1,0 0 -2.6465279739164597e-18 0
110,2,0,0,0,2,0,0 0 7.8095596080573219e-18 0
110,2,0,0,1,0,0,1 0 2.9743625916198724e-18 0
110,2,0,0,1,0,1,0 0 -0.0028350575726657015 0
110,2,0,0,1,1,0,0 0 1.8471241819974032e-18 0
110,2,0,0,2,0,0,0 0 -1.0220031535051921e-17 0
110,2,0,1,0,0,0,1 0 1.3966264480385851e-18 0
110,2,0,1,0,0,1,0 0 -1.7457729187585997e-18 0
110,2,0,1,0,1,0,0 0 -0.0028350575726657202 0
110,2,0,1,1,0,0,0 0 -3.6075662619152685e-19 0
110,2,0,2,0,0,0,0 0 7.0722354186507764e-18 0
110,2,1,0,0,0,0,1 0 -5.0582822376556689e-18 0
110,2,1,0,0,0,1,0 0 -4.956360351299335e-18 0
110,2,1,0,0,1,0,0 0 3.4088079956085768e-18 0
110,2,1,0,1,0,0,0 0 -0.0028350575726656651 0
110,2,1,1,0,0,0,0 0 -1.5391084245842326e-19 0
110,2,2,0,0,0,0,0 0 -1.2641463811958e-17 0
110,3,0,0,0,0,0,1 0 -9.2375064034614344e-19 0
110,3,0,0,0,0,1,0 0 -9.6901892654872044e-19 0
110,3,0,0,0,1,0,0 0 -3.3265237905845581e-18 0
110,3,0,0,1,0,0,0 0 4.5179733840082907e-18 0
110,3,0,1,0,0,0,0 0 -0.0028350575726657223 0
110,3,1,0,0,0,0,0 0 -1.3036598064407231e-18 0
110,4,0,0,0,0,0,0 0 -7.8490878811942403e-19 0
101,0,0,0,0,0,0,4 0 -6.6069893374815511e-19 0
101,0,0,0,0,0,1,3 0 9.723408838887334e-19 0
101,0,0,0,0,0,2,2 0 5.1313255944665515e-18 0
101,0,0,0,0,0,3,1 0 1.5670109524204556e-20 0
101,0,0,0,0,0,4,0 0 -3.9850782585946695e-18 0
101,0,0,0,0,1,0,3 0 -0.004009376869372412 0
101,0,0,0,0,1,1,2 0 -1.5880517802258445e-17 0
101,0,0,0,0,1,2,1 0 -0.0040093768693724233 0
101,0,0,0,0,1,3,0 0 -1.5541995790932343e-18 0
101,0,0,0,0,2,0,2 0 -3.1555104027938138e-18 0
101,0,0,0,0,2,1,1 0 1.0794746698486414e-17 0
101,0,0,0,0,2,2,0 0 3.4909933525493955e-18 0
101,0,0,0,0,3,0,1 0 -0.004009376869372314 0
101,0,0,0,0,3,1,0 0 -1.438754116902271e-18 0
101,0,0,0,0,4,0,0 0 -2.0152258242169145e-18 0
101,0,0,0,1,0,0,3 0 4.5478232069577649e-18 0
101,0,0,0,1,0,1,2 0 -0.0028350575726656837 0
101,0,0,0,1,0,2,1 0 -5.3381608775572208e-18 0
101,0,0,0,1,0,3,0 0 -0.0028350575726656803 0
101,0,0,0,1,1,0,2 0 3.4226193877018571e-18 0
101,0,0,0,1,1,1,1 0 4.3591508719552394e-18 0
101,0,0,0,1,1,2,0 0 1.1407156602710868e-17 0
101,0,0,0,1,2,0,1 0 1.5332750598518816e-17 0
101,0,0,0,1,2,1,0 0 -0.0028350575726657392 0
101,0,0,0,1,3,0,0 0 3.1203552004483943e-18 0
101,0,0,0,2,0,0,2 0 5.655539727143457e-18 0
101,0,0,0,2,0,1,1 0 -2.2339435192648104e-18 0
101,0,0,0,2,0,2,0 0 4.6106120901419703e-18 0
101,0,0,0,2,1,0,1 0 -0.0040093768693723747 0
101,0,0,0,2,1,1,0 0 5.7047139601985094e-18 0
101,0,0,0,2,2,0,0 0 3.0110284195604016e-18 0
101,0,0,0,3,0,0,1 0 2.8087414007605587e-18 0
101,0,0,0,3,0,1,0 0 -0.0028350575726656777 0
101,0,0,0,3,1,0,0 0 1.9564045714185683e-18 0
101,0,0,0,4,0,0,0 0 3.0036594810734729e-18 0
101,0,0,1,0,0,0,3 0 -4.4023692966563984e-18 0
101,0,0,1,0,0,1,2 0 4.2595881973652799e-18 0
101,0,0,1,0,0,2,1 0 -4.5496204665120411e-18 0
101,0,0,1,0,0,3,0 0 5.0143121679803746e-19 0
101,0,0,1,0,1,0,2 0 -0.002835057572665679 0
101,0,0,1,0,1,1,1 0 -2.7949279774724743e-18 0
101,0,0,1,0,1,2,0 0 -0.0028350575726657054 0
101,0,0,1,0,2,0,1 0 -1.4086424258026347e-17 0
101,0,0,1,0,2,1,0 0 2.5576736975670118e-18 0
101,0,0,1,0,3,0,0 0 -0.0028350575726657284 0
101,0,0,1,1,0,0,2 0 3.3283894964561715e-18 0
101,0,0,1,1,0,1,1 0 -2.0847598414296467e-18 0
101,0,0,1,1,0,2,0 0 -9.6063065339294269e-18 0
101,0,0,1,1,1,0,1 0 -1.0631586977021554e-17 0
101,0,0,1,1,1,1,0 0 -2.3799084719004077e-17 0
101,0,0,1,1,2,0,0 0 1.5175455517897846e-17 0
101,0,0,1,2,0,0,1 0 -6.8252856098567453e-18 0
101,0,0,1,2,0,1,0 0 -8.4473272340691288e-18 0
101,0,0,1,2,1,0,0 0 -0.0028350575726656915 0
101,0,0,1,3,0,0,0 0 2.5284661394479912e-18 0
101,0,0,2,0,0,0,2 0 -5.4653742130399662e-18 0
101,0,0,2,0,0,1,1 0 5.4464218508451512e-19 0
101,0,0,2,0,0,2,0 0 -7.7914325653186817e-18 0
101,0,0,2,0,1,0,1 0 -0.004009376869372366 0
101,0,0,2,0,1,1,0 0 -1.5848383489821985e-17 0
101,0,0,2,0,2,0,0 0 -2.5896510349973135e-18 0
101,0,0,2,1,0,0,1 0 1.6938541362717871e-18 0
101,0,0,2,1,0,1,0 0 -0.0028350575726656972 0
101,0,0,2,1,1,0,0 0 -2.3304192484680951e-18 0
101,0,0,2,2,0,0,0 0 3.6555692072229458e-18 0
101,0,0,3,0,0,0,1 0 -2.9639800406796105e-18 0
101,0,0,3,0,0,1,0 0 -4.7065915109777232e-19 0
101,0,0,3,0,1,0,0 0 -0.002835057572665734 0
101,0,0,3,1,0,0,0 0 -3.9819614420465697e-18 0
101,0,0,4,0,0,0,0 0 -2.4647070578324038e-18 0
101,0,1,0,0,0,0,3 0 -4.9162321654231626e-19 0
101,0,1,0,0,0,1,2 0 4.1625316610444454e-18 0
101,0,1,0,0,0,2,1 0 -4.1487673756515631e-18 0
101,0,1,0,0,0,3,0 0 -3.0222135558033436e-18 0
101,0,1,0,0,1,0,2 0 8.855994161339727e-18 0
101,0,1,0,0,1,1,1 0 3.026025204065988e-18 0
101,0,1,0,0,1,2,0 0 4.7433845046240819e-18 0
101,0,1,0,0,2,0,1 0 -4.2138565636921357e-18 0
101,0,1,0,0,2,1,0 0 3.9833180182511567e-18 0
101,0,1,0,0,3,0,0 0 3.070077534768112e-18 0
101,0,1,0,1,0,0,2 0 -0.0028350575726657037 0
101,0,1,0,1,0,1,1 0 -6.8489555074748512e-18 0
101,0,1,0,1,0,2,0 0 -0.0028350575726656716 0
101,0,1,0,1,1,0,1 0 6.9592173470311566e-18 0
101,0,1,0,1,1,1,0 0 4.4437350376411586e-18 0
101,0,1,0,1,2,0,0 0 -0.0028350575726656946 0
101,0,1,0,2,0,0,1 0 -1.2353479227336439e-18 0
101,0,1,0,2,0,1,0 0 -5.5565361339882102e-19 0
101,0,1,0,2,1,0,0 0 1.173094971577393e-17 0
101,0,1,0,3,0,0,0 0 -0.0028350575726657037 0
101,0,1,1,0,0,0,2 0 5.7899988192823956e-18 0
101,0,1,1,0,0,1,1 0 3.4571061200050345e-19 0
101,0,1,1,0,0,2,0 0 9.1650419955095318e-19 0
101,0,1,1,0,1,0,1 0 3.3172187147032378e-18 0
101,0,1,1,0,1,1,0 0 -3.1302378825470399e-18 0
101,0,1,1,0,2,0,0 0 5.1386744529507305e-18 0
101,0,1,1,1,0,0,1 0 2.3392667722999623e-17 0
101,0,1,1,1,0,1,0 0 -5.4083053682187077e-19 0
101,0,1,1,1,1,0,0 0 -1.6939970730816363e-17 0
101,0,1,1,2,0,0,0 0 -3.653372215516005e-18 0
101,0,1,2,0,0,0,1 0 -3.5683380485455538e-18 0
101,0,1,2,0,0,1,0 0 -3.0582124560616514e-18 0
101,0,1,2,0,1,0,0 0 9.7832305407871689e-19 0
101,0,1,2,1,0,0,0 0 -0.0028350575726657358 0
101,0,1,3,0,0,0,0 0 2.2653896174316263e-18 0
101,0,2,0,0,0,0,2 0 4.2955158337633706e-19 0
101,0,2,0,0,0,1,1 0 1.7249825970833826e-18 0
101,0,2,0,0,0,2,0 0 -2.39710324072967e-19 0
101,0,2,0,0,1,0,1 0 -0.0040093768693723201 0
101,0,2,0,0,1,1,0 0 -6.5486234734598095e-19 0
101,0,2,0,0,2,0,0 0 -5.483029556034298e-18 0
101,0,2,0,1,0,0,1 0 -6.2013629518607054e-20 0
101,0,2,0,1,0,1,0 0 -0.0028350575726657228 0
101,0,2,0,1,1,0,0 0 1.4514523884005496e-18 0
101,0,2,0,2,0,0,0 0 3.3575459586874406e-18 0
101,0,2,1,0,0,0,1 0 -2.8897106266643526e-18 0
101,0,2,1,0,0,1,0 0 1.7879837225511779e-18 0
101,0,2,1,0,1,0,0 0 -0.0028350575726657705 0
101,0,2,1,1,0,0,0 0 2.8798061415462144e-18 0
101,0,2,2,0,0,0,0 0 -7.2802217118711097e-18 0
101,0,3,0,0,0,0,1 0 -1.0029928886674984e-18 0
101,0,3,0,0,0,1,0 0 2.9176049868174375e-18 0
101,0,3,0,0,1,0,0 0 2.0638751853239079e-18 0
101,0,3,0,1,0,0,0 0 -0.0028350575726657119 0
101,0,3,1,0,0,0,0 0 7.0434927330943922e-20 0
101,0,4,0,0,0,0,0 0 3.4092017335801521e-18 0
101,1,0,0,0,0,0,3 0 -1.9976080920910597e-18 0
101,1,0,0,0,0,1,2 0 -3.3020520657524831e-18 0
101,1,0,0,0,0,2,1 0 -1.9149932629762036e-17 0
101,1,0,0,0,0,3,0 0 -6.774145995666267e-19 0
101,1,0,0,0,1,0,2 0 -8.0461512544258108e-19 0
101,1,0,0,0,1,1,1 0 1.1305136988766333e-17 0
101,1,0,0,0,1,2,0 0 1.4495380705481248e-18 0
101,1,0,0,0,2,0,1 0 1.3840518358135268e-17 0
101,1,0,0,0,2,1,0 0 -8.9842402435099484e-19 0
101,1,0,0,0,3,0,0 0 1.4438001254339976e-18 0
101,1,0,0,1,0,0,2 0 3.2155308160001e-18 0
101,1,0,0,1,0,1,1 0 -3.8865597104685497e-18 0
101,1,0,0,1,0,2,0 0 9.0399370455652495e-18 0
101,1,0,0,1,1,0,1 0 5.3360029863891554e-19 0
101,1,0,0,1,1,1,0 0 -1.0957222059645535e-17 0
101,1,0,0,1,2,0,0 0 9.7822551505355416e-19 0
101,1,0,0,2,0,0,1 0 -3.9456846091024441e-19 0
101,1,0,0,2,0,1,0 0 -5.3722535284011965e-18 0
101,1,0,0,2,1,0,0 0 -1.7529082145631729e-18 0
101,1,0,0,3,0,0,0 0 -8.3212715261609478e-19 0
101,1,0,1,0,0,0,2 0 -0.0028350575726657059 0
101,1,0,1,0,0,1,1 0 -1.719592840276399e-17 0
101,1,0,1,0,0,2,0 0 -0.0028350575726657041 0
101,1,0,1,0,1,0,1 0 9.3988538696773892e-18 0
101,1,0,1,0,1,1,0 0 2.5883553007461715e-17 0
101,1,0,1,0,2,0,0 0 -0.0028350575726656625 0
101,1,0,1,1,0,0,1 0 3.8910046618902388e-18 0
101,1,0,1,1,0,1,0 0 -4.8166528545615789e-18 0
101,1,0,1,1,1,0,0 0 1.1949517303390042e-18 0
101,1,0,1,2,0,0,0 0 -0.0028350575726656954 0
101,1,0,2,0,0,0,1 0 4.8702276884754134e-18 0
101,1,0,2,0,0,1,0 0 -6.6533379215641224e-18 0
101,1,0,2,0,1,0,0 0 -1.5327908213513819e-17 0
101,1,0,2,1,0,0,0 0 4.393983413881683e-20 0
101,1,0,3,0,0,0,0 0 -0.0028350575726656846 0
101,1,1,0,0,0,0,2 0 -1.0431210745436709e-18 0
101,1,1,0,0,0,1,1 0 7.1303233499867003e-18 0
101,1,1,0,0,0,2,0 0 9.1022160511947114e-18 0
101,1,1,0,0,1,0,1 0 -1.2994279504269018e-18 0
101,1,1,0,0,1,1,0 0 -3.9598790284138541e-19 0
101,1,1,0,0,2,0,0 0 4.5609415487193861e-19 0
101,1,1,0,1,0,0,1 0 2.4852112781926973e-18 0
101,1,1,0,1,0,1,0 0 1.4457602193648402e-17 0
101,1,1,0,1,1,0,0 0 -3.8555294947432299e-18 0
101,1,1,0,2,0,0,0 0 4.2942452843424891e-18 0
101,1,1,1,0,0,0,1 0 -4.1324298900755182e-18 0
101,1,1,1,0,0,1,0 0 -9.3052901669550916e-18 0
101,1,1,1,0,1,0,0 0 6.2304228781820043e-18 0
101,1,1,1,1,0,0,0 0 1.4627200207897699e-18 0
101,1,1,2,0,0,0,0 0 -2.9705445460208313e-18 0
101,1,2,0,0,0,0,1 0 -3.3991432173315073e-18 0
101,1,2,0,0,0,1,0 0 1.0782729418547243e-18 0
101,1,2,0,0,1,0,0 0 -7.4437255404707914e-18 0
101,1,2,0,1,0,0,0 0 9.3319092366865217e-18 0
101,1,2,1,0,0,0,0 0 -0.0028350575726657206 0
101,1,3,0,0,0,0,0 0 4.8478871944915812e-18 0
101,2,0,0,0,0,0,2 0 -1.9710721380403586e-18 0
101,2,0,0,0,0,1,1 0 1.7309118277141627e-18 0
101,2,0,0,0,0,2,0 0 -6.8250738516199318e-18 0
101,2,0,0,0,1,0,1 0 -0.0040093768693724068 0
101,2,0,0,0,1,1,0 0 -2.8770003449084345e-18 0
101,2,0,0,0,2,0,0 0 -1.4522031637637094e-17 0
101,2,0,0,1,0,0,1 0 2.282472011211051e-18 0
101,2,0,0,1,0,1,0 0 -0.0028350575726657037 0
101,2,0,0,1,1,0,0 0 6.3645447465965317e-18 0
101,2,0,0,2,0,0,0 0 5.6534684668896242e-18 0
101,2,0,1,0,0,0,1 0 -1.0539299151846604e-17 0
101,2,0,1,0,0,1,0 0 8.8752468532606679e-18 0
101,2,0,1,0,1,0,0 0 -0.0028350575726656738 0
101,2,0,1,1,0,0,0 0 5.9806878823258011e-18 0
101,2,0,2,0,0,0,0 0 -3.6967958889525887e-18 0
101,2,1,0,0,0,0,1 0 -2.2790480237061018e-18 0
101,2,1,0,0,0,1,0 0 -8.0722239873334822e-19 0
101,2,1,0,0,1,0,0 0 2.6695037426107326e-18 0
101,2,1,0,1,0,0,0 0 -0.0028350575726656703 0
101,2,1,1,0,0,0,0 0 6.0519706133967803e-18 0
101,2,2,0,0,0,0,0 0 4.9318493353881637e-19 0
101,3,0,0,0,0,0,1 0 -2.3397101411082907e-18 0
101,3,0,0,0,0,1,0 0 2.4262597029609391e-18 0
101,3,0,0,0,1,0,0 0 -8.7783467172393743e-18 0
101,3,0,0,1,0,0,0 0 2.045520906038542e-18 0
101,3,0,1,0,0,0,0 0 -0.0028350575726656933 0
101,3,1,0,0,0,0,0 0 1.7301442041057135e-18 0
101,4,0,0,0,0,0,0 0 8.7838309247006009e-19 0
011,0,0,0,0,0,0,4 4.156753837552987e-16 3.3997911975361568e-16 0
011,0,0,0,0,0,1,3 -3.9061186942845709e-15 7.9333783466195573e-16 0
011,0,0,0,0,0,2,2 0.99999999999999345 0.1289107864784842 0
011,0,0,0,0,0,3,1 -5.636272427510941e-15 1.0794858930351925e-15 0
011,0,0,0,0,0,4,0 0.12499999999999549 0.015962543556105192 0
011,0,0,0,0,1,0,3 5.4108299499179991e-15 -0.0040093768693734103 0
011,0,0,0,0,1,1,2 1.0172865696524147e-16 -9.819483550929653e-16 0
011,0,0,0,0,1,2,1 5.7346654687298951e-15 -0.0040093768693740739 0
011,0,0,0,0,1,3,0 1.8074683595529009e-15 -1.2239964901003542e-16 0
011,0,0,0,0,2,0,2 0.99999999999999345 0.12891078647848367 0
011,0,0,0,0,2,1,1 -2.5084738854917439e-15 1.7165165027755759e-15 0
011,0,0,0,0,2,2,0 0.24999999999998965 0.031925087112209996 0
011,0,0,0,0,3,0,1 2.7836106876042422e-15 -0.0040093768693730322 0
011,0,0,0,0,3,1,0 2.8421386525562646e-15 -6.7241104359829754e-16 0
011,0,0,0,0,4,0,0 0.12500000000000261 0.01596254355610411 0
011,0,0,0,1,0,0,3 -7.4563083277994238e-16 3.6107340921637227e-18 0
011,0,0,0,1,0,1,2 -1.5942291851249114e-15 -0.0028350575726648359 0
011,0,0,0,1,0,2,1 1.1497410440441607e-15 4.3632891181679768e-16 0
011,0,0,0,1,0,3,0 -2.9604991656428314e-15 -0.0028350575726657241 0
011,0,0,0,1,1,0,2 2.2484439349087931e-15 -5.1973962036204654e-16 0
011,0,0,0,1,1,1,1 4.2426406871192865 0.53851858480401626 0
011,0,0,0,1,1,2,0 3.4892436254973283e-15 -8.1653182592920453e-16 0
011,0,0,0,1,2,0,1 -1.8267718171362653e-15 -3.2358784091887701e-16 0
011,0,0,0,1,2,1,0 -7.4054103846532646e-15 -0.0028350575726659687 0
011,0,0,0,1,3,0,0 3.9620259292495331e-15 -9.603253157811084e-16 0
011,0,0,0,2,0,0,2 1.0000000000000033 0.12615974695776425 0
011,0,0,0,2,0,1,1 -4.8562499507798229e-15 9.1332174570642188e-16 0
011,0,0,0,2,0,2,0 0.4999999999999894 0.062474654464060794 0
011,0,0,0,2,1,0,1 2.7344934042800029e-16 -0.0040093768693727199 0
011,0,0,0,2,1,1,0 1.1087492720002288e-14 -9.2578795310763705e-16 0
011,0,0,0,2,2,0,0 0.49999999999999201 0.062474654464058026 0
011,0,0,0,3,0,0,1 2.5001566572244172e-15 2.7838796602696649e-18 0
011,0,0,0,3,0,1,0 -3.0948034323500899e-15 -0.0028350575726652475 0
011,0,0,0,3,1,0,0 3.6221838800629504e-15 -7.7583805456234308e-16 0
011,0,0,0,4,0,0,0 2.6764808853461643e-15 -3.0122929471064236e-16 0
011,0,0,1,0,0,0,3 3.3732784298834152e-15 -3.1974343467661384e-16 0
011,0,0,1,0,0,1,2 -1.0521116192501561e-15 4.7038420344176828e-16 0
011,0,0,1,0,0,2,1 -2.121320343559645 -0.26925929240201135 0
011,0,0,1,0,0,3,0 -4.0847829371924093e-16 8.3139853147208501e-17 0
011,0,0,1,0,1,0,2 -4.9704166030871423e-15 -0.0028350575726635873 0
011,0,0,1,0,1,1,1 3.7149112716360258e-15 1.6009440332244412e-16 0
011,0,0,1,0,1,2,0 -8.8649872128939719e-15 -0.0028350575726633345 0
011,0,0,1,0,2,0,1 2.1213203435596619 0.26925929240201069 0
011,0,0,1,0,2,1,0 -1.8631566633285819e-15 9.985779364815734e-16 0
011,0,0,1,0,3,0,0 -8.1225993696991032e-15 -0.0028350575726642465 0
011,0,0,1,1,0,0,2 -4.7482634144002667e-15 7.2569039536243829e-16 0
011,0,0,1,1,0,1,1 5.5858095926453188e-16 5.4885024476647448e-16 0
011,0,0,1,1,0,2,0 -1.9373337569600357e-16 1.1987210269542858e-16 0
011,0,0,1,1,1,0,1 -8.0914008132593196e-16 1.5169004832608912e-16 0
011,0,0,1,1,1,1,0 -1.0531499446391618e-15 1.2214723319175363e-15 0
011,0,0,1,1,2,0,0 -1.6093293537399909e-15 4.6090281385306048e-16 0
011,0,0,1,2,0,0,1 7.8181818657929725e-16 -4.5136183473518804e-16 0
011,0,0,1,2,0,1,0 -1.4608269021526565e-15 6.4386023639409484e-16 0
011,0,0,1,2,1,0,0 -8.6945208824728507e-15 -0.0028350575726638358 0
011,0,0,1,3,0,0,0 -3.7606115629569645e-15 5.5002317364018487e-16 0
011,0,0,2,0,0,0,2 0.99999999999999589 0.12615974695776577 0
011,0,0,2,0,0,1,1 -3.5145497623290112e-15 1.1199808441775261e-15 0
011,0,0,2,0,0,2,0 0.50000000000000278 0.062474654464060662 0
011,0,0,2,0,1,0,1 5.3659333920652585e-15 -0.004009376869372778 0
011,0,0,2,0,1,1,0 6.6079886246010744e-15 -8.1705814531686516e-16 0
011,0,0,2,0,2,0,0 0.49999999999999872 0.06247465446406017 0
011,0,0,2,1,0,0,1 -9.0162252663894549e-16 5.7354294924483185e-17 0
011,0,0,2,1,0,1,0 -1.2690857479485951e-15 -0.0028350575726657696 0
011,0,0,2,1,1,0,0 5.5075352779895489e-15 -6.5233988322905764e-16 0
011,0,0,2,2,0,0,0 1.9882006265414982e-15 -3.7735571910063256e-16 0
011,0,0,3,0,0,0,1 1.9810542095655137e-15 -6.2902699542177754e-16 0
011,0,0,3,0,0,1,0 -4.3488467221883959e-15 5.5579083273627622e-16 0
011,0,0,3,0,1,0,0 -8.9047675889920505e-15 -0.00283505757266423 0
011,0,0,3,1,0,0,0 -1.9268788292920759e-15 4.462275445254061e-16 0
011,0,0,4,0,0,0,0 -1.4115291611059826e-15 2.7497495264512369e-16 0
011,0,1,0,0,0,0,3 -1.8611998945619775e-15 6.2521365309323867e-16 0
011,0,1,0,0,0,1,2 -6.9426750589837716e-15 1.401439728154763e-15 0
011,0,1,0,0,0,2,1 -6.6796340594116321e-16 8.9942701723966234e-16 0
011,0,1,0,0,0,3,0 -0.49999999999999223 -0.061508511654261099 0
011,0,1,0,0,1,0,2 -1.4125409419614779e-15 -1.0971194249311325e-16 0
011,0,1,0,0,1,1,1 2.2937753855600124e-15 9.5843472047718592e-16 0
011,0,1,0,0,1,2,0 -8.9643868500174917e-16 2.0170903792735007e-16 0
011,0,1,0,0,2,0,1 -3.8484062103025176e-15 4.0419099341906968e-16 0
011,0,1,0,0,2,1,0 1.4999999999999813 0.18452553496278709 0
011,0,1,0,0,3,0,0 -1.7533840088515134e-15 -2.7130330304679271e-16 0
011,0,1,0,1,0,0,2 3.478974526707135e-15 -0.0028350575726657904 0
011,0,1,0,1,0,1,1 -2.1815539257450596e-15 5.5369288607279177e-16 0
011,0,1,0,1,0,2,0 -2.0460664023772878e-16 -0.0028350575726657804 0
011,0,1,0,1,1,0,1 2.8284271247461472 0.34576594600847588 0
011,0,1,0,1,1,1,0 -1.570795273384581e-15 3.7660784822601607e-16 0
011,0,1,0,1,2,0,0 -5.0491791195816117e-15 -0.0028350575726652926 0
011,0,1,0,2,0,0,1 2.3823716437110232e-15 3.4787516088792027e-16 0
011,0,1,0,2,0,1,0 0.99999999999997924 0.12026598378780676 0
011,0,1,0,2,1,0,0 -2.919282112053001e-16 1.0825292824146772e-16 0
011,0,1,0,3,0,0,0 1.3088289573502405e-16 -0.0028350575726657804 0
011,0,1,1,0,0,0,2 -3.0717629355223662e-15 5.3247766653253433e-16 0
011,0,1,1,0,0,1,1 2.828427124746161 0.34576594600847327 0
011,0,1,1,0,0,2,0 -5.7148951170776986e-15 2.5167587693159148e-16 0
011,0,1,1,0,1,0,1 7.6891687458767606e-16 -9.1879136167483437e-16 0
011,0,1,1,0,1,1,0 2.2670037456403346e-15 -3.9824439269108995e-16 0
011,0,1,1,0,2,0,0 -1.8977913841591048e-15 1.4917175918798412e-16 0
011,0,1,1,1,0,0,1 3.8040317423826409e-15 -6.5126669248488644e-17 0
011,0,1,1,1,0,1,0 5.0351704142942433e-15 3.7020083179517549e-16 0
011,0,1,1,1,1,0,0 1.9999999999999927 0.2405319675756086 0
011,0,1,1,2,0,0,0 5.4294134292642848e-16 2.7838754251049286e-16 0
011,0,1,2,0,0,0,1 -3.9586389721790738e-15 6.4725514444669008e-16 0
011,0,1,2,0,0,1,0 -1.0000000000000113 -0.12026598378780376 0
011,0,1,2,0,1,0,0 -1.0405156011979166e-15 -1.8046883974200123e-17 0
011,0,1,2,1,0,0,0 -3.0545363330705677e-16 -0.0028350575726650484 0
011,0,1,3,0,0,0,0 -1.3926068685807952e-16 2.444587907752746e-16 0
011,0,2,0,0,0,0,2 -1.8264774729551819e-15 1.0332107890607956e-16 0
011,0,2,0,0,0,1,1 -7.5373057404834465e-15 9.9901098678245592e-16 0
011,0,2,0,0,0,2,0 0.4999999999999955 0.05916684908410471 0
011,0,2,0,0,1,0,1 1.2324046473545687e-14 -0.004009376869373125 0
011,0,2,0,0,1,1,0 3.7519121110721892e-15 -6.6065181754046409e-16 0
011,0,2,0,0,2,0,0 0.49999999999999684 0.059166849084104189 0
011,0,2,0,1,0,0,1 6.5331445398193196e-16 2.9180906127183066e-16 0
011,0,2,0,1,0,1,0 -5.9579562950844698e-15 -0.0028350575726658537 0
011,0,2,0,1,1,0,0 3.429417285689037e-15 -4.1168116465109067e-16 0
011,0,2,0,2,0,0,0 0.50000000000000955 0.057791329323745005 0
011,0,2,1,0,0,0,1 5.8579727728899713e-16 -3.5335306419319394e-16 0
011,0,2,1,0,0,1,0 -3.3391883007454823e-15 7.9780374892291928e-16 0
011,0,2,1,0,1,0,0 -7.7769778369915204e-15 -0.002835057572664008 0
011,0,2,1,1,0,0,0 -4.0065878132572452e-15 6.1134602968079127e-16 0
011,0,2,2,0,0,0,0 0.499999999999997 0.057791329323745498 0
011,0,3,0,0,0,0,1 -2.4436934409604455e-15 4.3925095765534605e-16 0
011,0,3,0,0,0,1,0 -9.3038776552770153e-15 1.3717054835743481e-15 0
011,0,3,0,0,1,0,0 2.3552437195093097e-15 -8.2785612132846298e-17 0
011,0,3,0,1,0,0,0 6.8306114343723074e-16 -0.0028350575726656443 0
011,0,3,1,0,0,0,0 1.6087665108325105e-16 -1.7477671911864326e-17 0
011,0,4,0,0,0,0,0 -2.6679098383622368e-15 -5.1713055495769544e-17 0
011,1,0,0,0,0,0,3 4.2383173929011822e-15 -6.1343481292872037e-16 0
011,1,0,0,0,0,1,2 9.434222473332296e-15 -1.6128828687119595e-15 0
011,1,0,0,0,0,2,1 2.7800570005787062e-15 -9.0499710590080662e-16 0
011,1,0,0,0,0,3,0 6.6474468074159687e-15 -1.2038845398007481e-15 0
011,1,0,0,0,1,0,2 3.5610387421225898e-16 1.518535256849092e-16 0
011,1,0,0,0,1,1,1 2.6370278641382923e-15 2.5496708151891145e-16 0
011,1,0,0,0,1,2,0 -1.5000000000000007 -0.18452553496278842 0
011,1,0,0,0,2,0,1 2.1009041305856361e-15 -9.0538928215538536e-17 0
011,1,0,0,0,2,1,0 9.5865984065874243e-15 -1.2479499465739953e-15 0
011,1,0,0,0,3,0,0 0.49999999999999123 0.061508511654261869 0
011,1,0,0,1,0,0,2 6.1424074148236139e-15 -8.5647913963733907e-16 0
011,1,0,0,1,0,1,1 -2.8284271247461605 -0.34576594600847493 0
011,1,0,0,1,0,2,0 3.5763930819970195e-15 -2.4134703335328003e-17 0
011,1,0,0,1,1,0,1 -4.6222225989789725e-15 -7.9111912441148934e-16 0
011,1,0,0,1,1,1,0 -1.567718997882958e-15 5.7181276301717673e-16 0
011,1,0,0,1,2,0,0 3.2243362817762806e-15 -1.7482984792930331e-16 0
011,1,0,0,2,0,0,1 3.7590644572788046e-15 -1.4606058265534232e-15 0
011,1,0,0,2,0,1,0 6.0143980995606278e-15 -1.2418078989152176e-15 0
011,1,0,0,2,1,0,0 -0.9999999999999909 -0.12026598378780531 0
011,1,0,0,3,0,0,0 1.9155220232935271e-15 -3.1966599912903668e-17 0
011,1,0,1,0,0,0,2 3.0598349243764455e-15 -0.0028350575726666873 0
011,1,0,1,0,0,1,1 -6.3056939399322694e-16 -1.7494039173586815e-16 0
011,1,0,1,0,0,2,0 2.2771189658843328e-15 -0.0028350575726658624 0
011,1,0,1,0,1,0,1 2.8284271247462058 0.34576594600847688 0
011,1,0,1,0,1,1,0 2.1213628529940763e-15 5.1946949724330725e-16 0
011,1,0,1,0,2,0,0 -2.7387366457600117e-15 -0.0028350575726657314 0
011,1,0,1,1,0,0,1 4.6076423926288967e-15 -1.5173409403934635e-16 0
011,1,0,1,1,0,1,0 1.9999999999999893 0.24053196757561099 0
011,1,0,1,1,1,0,0 -3.6504680571772252e-15 -7.2924115747732832e-16 0
011,1,0,1,2,0,0,0 2.4124497836680234e-15 -0.0028350575726659014 0
011,1,0,2,0,0,0,1 6.2580149395863316e-16 2.9036289431877416e-16 0
011,1,0,2,0,0,1,0 1.2983524303421257e-14 -1.4556362842518822e-15 0
011,1,0,2,0,1,0,0 1.0000000000000004 0.12026598378780563 0
011,1,0,2,1,0,0,0 -3.019130355875338e-16 -2.0983293092446606e-16 0
011,1,0,3,0,0,0,0 9.8845356812787832e-17 -0.0028350575726658351 0
011,1,1,0,0,0,0,2 3.5685277839257387e-15 -1.1302739885525603e-15 0
011,1,1,0,0,0,1,1 -2.3796882433341215e-16 -5.7394952505951391e-16 0
011,1,1,0,0,0,2,0 1.4105605789307973e-15 -7.3538722854260552e-16 0
011,1,1,0,0,1,0,1 -3.513440149168108e-15 -1.1483733885694902e-16 0
011,1,1,0,0,1,1,0 6.298672521054538e-16 -3.2964150614885057e-16 0
011,1,1,0,0,2,0,0 6.0297360662903902e-15 -8.1581999490621619e-16 0
011,1,1,0,1,0,0,1 -3.127036949248831e-15 -9.8804849857102859e-16 0
011,1,1,0,1,0,1,0 1.9931629488625104e-16 -4.6467086275867908e-16 0
011,1,1,0,1,1,0,0 -4.3718571547013077e-16 -4.5356600272789365e-16 0
011,1,1,0,2,0,0,0 6.6235164325901402e-15 -9.4415289795353116e-16 0
011,1,1,1,0,0,0,1 8.6844783582427518e-16 -4.1622841396157851e-16 0
011,1,1,1,0,0,1,0 4.1399933973709189e-15 8.9577924701255377e-17 0
011,1,1,1,0,1,0,0 -4.7537187972143717e-15 1.5347133978776993e-16 0
011,1,1,1,1,0,0,0 -3.3735899273787395e-15 2.9652251791120743e-16 0
011,1,1,2,0,0,0,0 3.8071013897834904e-15 -7.641219742452604e-16 0
011,1,2,0,0,0,0,1 2.5264993818840259e-15 -2.6522295644426652e-16 0
011,1,2,0,0,0,1,0 6.6818295688109153e-15 -1.4256309891283458e-15 0
011,1,2,0,0,1,0,0 -1.2121363347728994e-15 1.7520537700776301e-16 0
011,1,2,0,1,0,0,0 9.4169957188150963e-17 -4.2348083902555639e-16 0
011,1,2,1,0,0,0,0 1.6316206149823608e-15 -0.0028350575726659995 0
011,1,3,0,0,0,0,0 3.4606259508409079e-15 -5.9137468685042938e-16 0
011,2,0,0,0,0,0,2 3.4469794030276939e-17 8.1582613589508378e-16 0
011,2,0,0,0,0,1,1 -8.2123266249411325e-15 9.3129917297894715e-16 0
011,2,0,0,0,0,2,0 0.49999999999998485 0.059166849084105452 0
011,2,0,0,0,1,0,1 8.1594729337027667e-15 -0.0040093768693734572 0
011,2,0,0,0,1,1,0 4.1387939862141173e-15 -4.0494527625859963e-16 0
011,2,0,0,0,2,0,0 0.4999999999999904 0.059166849084104307 0
011,2,0,0,1,0,0,1 -6.6304352263961258e-15 1.0036807100897903e-16 0
011,2,0,0,1,0,1,0 -1.2866860835482852e-15 -0.0028350575726654127 0
011,2,0,0,1,1,0,0 3.9264686901523238e-15 -7.3523846446552945e-16 0
011,2,0,0,2,0,0,0 0.50000000000000766 0.057791329323744652 0
011,2,0,1,0,0,0,1 1.6883199389383252e-15 -4.0070132748397389e-16 0
011,2,0,1,0,0,1,0 -4.3835658241655661e-15 7.4172458044253382e-16 0
011,2,0,1,0,1,0,0 -1.1960330607766988e-14 -0.0028350575726647123 0
011,2,0,1,1,0,0,0 -2.6759363225704186e-15 6.6080428347096987e-17 0
011,2,0,2,0,0,0,0 0.499999999999997 0.057791329323745949 0
011,2,1,0,0,0,0,1 -1.9453873462225296e-15 5.555113118636823e-16 0
011,2,1,0,0,0,1,0 -6.2010570560811634e-15 1.5828674091930561e-15 0
011,2,1,0,0,1,0,0 1.3114733942115684e-15 -1.3355295534300642e-16 0
011,2,1,0,1,0,0,0 2.3264777076690086e-15 -0.0028350575726656503 0
011,2,1,1,0,0,0,0 -1.7197553799511466e-15 1.8223179962348014e-16 0
011,2,2,0,0,0,0,0 -1.0127972950319669e-16 9.9094384499280597e-17 0
011,3,0,0,0,0,0,1 2.9103782075905822e-15 -5.7073334095878933e-16 0
011,3,0,0,0,0,1,0 8.2427444251099817e-15 -1.332676322947238e-15 0
011,3,0,0,0,1,0,0 9.0364730595979769e-17 9.0563968627041741e-17 0
011,3,0,0,1,0,0,0 1.4562742024072035e-15 -1.124965767997549e-16 0
011,3,0,1,0,0,0,0 2.4080095624898256e-15 -0.0028350575726662146 0
011,3,1,0,0,0,0,0 3.143333126271841e-15 -5.1879031601784024e-16 0
011,4,0,0,0,0,0,0 9.7268552041914749e-17 2.4477134593281144e-18 0
