# Analiza Kluczowych Niewiadomych - Raport
**Autor:** Krzysztof Żuchowski

**Data wygenerowania:** 2025-11-14 05:09:14

**Plik:** `87_ANALIZA_KLUCZOWYCH_NIEWIADOMYCH.py`

---

## Analiza 1: Hierarchia Mas Leptonów

--- Analiza 1: Hierarchia Mas Leptonów ---
Metoda bazowa (symetryczna): Siła sprzężenia dla każdej z 8 oktaw.
[2.722  3.0305 3.1042 3.2416 3.2416 3.1042 3.0305 2.722 ]
Wniosek: Siły są bardzo podobne, co uniemożliwia generację hierarchii O(100).

--- Analiza 1: Hierarchia Mas Leptonów ---
Test hipotezy (anharmonicznej) z epsilon = 0.0073
Metoda anharmoniczna: Siła sprzężenia dla każdej z 8 oktaw.
[2.7123 3.0344 3.0981 3.2484 3.2484 3.0981 3.0344 2.7123]
Stosunek max/min siły: 1.1977
Wniosek: Anharmoniczność łamie symetrię. Należy zbadać, czy ten efekt jest wystarczająco silny.


---

## Analiza 2: Dynamika Fazowa


--- Analiza 2: Dynamika Fazowa i Kąty CKM ---
Macierz interferencji Im(S_ik * S_kj):
[[-0.7209 -0.0608  0.071  -1.2776 -0.7407  1.8464  1.9668 -0.664 ]
 [-0.0608 -0.415  -1.2767 -0.2387 -0.2583 -0.5525  0.3515  1.9668]
 [ 0.071  -1.2767 -0.6287 -0.2734 -0.1085 -1.1655 -0.5525  1.8464]
 [-1.2776 -0.2387 -0.2734 -0.4541 -1.1696 -0.1085 -0.2583 -0.7407]
 [-0.7407 -0.2583 -0.1085 -1.1696 -0.4541 -0.2734 -0.2387 -1.2776]
 [ 1.8464 -0.5525 -1.1655 -0.1085 -0.2734 -0.6287 -1.2767  0.071 ]
 [ 1.9668  0.3515 -0.5525 -0.2583 -0.2387 -1.2767 -0.415  -0.0608]
 [-0.664   1.9668  1.8464 -0.7407 -1.2776  0.071  -0.0608 -0.7209]]
Wniosek: Niezerowe wartości wskazują na złożoną dynamikę fazową.
Należy zbadać, czy wzorce w tej macierzy grupują oktawy w rodziny.


---

## Analiza 2a: Klasteryzacja Oktaw


--- Analiza 2a: Klasteryzacja Oktaw (Hipoteza Rodzin) ---
Wyniki klasteryzacji (przypisanie oktawy do rodziny):
  Oktawa  1: Rodzina 2
  Oktawa  3: Rodzina 0
  Oktawa  4: Rodzina 0
  Oktawa  6: Rodzina 1
  Oktawa  7: Rodzina 0
  Oktawa  9: Rodzina 1
  Oktawa 10: Rodzina 1
  Oktawa 12: Rodzina 0

Wniosek: Wynik pokazuje, czy struktura interferencji w naturalny sposób
dzieli oktawy na 3 grupy, co mogłoby odpowiadać trzem generacjom fermionów.


---

## Analiza 3: Emergentna Grawitacja


--- Analiza 3: Emergentna Grawitacja (Metryka Akustyczna) ---
Problem: Mapowanie g_μν(ρ) zawiodło (korelacja G~T ≈ 0 lub ujemna).
Hipoteza: Grawitacja jako metryka akustyczna w płynie informacyjnym.
Koncepcja: g_μν_eff ∝ η_μν + (1 - c_s²) u_μ u_ν
Wniosek: To podejście oddziela metrykę od T_μν, unikając tautologii.
Kolejny krok: Zdefiniować czteroprędkość (u_μ) i prędkość dźwięku (c_s) dla pola nadsolitona.


---

## Analiza 4: Emergencja Symetrii Gauge


--- Analiza 4: Emergencja Symetrii Gauge ---
Problem: Mapowanie d=1,2,3 na SU(3),SU(2),U(1) jest ansatzem i zawodzi ilościowo.
Hipoteza: Symetrie są emergentną właściwością sieci rezonansowej.
Wartości własne macierzy rezonansowej:
[ 3.0361 -1.3995  0.3994  0.2437 -0.8874 -0.2407 -0.6001 -0.5516]
Wniosek: Wektory własne definiują 'naturalne' mody oscylacji systemu.
Kolejny krok: Zbudować generatory z wektorów własnych i zbadać ich algebrę komutacyjną.


---

