200,0,0,0,0,0,0,4 0 0 0
200,0,0,0,0,0,1,3 0 0 0
200,0,0,0,0,0,2,2 0 0 0
200,0,0,0,0,0,3,1 0 0 0
200,0,0,0,0,0,4,0 0 0 0
200,0,0,0,0,1,0,3 0 0 0
200,0,0,0,0,1,1,2 0 0 0
200,0,0,0,0,1,2,1 0 0 0
200,0,0,0,0,1,3,0 0 0 0
200,0,0,0,0,2,0,2 0 0 0
200,0,0,0,0,2,1,1 0 0 0
200,0,0,0,0,2,2,0 0 0 0
200,0,0,0,0,3,0,1 0 0 0
200,0,0,0,0,3,1,0 0 0 0
200,0,0,0,0,4,0,0 0 0 0
200,0,0,0,1,0,0,3 0 0 0
200,0,0,0,1,0,1,2 0 0 0
200,0,0,0,1,0,2,1 0 0 0
200,0,0,0,1,0,3,0 0 0 0
200,0,0,0,1,1,0,2 0 0 0
200,0,0,0,1,1,1,1 0 0 0
200,0,0,0,1,1,2,0 0 0 0
200,0,0,0,1,2,0,1 0 0 0
200,0,0,0,1,2,1,0 0 0 0
200,0,0,0,1,3,0,0 0 0 0
200,0,0,0,2,0,0,2 0 0 0
200,0,0,0,2,0,1,1 0 0 0
200,0,0,0,2,0,2,0 0 0 0
200,0,0,0,2,1,0,1 0 0 0
200,0,0,0,2,1,1,0 0 0 0
200,0,0,0,2,2,0,0 0 0 0
200,0,0,0,3,0,0,1 0 0 0
200,0,0,0,3,0,1,0 0 0 0
200,0,0,0,3,1,0,0 0 0 0
200,0,0,0,4,0,0,0 0 0 0
200,0,0,1,0,0,0,3 0 0 0
200,0,0,1,0,0,1,2 0 0 0
200,0,0,1,0,0,2,1 0 0 0
200,0,0,1,0,0,3,0 0 0 0
200,0,0,1,0,1,0,2 0 0 0
200,0,0,1,0,1,1,1 0 0 0
200,0,0,1,0,1,2,0 0 0 0
200,0,0,1,0,2,0,1 0 0 0
200,0,0,1,0,2,1,0 0 0 0
200,0,0,1,0,3,0,0 0 0 0
200,0,0,1,1,0,0,2 0 0 0
200,0,0,1,1,0,1,1 0 0 0
200,0,0,1,1,0,2,0 0 0 0
200,0,0,1,1,1,0,1 0 0 0
200,0,0,1,1,1,1,0 0 0 0
200,0,0,1,1,2,0,0 0 0 0
200,0,0,1,2,0,0,1 0 0 0
200,0,0,1,2,0,1,0 0 0 0
200,0,0,1,2,1,0,0 0 0 0
200,0,0,1,3,0,0,0 0 0 0
200,0,0,2,0,0,0,2 0 0 0
200,0,0,2,0,0,1,1 0 0 0
200,0,0,2,0,0,2,0 0 0 0
200,0,0,2,0,1,0,1 0 0 0
200,0,0,2,0,1,1,0 0 0 0
200,0,0,2,0,2,0,0 0 0 0
200,0,0,2,1,0,0,1 0 0 0
200,0,0,2,1,0,1,0 0 0 0
200,0,0,2,1,1,0,0 0 0 0
200,0,0,2,2,0,0,0 0 0 0
200,0,0,3,0,0,0,1 0 0 0
200,0,0,3,0,0,1,0 0 0 0
200,0,0,3,0,1,0,0 0 0 0
200,0,0,3,1,0,0,0 0 0 0
200,0,0,4,0,0,0,0 0 0 0
200,0,1,0,0,0,0,3 0 0 0
200,0,1,0,0,0,1,2 0 0 0
200,0,1,0,0,0,2,1 0 0 0
200,0,1,0,0,0,3,0 0 0 0
200,0,1,0,0,1,0,2 0 0 0
200,0,1,0,0,1,1,1 0 0 0
200,0,1,0,0,1,2,0 0 0 0
200,0,1,0,0,2,0,1 0 0 0
200,0,1,0,0,2,1,0 0 0 0
200,0,1,0,0,3,0,0 0 0 0
200,0,1,0,1,0,0,2 0 0 0
200,0,1,0,1,0,1,1 0 0 0
200,0,1,0,1,0,2,0 0 0 0
200,0,1,0,1,1,0,1 0 0 0
200,0,1,0,1,1,1,0 0 0 0
200,0,1,0,1,2,0,0 0 0 0
200,0,1,0,2,0,0,1 0 0 0
200,0,1,0,2,0,1,0 0 0 0
200,0,1,0,2,1,0,0 0 0 0
200,0,1,0,3,0,0,0 0 0 0
200,0,1,1,0,0,0,2 0 0 0
200,0,1,1,0,0,1,1 0 0 0
200,0,1,1,0,0,2,0 0 0 0
200,0,1,1,0,1,0,1 0 0 0
200,0,1,1,0,1,1,0 0 0 0
200,0,1,1,0,2,0,0 0 0 0
200,0,1,1,1,0,0,1 0 0 0
200,0,1,1,1,0,1,0 0 0 0
200,0,1,1,1,1,0,0 0 0 0
200,0,1,1,2,0,0,0 0 0 0
200,0,1,2,0,0,0,1 0 0 0
200,0,1,2,0,0,1,0 0 0 0
200,0,1,2,0,1,0,0 0 0 0
200,0,1,2,1,0,0,0 0 0 0
200,0,1,3,0,0,0,0 0 0 0
200,0,2,0,0,0,0,2 0 0 0
200,0,2,0,0,0,1,1 0 0 0
200,0,2,0,0,0,2,0 0 0 0
200,0,2,0,0,1,0,1 0 0 0
200,0,2,0,0,1,1,0 0 0 0
200,0,2,0,0,2,0,0 0 0 0
200,0,2,0,1,0,0,1 0 0 0
200,0,2,0,1,0,1,0 0 0 0
200,0,2,0,1,1,0,0 0 0 0
200,0,2,0,2,0,0,0 0 0 0
200,0,2,1,0,0,0,1 0 0 0
200,0,2,1,0,0,1,0 0 0 0
200,0,2,1,0,1,0,0 0 0 0
200,0,2,1,1,0,0,0 0 0 0
200,0,2,2,0,0,0,0 0 0 0
200,0,3,0,0,0,0,1 0 0 0
200,0,3,0,0,0,1,0 0 0 0
200,0,3,0,0,1,0,0 0 0 0
200,0,3,0,1,0,0,0 0 0 0
200,0,3,1,0,0,0,0 0 0 0
200,0,4,0,0,0,0,0 0 0 0
200,1,0,0,0,0,0,3 0 0 0
200,1,0,0,0,0,1,2 0 0 0
200,1,0,0,0,0,2,1 0 0 0
200,1,0,0,0,0,3,0 0 0 0
200,1,0,0,0,1,0,2 0 0 0
200,1,0,0,0,1,1,1 0 0 0
200,1,0,0,0,1,2,0 0 0 0
200,1,0,0,0,2,0,1 0 0 0
200,1,0,0,0,2,1,0 0 0 0
200,1,0,0,0,3,0,0 0 0 0
200,1,0,0,1,0,0,2 0 0 0
200,1,0,0,1,0,1,1 0 0 0
200,1,0,0,1,0,2,0 0 0 0
200,1,0,0,1,1,0,1 0 0 0
200,1,0,0,1,1,1,0 0 0 0
200,1,0,0,1,2,0,0 0 0 0
200,1,0,0,2,0,0,1 0 0 0
200,1,0,0,2,0,1,0 0 0 0
200,1,0,0,2,1,0,0 0 0 0
200,1,0,0,3,0,0,0 0 0 0
200,1,0,1,0,0,0,2 0 0 0
200,1,0,1,0,0,1,1 0 0 0
200,1,0,1,0,0,2,0 0 0 0
200,1,0,1,0,1,0,1 0 0 0
200,1,0,1,0,1,1,0 0 0 0
200,1,0,1,0,2,0,0 0 0 0
200,1,0,1,1,0,0,1 0 0 0
200,1,0,1,1,0,1,0 0 0 0
200,1,0,1,1,1,0,0 0 0 0
200,1,0,1,2,0,0,0 0 0 0
200,1,0,2,0,0,0,1 0 0 0
200,1,0,2,0,0,1,0 0 0 0
200,1,0,2,0,1,0,0 0 0 0
200,1,0,2,1,0,0,0 0 0 0
200,1,0,3,0,0,0,0 0 0 0
200,1,1,0,0,0,0,2 0 0 0
200,1,1,0,0,0,1,1 0 0 0
200,1,1,0,0,0,2,0 0 0 0
200,1,1,0,0,1,0,1 0 0 0
200,1,1,0,0,1,1,0 0 0 0
200,1,1,0,0,2,0,0 0 0 0
200,1,1,0,1,0,0,1 0 0 0
200,1,1,0,1,0,1,0 0 0 0
200,1,1,0,1,1,0,0 0 0 0
200,1,1,0,2,0,0,0 0 0 0
200,1,1,1,0,0,0,1 0 0 0
200,1,1,1,0,0,1,0 0 0 0
200,1,1,1,0,1,0,0 0 0 0
200,1,1,1,1,0,0,0 0 0 0
200,1,1,2,0,0,0,0 0 0 0
200,1,2,0,0,0,0,1 0 0 0
200,1,2,0,0,0,1,0 0 0 0
200,1,2,0,0,1,0,0 0 0 0
200,1,2,0,1,0,0,0 0 0 0
200,1,2,1,0,0,0,0 0 0 0
200,1,3,0,0,0,0,0 0 0 0
200,2,0,0,0,0,0,2 0 0 0
200,2,0,0,0,0,1,1 0 0 0
200,2,0,0,0,0,2,0 0 0 0
200,2,0,0,0,1,0,1 0 0 0
200,2,0,0,0,1,1,0 0 0 0
200,2,0,0,0,2,0,0 0 0 0
200,2,0,0,1,0,0,1 0 0 0
200,2,0,0,1,0,1,0 0 0 0
200,2,0,0,1,1,0,0 0 0 0
200,2,0,0,2,0,0,0 0 0 0
200,2,0,1,0,0,0,1 0 0 0
200,2,0,1,0,0,1,0 0 0 0
200,2,0,1,0,1,0,0 0 0 0
200,2,0,1,1,0,0,0 0 0 0
200,2,0,2,0,0,0,0 0 0 0
200,2,1,0,0,0,0,1 0 0 0
200,2,1,0,0,0,1,0 0 0 0
200,2,1,0,0,1,0,0 0 0 0
200,2,1,0,1,0,0,0 0 0 0
200,2,1,1,0,0,0,0 0 0 0
200,2,2,0,0,0,0,0 0 0 0
200,3,0,0,0,0,0,1 0 0 0
200,3,0,0,0,0,1,0 0 0 0
200,3,0,0,0,1,0,0 0 0 0
200,3,0,0,1,0,0,0 0 0 0
200,3,0,1,0,0,0,0 0 0 0
200,3,1,0,0,0,0,0 0 0 0
200,4,0,0,0,0,0,0 0 0 0
020,0,0,0,0,0,0,4 -5.9433718458345129e-16 5.8048403352300111e-16 0
020,0,0,0,0,0,1,3 -1.2949414286635326e-15 2.5233450311884509e-16 0
020,0,0,0,0,0,2,2 -2.1804864229306442e-15 1.1610903177230927e-15 0
020,0,0,0,0,0,3,1 -7.8886550070045303e-16 3.1577388273640317e-16 0
020,0,0,0,0,0,4,0 -3.8882878037119206e-16 3.9726904017410754e-16 0
020,0,0,0,0,1,0,3 8.5126673556203255e-16 -3.1177077855789974e-16 0
020,0,0,0,0,1,1,2 -4.2221458398722031e-16 4.5892075675648542e-16 0
020,0,0,0,0,1,2,1 -7.2459433472869123e-16 -3.0391542147484296e-16 0
020,0,0,0,0,1,3,0 1.0374679766536957e-15 -2.3237713633211289e-17 0
020,0,0,0,0,2,0,2 -1.9431327827449551e-15 1.4795882253306412e-15 0
020,0,0,0,0,2,1,1 2.1927671301164107e-16 -3.1745921360364321e-17 0
020,0,0,0,0,2,2,0 -6.3718752259386228e-16 7.12074102507309e-16 0
020,0,0,0,0,3,0,1 -1.485556287128097e-15 -1.9750084051981871e-16 0
020,0,0,0,0,3,1,0 1.465716466015131e-15 5.1458619702431908e-17 0
020,0,0,0,0,4,0,0 1.8293125716389809e-17 2.0509532422472187e-16 0
020,0,0,0,1,0,0,3 9.222952753312212e-17 -7.9688759272495835e-18 0
020,0,0,0,1,0,1,2 -1.5219529739972137e-15 -1.0513028174812884e-16 0
020,0,0,0,1,0,2,1 4.8973127980841728e-16 6.5409408912029288e-16 0
020,0,0,0,1,0,3,0 7.7443732015843806e-17 -2.1513129581629719e-16 0
020,0,0,0,1,1,0,2 -1.3758067063417127e-15 -1.8771589701354761e-16 0
020,0,0,0,1,1,1,1 -8.1342705631686111e-16 3.6592983149555678e-15 0
020,0,0,0,1,1,2,0 -1.6384054081248522e-15 1.9258272608712302e-16 0
020,0,0,0,1,2,0,1 8.2402328351454457e-16 7.7485225296262161e-16 0
020,0,0,0,1,2,1,0 -9.7845351346123578e-17 -6.3013098697099699e-17 0
020,0,0,0,1,3,0,0 -5.744865660669056e-16 -5.0988084439849676e-17 0
020,0,0,0,2,0,0,2 -1.1231792405863583e-15 1.5577361534062579e-15 0
020,0,0,0,2,0,1,1 -8.4205916978802309e-16 2.9712899350144151e-16 0
020,0,0,0,2,0,2,0 2.4670851028318203e-16 1.2528006925046839e-15 0
020,0,0,0,2,1,0,1 1.3780811005683312e-15 -2.6463733904035858e-16 0
020,0,0,0,2,1,1,0 -5.403833034257205e-16 6.1752164102010397e-16 0
020,0,0,0,2,2,0,0 -3.268343807281347e-15 1.3660169955890454e-15 0
020,0,0,0,3,0,0,1 7.0132210450287932e-17 -1.3349853347614533e-16 0
020,0,0,0,3,0,1,0 1.035667184607833e-16 -2.9955002542293111e-17 0
020,0,0,0,3,1,0,0 -1.1385998459680373e-15 1.2180933322024817e-16 0
020,0,0,0,4,0,0,0 -1.7515900989483472e-15 3.3746521861039352e-16 0
020,0,0,1,0,0,0,3 -2.643147332110867e-16 6.6618939583832784e-18 0
020,0,0,1,0,0,1,2 4.22945494796811e-16 -2.7038629393081068e-16 0
020,0,0,1,0,0,2,1 1.2171304956927611e-15 -1.8185328120639578e-15 0
020,0,0,1,0,0,3,0 1.5309393860101989e-17 -6.3117016258508639e-17 0
020,0,0,1,0,1,0,2 2.9705768440360677e-16 3.0984466776813922e-16 0
020,0,0,1,0,1,1,1 1.3547657422410165e-15 -6.2071482104525861e-18 0
020,0,0,1,0,1,2,0 1.1690532154923131e-15 2.3985021602920247e-16 0
020,0,0,1,0,2,0,1 -2.8632796407334477e-15 1.5843785119172004e-15 0
020,0,0,1,0,2,1,0 3.4815075136455252e-16 4.9292035321167048e-17 0
020,0,0,1,0,3,0,0 5.5723189694197955e-16 2.4663213208387122e-16 0
020,0,0,1,1,0,0,2 5.6153541018455488e-16 -6.2351789313283557e-17 0
020,0,0,1,1,0,1,1 3.784949784146896e-16 1.9560362444354107e-16 0
020,0,0,1,1,0,2,0 1.0757928293851637e-15 -3.307900828253274e-16 0
020,0,0,1,1,1,0,1 8.1044112393291456e-17 2.2983730803977087e-16 0
020,0,0,1,1,1,1,0 -1.7444982361881217e-16 -3.2884148353016888e-16 0
020,0,0,1,1,2,0,0 -3.3693001290173701e-16 -1.8601931429646065e-16 0
020,0,0,1,2,0,0,1 -7.3422848747076164e-16 -4.7248344830792127e-16 0
020,0,0,1,2,0,1,0 2.0425183083500748e-16 1.885580043882798e-17 0
020,0,0,1,2,1,0,0 6.5672306697286183e-16 1.483515209040455e-16 0
020,0,0,1,3,0,0,0 -4.6743746128289059e-16 -7.9245834976490975e-17 0
020,0,0,2,0,0,0,2 -2.3796882433341215e-15 1.5017758629547184e-15 0
020,0,0,2,0,0,1,1 -4.6729113634125241e-16 3.0468791552273888e-16 0
020,0,0,2,0,0,2,0 1.0955862952966022e-15 1.1430811267150454e-15 0
020,0,0,2,0,1,0,1 4.393187202911264e-16 -1.1375313668446352e-16 0
020,0,0,2,0,1,1,0 2.0066210520454375e-17 5.2579993717284321e-17 0
020,0,0,2,0,2,0,0 9.7905870219340725e-16 1.438683078631265e-15 0
020,0,0,2,1,0,0,1 -1.9165983904112505e-16 -8.3409028382025463e-17 0
020,0,0,2,1,0,1,0 -1.0630839470445602e-15 -4.5619246363337931e-16 0
020,0,0,2,1,1,0,0 -7.6175367012473738e-16 1.3013793025791389e-16 0
020,0,0,2,2,0,0,0 9.1474814918959813e-16 9.6877858094993703e-16 0
020,0,0,3,0,0,0,1 -1.8117018302232779e-16 -4.3584927333917278e-17 0
020,0,0,3,0,0,1,0 -8.8332153278056907e-16 3.9933368298303989e-17 0
020,0,0,3,0,1,0,0 -8.8661267929712566e-17 7.2715925637209565e-17 0
020,0,0,3,1,0,0,0 -1.643358267121222e-16 7.2321472981585078e-17 0
020,0,0,4,0,0,0,0 -2.6648016509622872e-16 5.6132688126085272e-16 0
020,0,1,0,0,0,0,3 -6.6431015283965542e-16 -2.2352611848933828e-16 0
020,0,1,0,0,0,1,2 1.2858298952499181e-15 7.4670951794855375e-16 0
020,0,1,0,0,0,2,1 -4.3736715638065249e-16 8.6930991376708844e-17 0
020,0,1,0,0,0,3,0 1.3558625793289036e-15 6.612447406035421e-17 0
020,0,1,0,0,1,0,2 -1.3635752378301277e-15 -1.5714790512172221e-17 0
020,0,1,0,0,1,1,1 2.4973343434441658e-15 5.0073199709885219e-17 0
020,0,1,0,0,1,2,0 -5.9755463923359675e-16 8.3827886174442715e-17 0
020,0,1,0,0,2,0,1 -2.1235518328315255e-16 -1.1152166808959147e-16 0
020,0,1,0,0,2,1,0 1.3031724713284763e-15 1.052020373264439e-15 0
020,0,1,0,0,3,0,0 7.6237957453319911e-16 4.5216891651321725e-16 0
020,0,1,0,1,0,0,2 4.444963612020192e-16 -1.4464695619539433e-16 0
020,0,1,0,1,0,1,1 9.822946144941313e-16 -3.5569690323404652e-16 0
020,0,1,0,1,0,2,0 -6.3089779321959286e-16 8.0065557485526644e-17 0
020,0,1,0,1,1,0,1 -1.952473682738578e-15 2.503111290673105e-15 0
020,0,1,0,1,1,1,0 7.1571659868148343e-16 4.0389303543576546e-17 0
020,0,1,0,1,2,0,0 -1.829656919594581e-17 2.0376998786601016e-17 0
020,0,1,0,2,0,0,1 -1.8771469838599342e-15 4.9162639291586846e-17 0
020,0,1,0,2,0,1,0 -1.6653175962787897e-16 1.6177888835424564e-15 0
020,0,1,0,2,1,0,0 1.6695726662893217e-15 2.0402990820282685e-16 0
020,0,1,0,3,0,0,0 6.1760708546865824e-16 -3.9097399718923198e-17 0
020,0,1,1,0,0,0,2 -3.452383744726849e-16 -1.3091728395525504e-16 0
020,0,1,1,0,0,1,1 -1.4226825698496745e-15 1.8523993252838294e-15 0
020,0,1,1,0,0,2,0 1.355092740881411e-15 -4.968248659668542e-17 0
020,0,1,1,0,1,0,1 -3.3213788753893038e-16 4.0203505358049866e-17 0
020,0,1,1,0,1,1,0 1.4726320166115042e-16 -4.7261369882324399e-16 0
020,0,1,1,0,2,0,0 7.4448554601618864e-16 -2.3829248819906351e-16 0
020,0,1,1,1,0,0,1 1.1115105147049831e-15 -5.1736772418292665e-17 0
020,0,1,1,1,0,1,0 4.1981663371354339e-16 -1.400653681579711e-17 0
020,0,1,1,1,1,0,0 1.174123190166021e-16 1.7077334063872593e-15 0
020,0,1,1,2,0,0,0 -1.8786343737153127e-17 6.0028801455438638e-17 0
020,0,1,2,0,0,0,1 -5.4052899309264824e-16 5.6005818472454338e-17 0
020,0,1,2,0,0,1,0 5.0101660016912963e-16 -6.5681137015761309e-16 0
020,0,1,2,0,1,0,0 -5.7351499715757245e-16 -4.2992216029076082e-17 0
020,0,1,2,1,0,0,0 4.3234255693753998e-17 2.5121133743078589e-16 0
020,0,1,3,0,0,0,0 -1.068462606259625e-15 -6.0453800236723483e-17 0
020,0,2,0,0,0,0,2 1.3781615686983203e-15 6.7463696677434303e-16 0
020,0,2,0,0,0,1,1 -5.2476740401014021e-16 1.6398219045664353e-16 0
020,0,2,0,0,0,2,0 -1.2176945649727822e-15 8.2459335041563941e-16 0
020,0,2,0,0,1,0,1 5.0493582161607528e-16 -2.759859923467901e-16 0
020,0,2,0,0,1,1,0 -1.6692376647586826e-15 6.1511532629607291e-17 0
020,0,2,0,0,2,0,0 3.3518872492041898e-16 4.0392155753250401e-16 0
020,0,2,0,1,0,0,1 -2.5175254915424922e-15 -3.5226382067799521e-16 0
020,0,2,0,1,0,1,0 -8.5666724993962175e-16 -2.1755421537184971e-16 0
020,0,2,0,1,1,0,0 2.4958584634516847e-15 -7.5738651989648232e-17 0
020,0,2,0,2,0,0,0 1.8252035354025115e-16 7.1326537493828336e-16 0
020,0,2,1,0,0,0,1 -1.6996626649257353e-16 -1.4504958233853463e-16 0
020,0,2,1,0,0,1,0 1.2090089391883856e-16 -2.2214376569317613e-16 0
020,0,2,1,0,1,0,0 1.082885170799277e-15 7.0213511485532932e-16 0
020,0,2,1,1,0,0,0 -8.047744735157833e-16 -7.9612626712431689e-18 0
020,0,2,2,0,0,0,0 -7.1712181006801379e-16 1.2032518061891491e-15 0
020,0,3,0,0,0,0,1 -1.7349945265199285e-16 8.3992634082683676e-17 0
020,0,3,0,0,0,1,0 -2.7959541149327749e-16 1.7562127018486487e-16 0
020,0,3,0,0,1,0,0 -8.0208260280940913e-16 1.7951126899513024e-16 0
020,0,3,0,1,0,0,0 7.8059678134232107e-16 5.5951204608769371e-17 0
020,0,3,1,0,0,0,0 -1.6483116995238006e-16 8.8823879055903001e-17 0
020,0,4,0,0,0,0,0 1.4005520376260405e-15 2.1065857628980219e-16 0
020,1,0,0,0,0,0,3 9.4664846877437914e-16 -1.7863601926282053e-16 0
020,1,0,0,0,0,1,2 -7.2054890537260469e-16 -7.5012390775893584e-17 0
020,1,0,0,0,0,2,1 1.5321131949935785e-17 -1.0833974911856128e-17 0
020,1,0,0,0,0,3,0 -7.2701854302373303e-16 -2.9735684536425291e-16 0
020,1,0,0,0,1,0,2 1.7849271187605695e-15 -8.454132085009133e-16 0
020,1,0,0,0,1,1,1 -3.0439450330980999e-15 1.1763424164878272e-16 0
020,1,0,0,0,1,2,0 -1.559401208422323e-15 -8.532923089762728e-16 0
020,1,0,0,0,2,0,1 -7.9903328419929365e-16 -1.9609929753636244e-16 0
020,1,0,0,0,2,1,0 5.3616253824955232e-16 1.9515930272314698e-17 0
020,1,0,0,0,3,0,0 -1.520992347227844e-15 -1.7642547502872362e-16 0
020,1,0,0,1,0,0,2 5.6939832653535894e-16 -1.8322253946209987e-16 0
020,1,0,0,1,0,1,1 2.5348355387818331e-15 -2.8248573590568355e-15 0
020,1,0,0,1,0,2,0 6.109658112150306e-16 -1.5988573406396802e-16 0
020,1,0,0,1,1,0,1 -9.9386725766453609e-16 5.3722153144866634e-16 0
020,1,0,0,1,1,1,0 8.9605272574643847e-16 -2.2781988073051029e-16 0
020,1,0,0,1,2,0,0 1.8207346565431475e-16 5.3653139682291635e-16 0
020,1,0,0,2,0,0,1 -8.6497310507714642e-16 -2.3125206481992237e-16 0
020,1,0,0,2,0,1,0 9.3351839930075342e-16 -2.7234184484946529e-16 0
020,1,0,0,2,1,0,0 -4.4085142640918305e-16 -2.4601410208511111e-16 0
020,1,0,0,3,0,0,0 7.0014896387093212e-16 -3.4481652491538499e-18 0
020,1,0,1,0,0,0,2 -7.4106616998732777e-16 -3.5241648524383435e-16 0
020,1,0,1,0,0,1,1 -1.3535154851689689e-15 3.5975158536147203e-16 0
020,1,0,1,0,0,2,0 -8.8629825073434918e-16 1.5650155478564783e-16 0
020,1,0,1,0,1,0,1 9.0780947919849952e-16 2.9400055979903822e-15 0
020,1,0,1,0,1,1,0 5.5465346567156687e-16 2.2468402377486051e-16 0
020,1,0,1,0,2,0,0 -1.7633616888999246e-15 1.2122709357967885e-16 0
020,1,0,1,1,0,0,1 1.2719046735970574e-15 3.4646358048132098e-16 0
020,1,0,1,1,0,1,0 -9.7870252483908682e-16 1.7653860686674128e-15 0
020,1,0,1,1,1,0,0 -3.9177984315942604e-16 -1.4822335423121408e-16 0
020,1,0,1,2,0,0,0 4.1633871643211723e-16 1.934530077904624e-16 0
020,1,0,2,0,0,0,1 1.6911385486428898e-15 -1.2454094830069429e-16 0
020,1,0,2,0,0,1,0 8.4402428622565306e-16 1.8094487225835815e-16 0
020,1,0,2,0,1,0,0 -1.8914432059436923e-15 8.8795522651852372e-16 0
020,1,0,2,1,0,0,0 9.7936321053794517e-16 5.577076682959127e-17 0
020,1,0,3,0,0,0,0 -4.9419798494373252e-16 -1.157370996051699e-16 0
020,1,1,0,0,0,0,2 -3.9695860259893884e-16 7.0610148790776171e-17 0
020,1,1,0,0,0,1,1 -2.5116898578342317e-16 2.0837179909045239e-16 0
020,1,1,0,0,0,2,0 -4.245464656910114e-16 -4.6838550290910497e-16 0
020,1,1,0,0,1,0,1 -4.5640168077135113e-16 1.8538374841844431e-18 0
020,1,1,0,0,1,1,0 -5.0855519339969291e-16 -1.6582025195218536e-16 0
020,1,1,0,0,2,0,0 8.6062697902478461e-16 -2.1472414914816562e-16 0
020,1,1,0,1,0,0,1 6.3771218877317285e-16 -1.5295224881106497e-16 0
020,1,1,0,1,0,1,0 -7.0006831335879457e-16 8.9889009028378559e-17 0
020,1,1,0,1,1,0,0 2.3027979152795983e-16 -2.084047870163847e-16 0
020,1,1,0,2,0,0,0 1.1411261746727824e-15 -4.3764138329732607e-16 0
020,1,1,1,0,0,0,1 -4.5837173824905023e-16 1.7120048383957772e-17 0
020,1,1,1,0,0,1,0 4.3448870255421306e-16 1.5436042225558881e-16 0
020,1,1,1,0,1,0,0 -2.1529278339495746e-15 -1.5791018778670265e-16 0
020,1,1,1,1,0,0,0 4.2045699062166764e-16 -3.9733299116162524e-16 0
020,1,1,2,0,0,0,0 2.6825872252722593e-16 -1.1046326071732782e-16 0
020,1,2,0,0,0,0,1 -1.2569291310896014e-16 -3.3973856239659546e-16 0
020,1,2,0,0,0,1,0 -4.5638812824419506e-16 -1.8431945152021928e-16 0
020,1,2,0,0,1,0,0 6.4419057924352402e-16 -1.2512836564961514e-16 0
020,1,2,0,1,0,0,0 -5.9583599311065325e-16 -5.0808192788452209e-17 0
020,1,2,1,0,0,0,0 -6.3394850932791274e-16 3.7928633870707484e-17 0
020,1,3,0,0,0,0,0 -7.685129930438267e-17 -1.0819300066044948e-16 0
020,2,0,0,0,0,0,2 2.5482350943435185e-15 8.2057102917714516e-16 0
020,2,0,0,0,0,1,1 -2.8424054017602007e-16 -2.9313586842984792e-17 0
020,2,0,0,0,0,2,0 -1.3580767234530264e-15 5.7939107647091235e-16 0
020,2,0,0,0,1,0,1 -3.592224377658125e-17 9.8050416391789671e-17 0
020,2,0,0,0,1,1,0 1.2463272432052929e-15 1.67842543113755e-16 0
020,2,0,0,0,2,0,0 -3.5405652808080735e-15 8.5004844410352975e-16 0
020,2,0,0,1,0,0,1 -3.2786984264913536e-16 -1.0546286286366577e-17 0
020,2,0,0,1,0,1,0 -4.4097421578951021e-16 2.1320245775528662e-16 0
020,2,0,0,1,1,0,0 9.9272182253071307e-16 9.0509360374965342e-17 0
020,2,0,0,2,0,0,0 1.4638541979061434e-15 5.875673796316397e-16 0
020,2,0,1,0,0,0,1 -3.5071876813774176e-16 -9.3754719057447181e-17 0
020,2,0,1,0,0,1,0 1.9292611398532534e-16 3.0572477153013717e-16 0
020,2,0,1,0,1,0,0 -1.5505599576840153e-15 2.001532579927388e-16 0
020,2,0,1,1,0,0,0 7.521059648555109e-16 -6.8622797738280769e-17 0
020,2,0,2,0,0,0,0 -1.3321321042786272e-15 8.2243341640014095e-16 0
020,2,1,0,0,0,0,1 4.5010653190735717e-16 -2.8573608272351595e-16 0
020,2,1,0,0,0,1,0 -3.21452391614796e-16 3.2092596063807745e-16 0
020,2,1,0,0,1,0,0 -1.1721877198815449e-16 3.5735293017210385e-16 0
020,2,1,0,1,0,0,0 -4.5307763571768799e-16 1.3339393149429707e-16 0
020,2,1,1,0,0,0,0 -1.1805671290600944e-16 5.6633264715270609e-18 0
020,2,2,0,0,0,0,0 6.3237955182701006e-16 5.3950588317148345e-16 0
020,3,0,0,0,0,0,1 1.0586725994552598e-16 -1.2078785119052889e-16 0
020,3,0,0,0,0,1,0 1.5986899846477665e-16 -3.8556984757641074e-16 0
020,3,0,0,0,1,0,0 9.5833074718291045e-16 -8.4574472925553476e-17 0
020,3,0,0,1,0,0,0 6.0520686096815706e-16 1.3287942370968557e-16 0
020,3,0,1,0,0,0,0 -1.0340924242698223e-16 2.2535742209972599e-17 0
020,3,1,0,0,0,0,0 -8.0708052071468313e-17 -4.807232260001335e-17 0
020,4,0,0,0,0,0,0 -8.7439258790664707e-16 -2.1379970698482738e-16 0
002,0,0,0,0,0,0,4 -1.3498240814479277e-15 3.5406496002909947e-16 0
002,0,0,0,0,0,1,3 1.0843376977570651e-16 4.2318104858003747e-16 0
002,0,0,0,0,0,2,2 -1.3333333333333364 -2.0770603119391051e-16 0
002,0,0,0,0,0,3,1 -6.5770414288401913e-16 3.8882200410761403e-17 0
002,0,0,0,0,0,4,0 -0.16666666666666408 2.4817387728193196e-16 0
002,0,0,0,0,1,0,3 3.8267474719621067e-15 -4.8400680215972399e-16 0
002,0,0,0,0,1,1,2 5.7791770501081086e-15 2.0480070818482826e-16 0
002,0,0,0,0,1,2,1 1.5490748603557564e-14 -3.3215549993630133e-16 0
002,0,0,0,0,1,3,0 -1.0317674449186742e-15 -2.8562628607772811e-16 0
002,0,0,0,0,2,0,2 -1.3333333333333395 -6.5810897169324748e-16 0
002,0,0,0,0,2,1,1 5.1636568420632481e-16 4.4871316270912384e-16 0
002,0,0,0,0,2,2,0 -0.33333333333333226 -6.2005522244445999e-16 0
002,0,0,0,0,3,0,1 -3.969945644415057e-15 -6.5302310794524684e-16 0
002,0,0,0,0,3,1,0 4.5792550892532937e-15 -3.2984505875398762e-16 0
002,0,0,0,0,4,0,0 -0.16666666666666841 -5.6778474565032259e-16 0
002,0,0,0,1,0,0,3 -1.0801254186282227e-16 -2.0248058905233356e-16 0
002,0,0,0,1,0,1,2 1.7990909338399032e-16 6.6902879482123886e-16 0
002,0,0,0,1,0,2,1 -4.9569907701871801e-15 7.583977988236844e-16 0
002,0,0,0,1,0,3,0 4.1871697195625497e-16 6.2269269004845406e-17 0
002,0,0,0,1,1,0,2 1.1760144287198802e-15 -4.2411107557030917e-16 0
002,0,0,0,1,1,1,1 -5.6568542494923939 -1.2584618292192884e-15 0
002,0,0,0,1,1,2,0 2.8064859202004454e-16 -1.6267662309412875e-16 0
002,0,0,0,1,2,0,1 -3.4702449683131768e-15 -1.2692770172826314e-16 0
002,0,0,0,1,2,1,0 -4.1743811562148422e-15 3.8577968490867351e-16 0
002,0,0,0,1,3,0,0 7.3906029198799426e-17 -4.9633561402994168e-16 0
002,0,0,0,2,0,0,2 -1.3333333333333315 6.3643853371025266e-16 0
002,0,0,0,2,0,1,1 -4.6992032660952976e-16 2.6562275599537055e-16 0
002,0,0,0,2,0,2,0 -0.66666666666666874 5.5529785956097422e-17 0
002,0,0,0,2,1,0,1 -7.6753382295680073e-15 -6.3249686589020478e-16 0
002,0,0,0,2,1,1,0 -3.9250625861499133e-15 5.8469922019311824e-16 0
002,0,0,0,2,2,0,0 -0.66666666666666863 1.0518622957406576e-15 0
002,0,0,0,3,0,0,1 1.0377796847782852e-15 1.4487763761703064e-15 0
002,0,0,0,3,0,1,0 -1.6410653489330046e-15 2.2880901004180415e-17 0
002,0,0,0,3,1,0,0 1.0927970158012938e-15 -1.1833169387150783e-16 0
002,0,0,0,4,0,0,0 2.3491234829489237e-15 -2.937110832103724e-16 0
002,0,0,1,0,0,0,3 -5.4993365935549756e-16 -2.1761325776917919e-16 0
002,0,0,1,0,0,1,2 -1.8420663377777325e-15 2.2811899914621375e-16 0
002,0,0,1,0,0,2,1 2.8284271247462001 -1.8172057770785678e-16 0
002,0,0,1,0,0,3,0 8.4213487323433242e-16 2.2549495782441627e-16 0
002,0,0,1,0,1,0,2 -1.9506700552064064e-15 8.0804935851833394e-16 0
002,0,0,1,0,1,1,1 -4.0039550788633869e-15 3.0390038743886619e-16 0
002,0,0,1,0,1,2,0 -2.8487870008307763e-15 9.1853145080758915e-16 0
002,0,0,1,0,2,0,1 -2.8284271247461836 -6.9366982343959018e-17 0
002,0,0,1,0,2,1,0 -1.9574631065621863e-15 4.1225917396301603e-16 0
002,0,0,1,0,3,0,0 -8.1405860354719886e-16 9.6538747701866799e-16 0
002,0,0,1,1,0,0,2 -2.2596941678942883e-15 6.5784644441915785e-16 0
002,0,0,1,1,0,1,1 -9.4585797527635407e-16 -4.1362312880321994e-17 0
002,0,0,1,1,0,2,0 2.6417670134781801e-15 -9.4661014053351589e-17 0
002,0,0,1,1,1,0,1 2.203695125685412e-15 -8.4618591430704604e-17 0
002,0,0,1,1,1,1,0 -1.563534729204924e-15 -2.9365446435180437e-16 0
002,0,0,1,1,2,0,0 1.3797141800906375e-15 1.8892222855559915e-17 0
002,0,0,1,2,0,0,1 1.3975366003338152e-16 4.0481398615177522e-17 0
002,0,0,1,2,0,1,0 -3.3386650648975502e-16 1.1243515341853583e-17 0
002,0,0,1,2,1,0,0 -3.0692281195406936e-15 6.1942905333820224e-16 0
002,0,0,1,3,0,0,0 -1.2679337831403292e-15 3.3258208690436228e-16 0
002,0,0,2,0,0,0,2 -1.3333333333333506 5.8476444173005682e-16 0
002,0,0,2,0,0,1,1 -3.3306690738754696e-15 8.9002156339335059e-16 0
002,0,0,2,0,0,2,0 -0.66666666666665186 1.6286512340580456e-15 0
002,0,0,2,0,1,0,1 -1.0668549377257364e-15 -2.439454888092385e-18 0
002,0,0,2,0,1,1,0 2.4107641881029873e-15 -4.0552718789336334e-16 0
002,0,0,2,0,2,0,0 -0.66666666666665075 -2.3647031717060089e-16 0
002,0,0,2,1,0,0,1 -2.0787408253064577e-15 -7.0147880559812137e-17 0
002,0,0,2,1,0,1,0 -2.4982321983682554e-15 5.901769822630118e-16 0
002,0,0,2,1,1,0,0 -8.6793602632664196e-16 -4.9183582181207709e-16 0
002,0,0,2,2,0,0,0 4.7880925976460584e-15 4.0202216555762504e-16 0
002,0,0,3,0,0,0,1 -2.5977484052752686e-16 -9.5518211395972941e-17 0
002,0,0,3,0,0,1,0 1.3902588932510063e-15 3.3570795611708587e-16 0
002,0,0,3,0,1,0,0 -1.3909178848839701e-15 6.4823283222605835e-16 0
002,0,0,3,1,0,0,0 4.0452260681791974e-16 4.8677268236986451e-16 0
002,0,0,4,0,0,0,0 2.034145387666466e-15 4.2832211505339744e-16 0
002,0,1,0,0,0,0,3 -1.4394782837500592e-15 6.0338222591070634e-16 0
002,0,1,0,0,0,1,2 -5.5348520905385001e-15 9.2776535152300221e-16 0
002,0,1,0,0,0,2,1 -2.9072881255198801e-16 -7.3671537620390026e-17 0
002,0,1,0,0,0,3,0 0.66666666666666563 4.1858335374234112e-16 0
002,0,1,0,0,1,0,2 -3.366600211497997e-16 -4.131030505736058e-16 0
002,0,1,0,0,1,1,1 -8.1264069909034453e-15 1.2101525836104299e-15 0
002,0,1,0,0,1,2,0 1.2223430817873138e-15 6.8117034365475226e-16 0
002,0,1,0,0,2,0,1 -1.9911067965835277e-15 -2.6401572273619233e-16 0
002,0,1,0,0,2,1,0 -2.0000000000000142 1.6101757514125348e-15 0
002,0,1,0,0,3,0,0 3.7327153798720914e-16 1.2173372229481593e-16 0
002,0,1,0,1,0,0,2 -3.9884639958455889e-15 -3.5044570649137427e-16 0
002,0,1,0,1,0,1,1 2.7499356115751476e-15 3.7734355962972554e-16 0
002,0,1,0,1,0,2,0 -1.9985986563284631e-16 -2.1636858648820516e-17 0
002,0,1,0,1,1,0,1 -3.7712361663282419 -6.2484418069720784e-16 0
002,0,1,0,1,1,1,0 -1.9928252227581494e-15 4.6326019387422658e-16 0
002,0,1,0,1,2,0,0 -7.3473009731936402e-15 -1.2586320264025287e-19 0
002,0,1,0,2,0,0,1 1.4837984356821932e-15 4.4647106649774171e-16 0
002,0,1,0,2,0,1,0 -1.333333333333327 1.010542493326376e-15 0
002,0,1,0,2,1,0,0 -4.84957194302367e-15 -1.8018508370467104e-15 0
002,0,1,0,3,0,0,0 1.1103102690187237e-15 -8.1182602280167535e-17 0
002,0,1,1,0,0,0,2 -4.7363422026533892e-15 3.1715155941261121e-16 0
002,0,1,1,0,0,1,1 -3.7712361663282885 6.3131878236619893e-16 0
002,0,1,1,0,0,2,0 -1.326935410473693e-17 1.8098448849587397e-16 0
002,0,1,1,0,1,0,1 1.9235940889037754e-15 1.4248340971560076e-16 0
002,0,1,1,0,1,1,0 4.9065494133574553e-15 5.927771280340941e-16 0
002,0,1,1,0,2,0,0 -7.516556790779889e-16 1.2709785760174987e-16 0
002,0,1,1,1,0,0,1 5.0891907875383335e-15 5.692196930820459e-16 0
002,0,1,1,1,0,1,0 -9.4043696441392655e-16 2.9150808286346197e-16 0
002,0,1,1,1,1,0,0 -2.6666666666666821 -6.3645208623740873e-17 0
002,0,1,1,2,0,0,0 -6.2429716344430952e-17 1.4513909551202436e-17 0
002,0,1,2,0,0,0,1 -4.7791631763161035e-15 -1.8417884405097507e-16 0
002,0,1,2,0,0,1,0 1.3333333333333173 2.5035244602227003e-16 0
002,0,1,2,0,1,0,0 -2.2353538291219888e-16 -4.3712998715542128e-16 0
002,0,1,2,1,0,0,0 -4.7260440461278919e-15 -1.339379318175335e-16 0
002,0,1,3,0,0,0,0 -8.1259936388251852e-16 -7.3713804564458016e-16 0
002,0,2,0,0,0,0,2 -1.0397227783592866e-15 3.9327062114659361e-16 0
002,0,2,0,0,0,1,1 5.1781495757907692e-16 7.1598000965511499e-16 0
002,0,2,0,0,0,2,0 -0.66666666666667018 -6.9497359256320834e-17 0
002,0,2,0,0,1,0,1 3.8115635593496261e-15 -2.8522309839483506e-16 0
002,0,2,0,0,1,1,0 1.0121027280152184e-15 1.488880633365719e-16 0
002,0,2,0,0,2,0,0 -0.66666666666667684 -1.3056822299511908e-16 0
002,0,2,0,1,0,0,1 7.8651455642754035e-18 -1.1875780688820657e-16 0
002,0,2,0,1,0,1,0 -3.3958937815717546e-15 -1.0560124812120721e-16 0
002,0,2,0,1,1,0,0 1.4583836455711303e-15 -5.7682089841454519e-16 0
002,0,2,0,2,0,0,0 -0.66666666666665542 2.0685815121370896e-17 0
002,0,2,1,0,0,0,1 -2.3083371080078328e-15 -3.3716355827183342e-17 0
002,0,2,1,0,0,1,0 -5.0570270350911079e-16 4.9882041749137678e-16 0
002,0,2,1,0,1,0,0 -7.6430429709167399e-16 5.4597063604095744e-16 0
002,0,2,1,1,0,0,0 -1.1555020178535824e-15 5.9173721695185422e-18 0
002,0,2,2,0,0,0,0 -0.66666666666666896 -2.6455888261361915e-16 0
002,0,3,0,0,0,0,1 -1.2397987367643304e-15 4.3222397232492438e-16 0
002,0,3,0,0,0,1,0 2.9406273423238094e-16 5.5416283541165345e-16 0
002,0,3,0,0,1,0,0 1.5443714558062427e-15 3.8973679969064867e-17 0
002,0,3,0,1,0,0,0 -1.3551575052291085e-16 -1.5909302895613434e-16 0
002,0,3,1,0,0,0,0 -1.5679671475470753e-15 7.076766330021385e-17 0
002,0,4,0,0,0,0,0 -1.2128088789330194e-15 3.315185311599661e-16 0
002,1,0,0,0,0,0,3 1.1335249010041223e-15 -4.8375068057229798e-16 0
002,1,0,0,0,0,1,2 1.3849191975515152e-15 -1.0274848463373565e-16 0
002,1,0,0,0,0,2,1 1.2522806142750698e-15 6.9185651131731252e-17 0
002,1,0,0,0,0,3,0 5.5367494443403498e-16 -8.6385163345498173e-16 0
002,1,0,0,0,1,0,2 -4.0748976323215155e-16 5.9544192730490771e-16 0
002,1,0,0,0,1,1,1 -5.0125105888892962e-15 1.5291316390192433e-16 0
002,1,0,0,0,1,2,0 2.0000000000000067 -1.0308424849402725e-15 0
002,1,0,0,0,2,0,1 -1.8515115317112828e-15 7.7491232696033294e-17 0
002,1,0,0,0,2,1,0 -1.0110748535337253e-15 -5.2331156613204689e-16 0
002,1,0,0,0,3,0,0 -0.66666666666667562 4.9652783509193917e-16 0
002,1,0,0,1,0,0,2 3.026112242268057e-16 -2.3407904140364158e-16 0
002,1,0,0,1,0,1,1 3.771236166328221 9.0533610108747567e-16 0
002,1,0,0,1,0,2,0 -1.8234046708756827e-16 5.8185433575336518e-17 0
002,1,0,0,1,1,0,1 -8.4671020990767916e-15 1.4491037391620173e-15 0
002,1,0,0,1,1,1,0 -3.1780471750781741e-16 -2.3037062734257287e-16 0
002,1,0,0,1,2,0,0 -3.326972047195815e-15 -5.2779529072224957e-16 0
002,1,0,0,2,0,0,1 7.1443502155932315e-16 -5.0161799356168019e-16 0
002,1,0,0,2,0,1,0 2.4090972272627909e-15 -1.1674079129601889e-15 0
002,1,0,0,2,1,0,0 1.3333333333333091 3.0612067175301953e-16 0
002,1,0,0,3,0,0,0 -2.2571547631184199e-15 -2.6002005656575698e-16 0
002,1,0,1,0,0,0,2 -1.7228139592476772e-16 3.1592365892507559e-16 0
002,1,0,1,0,0,1,1 1.6055874883940798e-17 -3.9089535875472528e-17 0
002,1,0,1,0,0,2,0 2.5106729416245447e-15 5.1107166351565037e-16 0
002,1,0,1,0,1,0,1 -3.7712361663282694 -4.4000348442575074e-16 0
002,1,0,1,0,1,1,0 -1.6856116236384453e-15 2.8261454837126002e-17 0
002,1,0,1,0,2,0,0 -2.1767324848252189e-15 1.1226261723878892e-16 0
002,1,0,1,1,0,0,1 5.1992915181542365e-16 -7.0080117924031793e-17 0
002,1,0,1,1,0,1,0 -2.6666666666666607 1.9456007985252377e-16 0
002,1,0,1,1,1,0,0 1.9944034488142415e-15 -2.619686558609155e-16 0
002,1,0,1,2,0,0,0 1.4087547046872512e-15 1.9848777162894196e-16 0
002,1,0,2,0,0,0,1 -5.0395885381471217e-15 -6.4978946702487494e-16 0
002,1,0,2,0,0,1,0 -1.0044319976448834e-15 -9.2365215953113533e-16 0
002,1,0,2,0,1,0,0 -1.3333333333333368 1.0024550227459919e-16 0
002,1,0,2,1,0,0,0 1.2472729554909023e-15 -6.2625804471720323e-16 0
002,1,0,3,0,0,0,0 7.76254874181731e-16 -6.4061101800842735e-17 0
002,1,1,0,0,0,0,2 2.0439176067789389e-15 -9.0958802447492493e-16 0
002,1,1,0,0,0,1,1 3.541898762129958e-15 6.410345344820545e-18 0
002,1,1,0,0,0,2,0 8.1819316946618592e-16 1.8653698377613104e-16 0
002,1,1,0,0,1,0,1 2.2080793682204003e-15 -1.4375504367621084e-16 0
002,1,1,0,0,1,1,0 5.7416636549401101e-16 -1.1219120792972659e-16 0
002,1,1,0,0,2,0,0 -1.8065226472672915e-15 -9.9091991631204603e-16 0
002,1,1,0,1,0,0,1 -1.7043220376899077e-15 -6.3121486554779612e-16 0
002,1,1,0,1,0,1,0 1.3797671233937398e-15 -7.3606004753215078e-17 0
002,1,1,0,1,1,0,0 4.4695576764824744e-15 -3.054142142170775e-17 0
002,1,1,0,2,0,0,0 2.0150913815179805e-15 -1.6597356491563839e-16 0
002,1,1,1,0,0,0,1 5.6205749446764724e-16 7.2597924957419128e-17 0
002,1,1,1,0,0,1,0 -2.3606539303272699e-15 2.8993779961557086e-16 0
002,1,1,1,0,1,0,0 5.6681906120102464e-16 -1.8876899573969679e-16 0
002,1,1,1,1,0,0,0 -7.0898690564258349e-16 -2.526123299255445e-16 0
002,1,1,2,0,0,0,0 1.2023395517049562e-15 -6.702063491854926e-16 0
002,1,2,0,0,0,0,1 2.5163654797030754e-15 -4.9225489136273115e-16 0
002,1,2,0,0,0,1,0 -1.6413194588171809e-15 -5.0639017718651091e-16 0
002,1,2,0,0,1,0,0 -3.9156977898850698e-16 -3.8304015720965617e-16 0
002,1,2,0,1,0,0,0 1.3720910872407061e-15 3.0373509078603513e-16 0
002,1,2,1,0,0,0,0 2.4266808892856735e-15 -2.2420986651520175e-16 0
002,1,3,0,0,0,0,0 6.0340594283322946e-16 -2.3458408067618397e-16 0
002,2,0,0,0,0,0,2 -5.8301709746316592e-15 -2.4030959988314941e-16 0
002,2,0,0,0,0,1,1 -1.550734367306017e-15 4.5792125787872534e-16 0
002,2,0,0,0,0,2,0 -0.66666666666667218 6.1859493764339357e-16 0
002,2,0,0,0,1,0,1 3.7110842759815847e-16 -5.4538079781452087e-16 0
002,2,0,0,0,1,1,0 -5.0316975792105006e-16 -3.8437254003568719e-16 0
002,2,0,0,0,2,0,0 -0.66666666666667507 -5.0965503921192301e-16 0
002,2,0,0,1,0,0,1 1.5393146244018093e-15 -6.0368447283792835e-16 0
002,2,0,0,1,0,1,0 -6.9424888466677016e-16 3.864917706648132e-17 0
002,2,0,0,1,1,0,0 2.6166578992975673e-15 -5.5293879687380338e-17 0
002,2,0,0,2,0,0,0 -0.66666666666665753 6.1111860133445349e-16 0
002,2,0,1,0,0,0,1 2.7429513626005836e-15 -1.3099922132683466e-16 0
002,2,0,1,0,0,1,0 1.0671225649064275e-15 -2.070744076535215e-16 0
002,2,0,1,0,1,0,0 8.4112373965185484e-16 2.1034212553999865e-16 0
002,2,0,1,1,0,0,0 6.7824977405261944e-16 2.4813491376635827e-16 0
002,2,0,2,0,0,0,0 -0.66666666666667329 -1.8584749895706604e-16 0
002,2,1,0,0,0,0,1 4.8226667884870844e-16 1.7665719147935688e-17 0
002,2,1,0,0,0,1,0 1.3945685968866361e-15 8.0815752310711697e-16 0
002,2,1,0,0,1,0,0 -3.8710591535647682e-16 -2.0430858204247351e-16 0
002,2,1,0,1,0,0,0 -5.5829431189225836e-16 -2.8536678254190008e-16 0
002,2,1,1,0,0,0,0 -3.6150261543621092e-16 2.1791551985915287e-16 0
002,2,2,0,0,0,0,0 7.8002925299469617e-16 4.0734153246638205e-16 0
002,3,0,0,0,0,0,1 4.6942947101659589e-16 -5.5766828126386538e-16 0
002,3,0,0,0,0,1,0 1.0813764705734641e-15 -3.0603850955713587e-16 0
002,3,0,0,0,1,0,0 -9.1041049346670885e-16 5.1739059407250251e-16 0
002,3,0,0,1,0,0,0 -2.0290600452803445e-15 -9.2205995621896404e-17 0
002,3,0,1,0,0,0,0 9.5592722450050968e-16 -4.1553476576684695e-16 0
002,3,1,0,0,0,0,0 4.8466124099059635e-16 -3.252352407572337e-16 0
002,4,0,0,0,0,0,0 -1.02025150260516e-15 1.5851170757614043e-16 0
110,0,0,0,0,0,0,4 0 -6.5666493933685651e-18 0
110,0,0,0,0,0,1,3 0 5.0071929160464337e-17 0
110,0,0,0,0,0,2,2 0 4.3774662714102242e-16 0
110,0,0,0,0,0,3,1 0 3.7438856268640075e-17 0
110,0,0,0,0,0,4,0 0 1.8532657369450464e-16 0
110,0,0,0,0,1,0,3 0 -1.3464206765960804e-16 0
110,0,0,0,0,1,1,2 0 -1.6869614056635052e-16 0
110,0,0,0,0,1,2,1 0 -1.1286925780400366e-16 0
110,0,0,0,0,1,3,0 0 -1.9575778443994135e-17 0
110,0,0,0,0,2,0,2 0 3.4900524842334531e-16 0
110,0,0,0,0,2,1,1 0 -3.3119782331031194e-17 0
110,0,0,0,0,2,2,0 0 4.0893469556104898e-16 0
110,0,0,0,0,3,0,1 0 -1.0460228241325069e-16 0
110,0,0,0,0,3,1,0 0 5.9113241557517995e-17 0
110,0,0,0,0,4,0,0 0 1.5260774012694226e-16 0
110,0,0,0,1,0,0,3 0 5.2644474947790737e-17 0
110,0,0,0,1,0,1,2 0 -1.468774897718431e-16 0
110,0,0,0,1,0,2,1 0 8.6258306307719194e-17 0
110,0,0,0,1,0,3,0 0 -1.213411155147527e-17 0
110,0,0,0,1,1,0,2 0 -1.2105193149196562e-16 0
110,0,0,0,1,1,1,1 0 9.9001538158189223e-16 0
110,0,0,0,1,1,2,0 0 -1.1041545652617002e-16 0
110,0,0,0,1,2,0,1 0 -1.5027814800055338e-18 0
110,0,0,0,1,2,1,0 0 -2.6187811276568381e-18 0
110,0,0,0,1,3,0,0 0 5.7462792615630187e-17 0
110,0,0,0,2,0,0,2 0 -3.9252300869152329e-18 0
110,0,0,0,2,0,1,1 0 -6.5597407808925222e-17 0
110,0,0,0,2,0,2,0 0 3.6317977569538459e-16 0
110,0,0,0,2,1,0,1 0 -6.0497501842845885e-17 0
110,0,0,0,2,1,1,0 0 2.1474180449115995e-16 0
110,0,0,0,2,2,0,0 0 2.5184994733345643e-16 0
110,0,0,0,3,0,0,1 0 4.4315652069601722e-17 0
110,0,0,0,3,0,1,0 0 -3.4520298369756976e-18 0
110,0,0,0,3,1,0,0 0 -5.0032310517845498e-17 0
110,0,0,0,4,0,0,0 0 -8.3462523806600492e-19 0
110,0,0,1,0,0,0,3 0 5.6471025696350849e-18 0
110,0,0,1,0,0,1,2 0 -8.2880825725499291e-17 0
110,0,0,1,0,0,2,1 0 -5.930440334737651e-16 0
110,0,0,1,0,0,3,0 0 -2.1778185268355784e-17 0
110,0,0,1,0,1,0,2 0 1.2639517840658178e-16 0
110,0,0,1,0,1,1,1 0 -3.5811526924623744e-17 0
110,0,0,1,0,1,2,0 0 9.3224610264361536e-17 0
110,0,0,1,0,2,0,1 0 4.2150186669782002e-16 0
110,0,0,1,0,2,1,0 0 2.3297459224473983e-17 0
110,0,0,1,0,3,0,0 0 1.0533224876164163e-16 0
110,0,0,1,1,0,0,2 0 1.5260357335970288e-17 0
110,0,0,1,1,0,1,1 0 1.2498309949916103e-16 0
110,0,0,1,1,0,2,0 0 -5.2273791306851891e-17 0
110,0,0,1,1,1,0,1 0 7.8350335862785968e-17 0
110,0,0,1,1,1,1,0 0 4.7525748121017911e-17 0
110,0,0,1,1,2,0,0 0 -7.9511498919463406e-17 0
110,0,0,1,2,0,0,1 0 -5.2851891293352951e-17 0
110,0,0,1,2,0,1,0 0 -5.4591273450539657e-19 0
110,0,0,1,2,1,0,0 0 1.4466674229503208e-16 0
110,0,0,1,3,0,0,0 0 1.7781564138362514e-17 0
110,0,0,2,0,0,0,2 0 -8.1264340959577575e-18 0
110,0,0,2,0,0,1,1 0 1.0180658399638887e-16 0
110,0,0,2,0,0,2,0 0 3.8975797551433003e-16 0
110,0,0,2,0,1,0,1 0 -9.8647574619603953e-17 0
110,0,0,2,0,1,1,0 0 -5.2833256568513356e-17 0
110,0,0,2,0,2,0,0 0 2.3518134478311666e-16 0
110,0,0,2,1,0,0,1 0 -1.9507168775266537e-17 0
110,0,0,2,1,0,1,0 0 -3.8201185921168945e-19 0
110,0,0,2,1,1,0,0 0 1.0506930196965323e-16 0
110,0,0,2,2,0,0,0 0 -4.086854561163194e-17 0
110,0,0,3,0,0,0,1 0 -2.3608502305871859e-17 0
110,0,0,3,0,0,1,0 0 -3.2537076602879439e-17 0
110,0,0,3,0,1,0,0 0 1.1534982025981748e-16 0
110,0,0,3,1,0,0,0 0 -2.5276468997693187e-17 0
110,0,0,4,0,0,0,0 0 6.8667637544926044e-18 0
110,0,1,0,0,0,0,3 0 8.2084904127230178e-18 0
110,0,1,0,0,0,1,2 0 2.4976460515687554e-16 0
110,0,1,0,0,0,2,1 0 -7.3536012348829338e-17 0
110,0,1,0,0,0,3,0 0 1.1231656880592022e-17 0
110,0,1,0,0,1,0,2 0 -1.1802917076044004e-16 0
110,0,1,0,0,1,1,1 0 1.1002280358475558e-16 0
110,0,1,0,0,1,2,0 0 -4.0629629380947024e-17 0
110,0,1,0,0,2,0,1 0 8.1599766006690277e-17 0
110,0,1,0,0,2,1,0 0 4.6055140105906835e-16 0
110,0,1,0,0,3,0,0 0 -4.6141755842208488e-17 0
110,0,1,0,1,0,0,2 0 4.5136277093167671e-17 0
110,0,1,0,1,0,1,1 0 -6.0549874391806956e-17 0
110,0,1,0,1,0,2,0 0 1.6243463627356928e-17 0
110,0,1,0,1,1,0,1 0 5.1535074071218377e-16 0
110,0,1,0,1,1,1,0 0 -1.1327963189241714e-16 0
110,0,1,0,1,2,0,0 0 1.1718334461766188e-16 0
110,0,1,0,2,0,0,1 0 3.3467224658083067e-17 0
110,0,1,0,2,0,1,0 0 4.0457618165183357e-16 0
110,0,1,0,2,1,0,0 0 7.2682997231385054e-17 0
110,0,1,0,3,0,0,0 0 2.5913199546012005e-17 0
110,0,1,1,0,0,0,2 0 8.3603380983408377e-17 0
110,0,1,1,0,0,1,1 0 2.9322394508898168e-16 0
110,0,1,1,0,0,2,0 0 1.1351503322414627e-17 0
110,0,1,1,0,1,0,1 0 -1.1630935104386631e-16 0
110,0,1,1,0,1,1,0 0 -3.2235489184556423e-17 0
110,0,1,1,0,2,0,0 0 1.144006234706739e-16 0
110,0,1,1,1,0,0,1 0 -5.0220583442707467e-17 0
110,0,1,1,1,0,1,0 0 1.7139372874511866e-16 0
110,0,1,1,1,1,0,0 0 4.1653702802089314e-16 0
110,0,1,1,2,0,0,0 0 5.7224381246198056e-17 0
110,0,1,2,0,0,0,1 0 4.9048289843707515e-17 0
110,0,1,2,0,0,1,0 0 -1.260401966173344e-16 0
110,0,1,2,0,1,0,0 0 -1.4792329280964925e-16 0
110,0,1,2,1,0,0,0 0 8.0971902834538027e-17 0
110,0,1,3,0,0,0,0 0 8.6065429583733356e-17 0
110,0,2,0,0,0,0,2 0 6.6764830968478461e-17 0
110,0,2,0,0,0,1,1 0 4.6688456052657035e-17 0
110,0,2,0,0,0,2,0 0 2.8183157847402884e-16 0
110,0,2,0,0,1,0,1 0 -1.1414319535667412e-16 0
110,0,2,0,0,1,1,0 0 -2.4362361628928186e-17 0
110,0,2,0,0,2,0,0 0 2.9847582882713505e-16 0
110,0,2,0,1,0,0,1 0 -1.0335284443663614e-16 0
110,0,2,0,1,0,1,0 0 -5.3010181960188296e-17 0
110,0,2,0,1,1,0,0 0 1.595925156043655e-17 0
110,0,2,0,2,0,0,0 0 1.114737710234022e-16 0
110,0,2,1,0,0,0,1 0 -7.8512465057880911e-18 0
110,0,2,1,0,0,1,0 0 -7.7245032120483707e-17 0
110,0,2,1,0,1,0,0 0 1.9526594278759261e-16 0
110,0,2,1,1,0,0,0 0 -5.2512019323267163e-17 0
110,0,2,2,0,0,0,0 0 5.9198920925366237e-17 0
110,0,3,0,0,0,0,1 0 -1.5661639194732013e-18 0
110,0,3,0,0,0,1,0 0 1.0073424028516492e-16 0
110,0,3,0,0,1,0,0 0 -4.2647685377780395e-17 0
110,0,3,0,1,0,0,0 0 2.3267584919133213e-17 0
110,0,3,1,0,0,0,0 0 7.7941262638362626e-17 0
110,0,4,0,0,0,0,0 0 6.6619564818024349e-17 0
110,1,0,0,0,0,0,3 0 4.4753303405536179e-17 0
110,1,0,0,0,0,1,2 0 -1.0924014514149261e-16 0
110,1,0,0,0,0,2,1 0 5.9515075972928905e-17 0
110,1,0,0,0,0,3,0 0 -8.0203008676667936e-17 0
110,1,0,0,0,1,0,2 0 6.2853682804311331e-17 0
110,1,0,0,0,1,1,1 0 1.520297085379381e-16 0
110,1,0,0,0,1,2,0 0 -3.9746597533434416e-16 0
110,1,0,0,0,2,0,1 0 -8.1506512973153499e-17 0
110,1,0,0,0,2,1,0 0 -1.0101164357539071e-16 0
110,1,0,0,0,3,0,0 0 1.4872189598639979e-16 0
110,1,0,0,1,0,0,2 0 3.5005915918447755e-17 0
110,1,0,0,1,0,1,1 0 -4.6634688500182409e-16 0
110,1,0,0,1,0,2,0 0 -2.4140750408442909e-17 0
110,1,0,0,1,1,0,1 0 -1.4463499162772764e-16 0
110,1,0,0,1,1,1,0 0 7.3082854180225362e-17 0
110,1,0,0,1,2,0,0 0 2.2603822932064215e-16 0
110,1,0,0,2,0,0,1 0 -3.9856526528120263e-17 0
110,1,0,0,2,0,1,0 0 -9.0369521626087676e-17 0
110,1,0,0,2,1,0,0 0 -2.0582588274880198e-16 0
110,1,0,0,3,0,0,0 0 3.2490357441882444e-17 0
110,1,0,1,0,0,0,2 0 -2.9100536583714851e-17 0
110,1,0,1,0,0,1,1 0 -2.7943127749827036e-17 0
110,1,0,1,0,0,2,0 0 -4.0221221234950536e-17 0
110,1,0,1,0,1,0,1 0 3.8130484215077248e-16 0
110,1,0,1,0,1,1,0 0 -5.0017845660964443e-17 0
110,1,0,1,0,2,0,0 0 6.1715822786778004e-18 0
110,1,0,1,1,0,0,1 0 6.2751165347913959e-17 0
110,1,0,1,1,0,1,0 0 4.3214350419493522e-16 0
110,1,0,1,1,1,0,0 0 -1.4230545266610351e-16 0
110,1,0,1,2,0,0,0 0 -1.7361846078108208e-17 0
110,1,0,2,0,0,0,1 0 -1.9076876038061352e-17 0
110,1,0,2,0,0,1,0 0 -1.187336904143188e-16 0
110,1,0,2,0,1,0,0 0 2.5154326846699116e-16 0
110,1,0,2,1,0,0,0 0 7.581241339457527e-17 0
110,1,0,3,0,0,0,0 0 4.5043412189970777e-17 0
110,1,1,0,0,0,0,2 0 -5.8609809510550871e-17 0
110,1,1,0,0,0,1,1 0 3.1770511785614297e-17 0
110,1,1,0,0,0,2,0 0 -3.0357660829594124e-18 0
110,1,1,0,0,1,0,1 0 5.4690799821842037e-17 0
110,1,1,0,0,1,1,0 0 9.9738129539193865e-18 0
110,1,1,0,0,2,0,0 0 -8.9015539459901677e-17 0
110,1,1,0,1,0,0,1 0 -8.8714914546395038e-17 0
110,1,1,0,1,0,1,0 0 7.2958123197353631e-17 0
110,1,1,0,1,1,0,0 0 -4.1214585441196354e-17 0
110,1,1,0,2,0,0,0 0 -1.7423679483257772e-17 0
110,1,1,1,0,0,0,1 0 -8.0467348368003265e-17 0
110,1,1,1,0,0,1,0 0 1.1591372705817497e-16 0
110,1,1,1,0,1,0,0 0 1.0732194634812349e-16 0
110,1,1,1,1,0,0,0 0 2.3729628017329224e-18 0
110,1,1,2,0,0,0,0 0 -2.9789725238460116e-17 0
110,1,2,0,0,0,0,1 0 1.4348738126487848e-18 0
110,1,2,0,0,0,1,0 0 -1.6313346344349472e-16 0
110,1,2,0,0,1,0,0 0 -1.2396327183066685e-18 0
110,1,2,0,1,0,0,0 0 7.6614263824463577e-18 0
110,1,2,1,0,0,0,0 0 5.6677982805201111e-17 0
110,1,3,0,0,0,0,0 0 -6.5609054511949969e-17 0
110,2,0,0,0,0,0,2 0 5.8535058852955679e-17 0
110,2,0,0,0,0,1,1 0 3.6551165739917568e-17 0
110,2,0,0,0,0,2,0 0 4.0892124891301132e-16 0
110,2,0,0,0,1,0,1 0 -1.2370569440536274e-16 0
110,2,0,0,0,1,1,0 0 -2.7271919802746708e-17 0
110,2,0,0,0,2,0,0 0 2.4317844422721808e-16 0
110,2,0,0,1,0,0,1 0 -7.5674043145646922e-18 0
110,2,0,0,1,0,1,0 0 -3.2838655779010014e-17 0
110,2,0,0,1,1,0,0 0 -1.6797578763944526e-16 0
110,2,0,0,2,0,0,0 0 9.37720529752082e-17 0
110,2,0,1,0,0,0,1 0 -4.3217255350695305e-17 0
110,2,0,1,0,0,1,0 0 5.4127773477111299e-17 0
110,2,0,1,0,1,0,0 0 1.7222020569601674e-16 0
110,2,0,1,1,0,0,0 0 4.8164410963247653e-18 0
110,2,0,2,0,0,0,0 0 1.0170176366916615e-16 0
110,2,1,0,0,0,0,1 0 -6.5651406159312684e-18 0
110,2,1,0,0,0,1,0 0 8.9810903397373465e-17 0
110,2,1,0,0,1,0,0 0 -3.8945039667535831e-17 0
110,2,1,0,1,0,0,0 0 5.0896943709267094e-17 0
110,2,1,1,0,0,0,0 0 9.395615603211163e-17 0
110,2,2,0,0,0,0,0 0 5.3033791618775812e-17 0
110,3,0,0,0,0,0,1 0 -1.1098619768313894e-17 0
110,3,0,0,0,0,1,0 0 -1.0724130620465007e-16 0
110,3,0,0,0,1,0,0 0 2.5813011430219582e-17 0
110,3,0,0,1,0,0,0 0 8.8016958696520806e-17 0
110,3,0,1,0,0,0,0 0 -6.3671607321910627e-18 0
110,3,1,0,0,0,0,0 0 -8.8307525795115489e-17 0
110,4,0,0,0,0,0,0 0 6.2802443928447346e-17 0
101,0,0,0,0,0,0,4 0 -6.8038424414014107e-17 0
101,0,0,0,0,0,1,3 0 8.9966757459668256e-17 0
101,0,0,0,0,0,2,2 0 -1.1883618140093657e-16 0
101,0,0,0,0,0,3,1 0 1.5870517519524924e-16 0
101,0,0,0,0,0,4,0 0 1.3124775517705384e-16 0
101,0,0,0,0,1,0,3 0 -1.9608814052426033e-16 0
101,0,0,0,0,1,1,2 0 -3.7328890216262785e-16 0
101,0,0,0,0,1,2,1 0 -1.4410317421753235e-16 0
101,0,0,0,0,1,3,0 0 -1.3504288629722673e-16 0
101,0,0,0,0,2,0,2 0 -3.0710364025341835e-16 0
101,0,0,0,0,2,1,1 0 6.1350649309188177e-17 0
101,0,0,0,0,2,2,0 0 -9.1921233045898351e-17 0
101,0,0,0,0,3,0,1 0 -1.5681437266385102e-16 0
101,0,0,0,0,3,1,0 0 -1.2936623692085092e-16 0
101,0,0,0,0,4,0,0 0 -7.8725149906499951e-17 0
101,0,0,0,1,0,0,3 0 -3.6207433004057473e-17 0
101,0,0,0,1,0,1,2 0 -4.323028094039647e-17 0
101,0,0,0,1,0,2,1 0 -1.2946010738749211e-16 0
101,0,0,0,1,0,3,0 0 1.0685739344487654e-16 0
101,0,0,0,1,1,0,2 0 -6.3011053881419982e-17 0
101,0,0,0,1,1,1,1 0 1.0307309281155693e-16 0
101,0,0,0,1,1,2,0 0 -1.1511239635686711e-16 0
101,0,0,0,1,2,0,1 0 3.8889983019289113e-16 0
101,0,0,0,1,2,1,0 0 8.966931036825156e-17 0
101,0,0,0,1,3,0,0 0 -1.3102312832331454e-16 0
101,0,0,0,2,0,0,2 0 -9.3178600516538156e-17 0
101,0,0,0,2,0,1,1 0 2.4799769442890307e-16 0
101,0,0,0,2,0,2,0 0 2.599033777772727e-16 0
101,0,0,0,2,1,0,1 0 -1.4303670679737999e-16 0
101,0,0,0,2,1,1,0 0 1.8948412903698397e-16 0
101,0,0,0,2,2,0,0 0 1.2551248185630517e-17 0
101,0,0,0,3,0,0,1 0 -1.2603937605416675e-16 0
101,0,0,0,3,0,1,0 0 1.0602231991443272e-16 0
101,0,0,0,3,1,0,0 0 -5.338801682685062e-17 0
101,0,0,0,4,0,0,0 0 -3.8883140087937263e-17 0
101,0,0,1,0,0,0,3 0 -6.8646049174887657e-17 0
101,0,0,1,0,0,1,2 0 9.6500404760471154e-17 0
101,0,0,1,0,0,2,1 0 9.61562374389304e-17 0
101,0,0,1,0,0,3,0 0 2.666188187253519e-17 0
101,0,0,1,0,1,0,2 0 1.9895924310583083e-17 0
101,0,0,1,0,1,1,1 0 5.8142230124452566e-18 0
101,0,0,1,0,1,2,0 0 1.7588992950488052e-16 0
101,0,0,1,0,2,0,1 0 -1.5722656487243976e-16 0
101,0,0,1,0,2,1,0 0 4.5006541816160329e-17 0
101,0,0,1,0,3,0,0 0 1.8274787711189106e-16 0
101,0,0,1,1,0,0,2 0 1.4014498925501301e-16 0
101,0,0,1,1,0,1,1 0 -7.8706301458869588e-18 0
101,0,0,1,1,0,2,0 0 8.1142368215172955e-17 0
101,0,0,1,1,1,0,1 0 6.7688520397459276e-17 0
101,0,0,1,1,1,1,0 0 -4.7571487900169643e-17 0
101,0,0,1,1,2,0,0 0 1.8525130687620722e-16 0
101,0,0,1,2,0,0,1 0 7.9523688252969987e-18 0
101,0,0,1,2,0,1,0 0 2.48477115077049e-18 0
101,0,0,1,2,1,0,0 0 2.2807214431725211e-16 0
101,0,0,1,3,0,0,0 0 9.233007202673636e-17 0
101,0,0,2,0,0,0,2 0 3.4157450630976915e-17 0
101,0,0,2,0,0,1,1 0 1.0987033765424981e-16 0
101,0,0,2,0,0,2,0 0 1.131974830710647e-16 0
101,0,0,2,0,1,0,1 0 -2.2556995605150371e-16 0
101,0,0,2,0,1,1,0 0 -1.1360172954514181e-16 0
101,0,0,2,0,2,0,0 0 4.1502907114676407e-17 0
101,0,0,2,1,0,0,1 0 -1.4885757015047074e-17 0
101,0,0,2,1,0,1,0 0 1.7048486239271479e-16 0
101,0,0,2,1,1,0,0 0 -4.4340798360223335e-17 0
101,0,0,2,2,0,0,0 0 4.5676410499365756e-17 0
101,0,0,3,0,0,0,1 0 -9.2055540707597361e-18 0
101,0,0,3,0,0,1,0 0 6.7261192275569481e-17 0
101,0,0,3,0,1,0,0 0 1.4659151878854907e-16 0
101,0,0,3,1,0,0,0 0 7.4946269266448545e-17 0
101,0,0,4,0,0,0,0 0 5.887731310320562e-17 0
101,0,1,0,0,0,0,3 0 3.5749872571815e-17 0
101,0,1,0,0,0,1,2 0 1.8701301629248795e-16 0
101,0,1,0,0,0,2,1 0 -1.3758864382019953e-16 0
101,0,1,0,0,0,3,0 0 8.6780219512097578e-17 0
101,0,1,0,0,1,0,2 0 -1.0472133024700932e-16 0
101,0,1,0,0,1,1,1 0 -2.1791786040600836e-16 0
101,0,1,0,0,1,2,0 0 9.3549706826553947e-17 0
101,0,1,0,0,2,0,1 0 1.0185301198981024e-16 0
101,0,1,0,0,2,1,0 0 3.278527843224863e-16 0
101,0,1,0,0,3,0,0 0 5.6009977536574255e-17 0
101,0,1,0,1,0,0,2 0 -6.7411882202074576e-17 0
101,0,1,0,1,0,1,1 0 1.9232922793409761e-16 0
101,0,1,0,1,0,2,0 0 -1.5482473365228332e-17 0
101,0,1,0,1,1,0,1 0 -1.1485705356201494e-18 0
101,0,1,0,1,1,1,0 0 -5.1709073567098455e-18 0
101,0,1,0,1,2,0,0 0 9.9541862494259073e-17 0
101,0,1,0,2,0,0,1 0 5.3220138867171758e-17 0
101,0,1,0,2,0,1,0 0 1.9938435600361064e-16 0
101,0,1,0,2,1,0,0 0 -1.1129430591770269e-17 0
101,0,1,0,3,0,0,0 0 1.3573094174819324e-17 0
101,0,1,1,0,0,0,2 0 3.4506161113348448e-17 0
101,0,1,1,0,0,1,1 0 2.5758125805877991e-17 0
101,0,1,1,0,0,2,0 0 1.6185558902373546e-16 0
101,0,1,1,0,1,0,1 0 1.8385414517264264e-16 0
101,0,1,1,0,1,1,0 0 1.1870533768921355e-16 0
101,0,1,1,0,2,0,0 0 1.3289225175238352e-16 0
101,0,1,1,1,0,0,1 0 1.4718213898080174e-16 0
101,0,1,1,1,0,1,0 0 1.1207770551479451e-16 0
101,0,1,1,1,1,0,0 0 7.3021545712490758e-17 0
101,0,1,1,2,0,0,0 0 3.5354308185447242e-17 0
101,0,1,2,0,0,0,1 0 1.0404275097714022e-16 0
101,0,1,2,0,0,1,0 0 1.069844964029544e-16 0
101,0,1,2,0,1,0,0 0 5.7569123655730556e-17 0
101,0,1,2,1,0,0,0 0 -5.0385331350948429e-17 0
101,0,1,3,0,0,0,0 0 8.1474087493141421e-17 0
101,0,2,0,0,0,0,2 0 -2.0783139207010415e-16 0
101,0,2,0,0,0,1,1 0 2.6345773978218856e-16 0
101,0,2,0,0,0,2,0 0 1.1502368610534497e-16 0
101,0,2,0,0,1,0,1 0 -2.1597603737442787e-16 0
101,0,2,0,0,1,1,0 0 -7.7751695327313991e-17 0
101,0,2,0,0,2,0,0 0 -3.5878939217152874e-17 0
101,0,2,0,1,0,0,1 0 -4.9844552411768354e-17 0
101,0,2,0,1,0,1,0 0 1.3856918315486292e-16 0
101,0,2,0,1,1,0,0 0 -1.589721864605065e-16 0
101,0,2,0,2,0,0,0 0 3.8565833604961922e-17 0
101,0,2,1,0,0,0,1 0 -7.9286375956737188e-17 0
101,0,2,1,0,0,1,0 0 -6.2949742352576073e-17 0
101,0,2,1,0,1,0,0 0 1.3619084357035779e-17 0
101,0,2,1,1,0,0,0 0 3.7489678245475333e-17 0
101,0,2,2,0,0,0,0 0 1.5639298700748181e-16 0
101,0,3,0,0,0,0,1 0 1.2507288499156999e-17 0
101,0,3,0,0,0,1,0 0 4.4059265784379686e-17 0
101,0,3,0,0,1,0,0 0 9.0402979427504221e-17 0
101,0,3,0,1,0,0,0 0 6.1538019437249837e-17 0
101,0,3,1,0,0,0,0 0 9.5527128120546876e-17 0
101,0,4,0,0,0,0,0 0 7.6466746346329217e-17 0
101,1,0,0,0,0,0,3 0 -4.9318016897848807e-17 0
101,1,0,0,0,0,1,2 0 -4.3887741612560691e-17 0
101,1,0,0,0,0,2,1 0 -1.5120893361204868e-16 0
101,1,0,0,0,0,3,0 0 -1.1538960433855883e-16 0
101,1,0,0,0,1,0,2 0 1.7011386196181741e-17 0
101,1,0,0,0,1,1,1 0 1.7073156073860261e-16 0
101,1,0,0,0,1,2,0 0 -1.6710647148259102e-16 0
101,1,0,0,0,2,0,1 0 -1.069687865887608e-16 0
101,1,0,0,0,2,1,0 0 -1.236348612751486e-16 0
101,1,0,0,0,3,0,0 0 5.4699214730213539e-17 0
101,1,0,0,1,0,0,2 0 -4.2394465799928242e-17 0
101,1,0,0,1,0,1,1 0 -1.3612489326579687e-16 0
101,1,0,0,1,0,2,0 0 1.5040064303991697e-17 0
101,1,0,0,1,1,0,1 0 7.5725418099236591e-17 0
101,1,0,0,1,1,1,0 0 -9.8866334704175166e-18 0
101,1,0,0,1,2,0,0 0 -6.2800511716747463e-17 0
101,1,0,0,2,0,0,1 0 -1.0636182130760409e-16 0
101,1,0,0,2,0,1,0 0 -8.4001951445103473e-17 0
101,1,0,0,2,1,0,0 0 -1.0832683186611566e-16 0
101,1,0,0,3,0,0,0 0 -9.3336730979878694e-17 0
101,1,0,1,0,0,0,2 0 -1.8840478045545919e-16 0
101,1,0,1,0,0,1,1 0 -1.3435923824334306e-16 0
101,1,0,1,0,0,2,0 0 -2.8230613806494233e-18 0
101,1,0,1,0,1,0,1 0 3.0528384054112401e-17 0
101,1,0,1,0,1,1,0 0 -2.5255622781873169e-18 0
101,1,0,1,0,2,0,0 0 -1.7468514592339277e-16 0
101,1,0,1,1,0,0,1 0 -1.2535833509479469e-16 0
101,1,0,1,1,0,1,0 0 1.0257484287954852e-16 0
101,1,0,1,1,1,0,0 0 -2.5308391551892833e-17 0
101,1,0,1,2,0,0,0 0 2.5200818367591537e-17 0
101,1,0,2,0,0,0,1 0 -2.6485365007926365e-16 0
101,1,0,2,0,0,1,0 0 -2.0957543290850075e-16 0
101,1,0,2,0,1,0,0 0 6.4987332328665312e-17 0
101,1,0,2,1,0,0,0 0 -1.3076092299061943e-16 0
101,1,0,3,0,0,0,0 0 -2.2635790845068702e-17 0
101,1,1,0,0,0,0,2 0 -9.0071789545127789e-17 0
101,1,1,0,0,0,1,1 0 4.2695542739300263e-17 0
101,1,1,0,0,0,2,0 0 -9.3793652315363185e-17 0
101,1,1,0,0,1,0,1 0 3.4663341058724546e-17 0
101,1,1,0,0,1,1,0 0 1.6607817348462429e-16 0
101,1,1,0,0,2,0,0 0 -8.5953091839103754e-17 0
101,1,1,0,1,0,0,1 0 1.2582330447183993e-18 0
101,1,1,0,1,0,1,0 0 9.5910198605714669e-18 0
101,1,1,0,1,1,0,0 0 3.014132507855937e-17 0
101,1,1,0,2,0,0,0 0 -1.1223800650006239e-16 0
101,1,1,1,0,0,0,1 0 4.6023077274160919e-18 0
101,1,1,1,0,0,1,0 0 -1.1264970028419424e-16 0
101,1,1,1,0,1,0,0 0 1.4447915908369372e-16 0
101,1,1,1,1,0,0,0 0 4.1506308481355225e-17 0
101,1,1,2,0,0,0,0 0 3.7809433183063831e-17 0
101,1,2,0,0,0,0,1 0 -8.6569308308231258e-17 0
101,1,2,0,0,0,1,0 0 -1.959644604790714e-16 0
101,1,2,0,0,1,0,0 0 8.5071754057485655e-18 0
101,1,2,0,1,0,0,0 0 -5.7547189650179502e-17 0
101,1,2,1,0,0,0,0 0 -3.1998764286271566e-17 0
101,1,3,0,0,0,0,0 0 -3.761800373698436e-17 0
101,2,0,0,0,0,0,2 0 -8.3804433949715611e-17 0
101,2,0,0,0,0,1,1 0 1.5270077039040032e-16 0
101,2,0,0,0,0,2,0 0 1.7734159410073835e-16 0
101,2,0,0,0,1,0,1 0 -2.4872788976899548e-16 0
101,2,0,0,0,1,1,0 0 -8.4765869284408445e-17 0
101,2,0,0,0,2,0,0 0 -8.5547356439924044e-17 0
101,2,0,0,1,0,0,1 0 -3.371668159412077e-17 0
101,2,0,0,1,0,1,0 0 1.0082220150599e-16 0
101,2,0,0,1,1,0,0 0 -1.7638972917861587e-18 0
101,2,0,0,2,0,0,0 0 -5.6204871215059099e-18 0
101,2,0,1,0,0,0,1 0 -1.6934666760291313e-17 0
101,2,0,1,0,0,1,0 0 3.9173449538927513e-18 0
101,2,0,1,0,1,0,0 0 1.4174713578100793e-16 0
101,2,0,1,1,0,0,0 0 1.7315746309953892e-16 0
101,2,0,2,0,0,0,0 0 3.5714297188030319e-16 0
101,2,1,0,0,0,0,1 0 -6.3034074352296895e-18 0
101,2,1,0,0,0,1,0 0 8.4821032305098382e-17 0
101,2,1,0,0,1,0,0 0 1.0312880242705283e-16 0
101,2,1,0,1,0,0,0 0 4.2740633417798765e-18 0
101,2,1,1,0,0,0,0 0 1.2506682221499058e-16 0
101,2,2,0,0,0,0,0 0 1.2734229801550107e-16 0
101,3,0,0,0,0,0,1 0 -1.2545664385623539e-16 0
101,3,0,0,0,0,1,0 0 -1.1667958257766792e-16 0
101,3,0,0,0,1,0,0 0 3.7694256554571948e-17 0
101,3,0,0,1,0,0,0 0 -5.2401100512445798e-17 0
101,3,0,1,0,0,0,0 0 -1.1266619649333818e-16 0
101,3,1,0,0,0,0,0 0 -7.8780046264839915e-17 0
101,4,0,0,0,0,0,0 0 2.4899866568815349e-16 0
011,0,0,0,0,0,0,4 4.156753837552987e-16 9.4492030980374356e-17 0
011,0,0,0,0,0,1,3 -3.9061186942845709e-15 1.4400745949449262e-15 0
011,0,0,0,0,0,2,2 0.99999999999999345 0.12891078647848458 0
011,0,0,0,0,0,3,1 -5.636272427510941e-15 1.0577747445311703e-15 0
011,0,0,0,0,0,4,0 0.12499999999999549 0.015962543556105435 0
011,0,0,0,0,1,0,3 5.4108299499179991e-15 -9.741910156037736e-16 0
011,0,0,0,0,1,1,2 1.0172865696524147e-16 -1.0253427000137504e-15 0
011,0,0,0,0,1,2,1 5.7346654687298951e-15 -1.2277234350682731e-15 0
011,0,0,0,0,1,3,0 1.8074683595529009e-15 -2.9678340405896175e-16 0
011,0,0,0,0,2,0,2 0.99999999999999345 0.1289107864784827 0
011,0,0,0,0,2,1,1 -2.5084738854917439e-15 1.6512536729808161e-15 0
011,0,0,0,0,2,2,0 0.24999999999998965 0.031925087112210156 0
011,0,0,0,0,3,0,1 2.7836106876042422e-15 -5.1529815137754347e-16 0
011,0,0,0,0,3,1,0 2.8421386525562646e-15 -1.3174203595946816e-15 0
011,0,0,0,0,4,0,0 0.12500000000000261 0.015962543556104037 0
011,0,0,0,1,0,0,3 -7.4563083277994238e-16 1.7385222210457531e-16 0
011,0,0,0,1,0,1,2 -1.5942291851249114e-15 4.6180120204195414e-16 0
011,0,0,0,1,0,2,1 1.1497410440441607e-15 8.7585175447834709e-16 0
011,0,0,0,1,0,3,0 -2.9604991656428314e-15 1.4692102695297448e-16 0
011,0,0,0,1,1,0,2 2.2484439349087931e-15 -7.6506780746458939e-17 0
011,0,0,0,1,1,1,1 4.2426406871192865 0.53851858480402459 0
011,0,0,0,1,1,2,0 3.4892436254973283e-15 5.4506334477108694e-18 0
011,0,0,0,1,2,0,1 -1.8267718171362653e-15 -5.8889051544737505e-16 0
011,0,0,0,1,2,1,0 -7.4054103846532646e-15 1.8757588486476721e-17 0
011,0,0,0,1,3,0,0 3.9620259292495331e-15 -1.0839358082908881e-15 0
011,0,0,0,2,0,0,2 1.0000000000000033 0.12615974695776427 0
011,0,0,0,2,0,1,1 -4.8562499507798229e-15 1.1140719423374801e-15 0
011,0,0,0,2,0,2,0 0.4999999999999894 0.062474654464060572 0
011,0,0,0,2,1,0,1 2.7344934042800029e-16 -6.5894462263527305e-16 0
011,0,0,0,2,1,1,0 1.1087492720002288e-14 -1.0027231086737979e-15 0
011,0,0,0,2,2,0,0 0.49999999999999201 0.062474654464059164 0
011,0,0,0,3,0,0,1 2.5001566572244172e-15 3.1564936889315678e-16 0
011,0,0,0,3,0,1,0 -3.0948034323500899e-15 3.9535876911981228e-16 0
011,0,0,0,3,1,0,0 3.6221838800629504e-15 -1.023250475694473e-15 0
011,0,0,0,4,0,0,0 2.6764808853461643e-15 -4.2842007970770332e-16 0
011,0,0,1,0,0,0,3 3.3732784298834152e-15 -3.317051768468885e-16 0
011,0,0,1,0,0,1,2 -1.0521116192501561e-15 2.2348376722889675e-16 0
011,0,0,1,0,0,2,1 -2.121320343559645 -0.26925929240201057 0
011,0,0,1,0,0,3,0 -4.0847829371924093e-16 3.2581001472723316e-16 0
011,0,0,1,0,1,0,2 -4.9704166030871423e-15 2.1129984575499338e-15 0
011,0,0,1,0,1,1,1 3.7149112716360258e-15 -4.1905756939933698e-17 0
011,0,0,1,0,1,2,0 -8.8649872128939719e-15 2.5727527147548912e-15 0
011,0,0,1,0,2,0,1 2.1213203435596619 0.26925929240201102 0
011,0,0,1,0,2,1,0 -1.8631566633285819e-15 1.0288246027369817e-15 0
011,0,0,1,0,3,0,0 -8.1225993696991032e-15 1.8526697485617392e-15 0
011,0,0,1,1,0,0,2 -4.7482634144002667e-15 8.6193395086239799e-16 0
011,0,0,1,1,0,1,1 5.5858095926453188e-16 4.9732353651910088e-16 0
011,0,0,1,1,0,2,0 -1.9373337569600357e-16 4.1344016968661301e-16 0
011,0,0,1,1,1,0,1 -8.0914008132593196e-16 -3.3432051614948333e-16 0
011,0,0,1,1,1,1,0 -1.0531499446391618e-15 5.6403415737895507e-16 0
011,0,0,1,1,2,0,0 -1.6093293537399909e-15 7.5501509951285579e-16 0
011,0,0,1,2,0,0,1 7.8181818657929725e-16 -1.6906438814016933e-16 0
011,0,0,1,2,0,1,0 -1.4608269021526565e-15 5.9616381113420519e-16 0
011,0,0,1,2,1,0,0 -8.6945208824728507e-15 2.2138150518227328e-15 0
011,0,0,1,3,0,0,0 -3.7606115629569645e-15 6.666574928947339e-16 0
011,0,0,2,0,0,0,2 0.99999999999999589 0.12615974695776372 0
011,0,0,2,0,0,1,1 -3.5145497623290112e-15 1.2795754039673923e-15 0
011,0,0,2,0,0,2,0 0.50000000000000278 0.062474654464061245 0
011,0,0,2,0,1,0,1 5.3659333920652585e-15 -1.4945726947712679e-16 0
011,0,0,2,0,1,1,0 6.6079886246010744e-15 -1.217074536855392e-15 0
011,0,0,2,0,2,0,0 0.49999999999999872 0.062474654464059989 0
011,0,0,2,1,0,0,1 -9.0162252663894549e-16 4.6308985292287108e-17 0
011,0,0,2,1,0,1,0 -1.2690857479485951e-15 4.0995547614160882e-16 0
011,0,0,2,1,1,0,0 5.5075352779895489e-15 -6.7969735335947704e-16 0
011,0,0,2,2,0,0,0 1.9882006265414982e-15 4.3445823348154441e-16 0
011,0,0,3,0,0,0,1 1.9810542095655137e-15 -4.767236952418763e-16 0
011,0,0,3,0,0,1,0 -4.3488467221883959e-15 3.6736835361955711e-16 0
011,0,0,3,0,1,0,0 -8.9047675889920505e-15 2.4242203652613059e-15 0
011,0,0,3,1,0,0,0 -1.9268788292920759e-15 7.3145233698613567e-16 0
011,0,0,4,0,0,0,0 -1.4115291611059826e-15 8.3744951060994678e-16 0
011,0,1,0,0,0,0,3 -1.8611998945619775e-15 5.9426899843119732e-16 0
011,0,1,0,0,0,1,2 -6.9426750589837716e-15 1.84127344447782e-15 0
011,0,1,0,0,0,2,1 -6.6796340594116321e-16 1.191456872398633e-15 0
011,0,1,0,0,0,3,0 -0.49999999999999223 -0.061508511654260016 0
011,0,1,0,0,1,0,2 -1.4125409419614779e-15 -1.9550960378639584e-16 0
011,0,1,0,0,1,1,1 2.2937753855600124e-15 1.2504882925586797e-15 0
011,0,1,0,0,1,2,0 -8.9643868500174917e-16 1.0312795539410557e-16 0
011,0,1,0,0,2,0,1 -3.8484062103025176e-15 8.4198717198750647e-16 0
011,0,1,0,0,2,1,0 1.4999999999999813 0.18452553496278581 0
011,0,1,0,0,3,0,0 -1.7533840088515134e-15 -4.3984569389832678e-16 0
011,0,1,0,1,0,0,2 3.478974526707135e-15 -1.2758652099233762e-16 0
011,0,1,0,1,0,1,1 -2.1815539257450596e-15 1.9878004013457231e-16 0
011,0,1,0,1,0,2,0 -2.0460664023772878e-16 2.935162578459614e-17 0
011,0,1,0,1,1,0,1 2.8284271247461472 0.34576594600847488 0
011,0,1,0,1,1,1,0 -1.570795273384581e-15 7.3275433978961665e-16 0
011,0,1,0,1,2,0,0 -5.0491791195816117e-15 2.6302088424725248e-16 0
011,0,1,0,2,0,0,1 2.3823716437110232e-15 6.3850529410155316e-16 0
011,0,1,0,2,0,1,0 0.99999999999997924 0.12026598378780362 0
011,0,1,0,2,1,0,0 -2.919282112053001e-16 -1.7671224862092841e-16 0
011,0,1,0,3,0,0,0 1.3088289573502405e-16 1.1871209107416382e-16 0
011,0,1,1,0,0,0,2 -3.0717629355223662e-15 5.3952122907067335e-16 0
011,0,1,1,0,0,1,1 2.828427124746161 0.34576594600846822 0
011,0,1,1,0,0,2,0 -5.7148951170776986e-15 4.3751862988125559e-16 0
011,0,1,1,0,1,0,1 7.6891687458767606e-16 -4.0644804879882081e-16 0
011,0,1,1,0,1,1,0 2.2670037456403346e-15 -5.7400088629140977e-16 0
011,0,1,1,0,2,0,0 -1.8977913841591048e-15 1.8282160097870318e-16 0
011,0,1,1,1,0,0,1 3.8040317423826409e-15 8.3068859950408136e-16 0
011,0,1,1,1,0,1,0 5.0351704142942433e-15 -1.392183352107168e-16 0
011,0,1,1,1,1,0,0 1.9999999999999927 0.24053196757560855 0
011,0,1,1,2,0,0,0 5.4294134292642848e-16 8.1311774804623815e-17 0
011,0,1,2,0,0,0,1 -3.9586389721790738e-15 9.5445027749330169e-16 0
011,0,1,2,0,0,1,0 -1.0000000000000113 -0.12026598378780397 0
011,0,1,2,0,1,0,0 -1.0405156011979166e-15 1.8627101543069319e-16 0
011,0,1,2,1,0,0,0 -3.0545363330705677e-16 6.5278118739457713e-16 0
011,0,1,3,0,0,0,0 -1.3926068685807952e-16 1.6924311209203999e-16 0
011,0,2,0,0,0,0,2 -1.8264774729551819e-15 4.2508179051367612e-16 0
011,0,2,0,0,0,1,1 -7.5373057404834465e-15 1.1634844563485069e-15 0
011,0,2,0,0,0,2,0 0.4999999999999955 0.059166849084105674 0
011,0,2,0,0,1,0,1 1.2324046473545687e-14 -6.7049942258524259e-16 0
011,0,2,0,0,1,1,0 3.7519121110721892e-15 -1.0642392999846151e-15 0
011,0,2,0,0,2,0,0 0.49999999999999684 0.059166849084104078 0
011,0,2,0,1,0,0,1 6.5331445398193196e-16 8.3383985774007562e-17 0
011,0,2,0,1,0,1,0 -5.9579562950844698e-15 1.5257590338169379e-16 0
011,0,2,0,1,1,0,0 3.429417285689037e-15 -3.8804120002953773e-16 0
011,0,2,0,2,0,0,0 0.50000000000000955 0.057791329323744527 0
011,0,2,1,0,0,0,1 5.8579727728899713e-16 8.1124786767910037e-17 0
011,0,2,1,0,0,1,0 -3.3391883007454823e-15 1.7364834268938897e-15 0
011,0,2,1,0,1,0,0 -7.7769778369915204e-15 2.4907158237226282e-15 0
011,0,2,1,1,0,0,0 -4.0065878132572452e-15 6.7498361500800685e-16 0
011,0,2,2,0,0,0,0 0.499999999999997 0.057791329323744894 0
011,0,3,0,0,0,0,1 -2.4436934409604455e-15 7.2873293770897574e-16 0
011,0,3,0,0,0,1,0 -9.3038776552770153e-15 1.5308663624952201e-15 0
011,0,3,0,0,1,0,0 2.3552437195093097e-15 -3.2160824567709079e-16 0
011,0,3,0,1,0,0,0 6.8306114343723074e-16 -4.9999818196396634e-17 0
011,0,3,1,0,0,0,0 1.6087665108325105e-16 2.5873245074734347e-16 0
011,0,4,0,0,0,0,0 -2.6679098383622368e-15 -1.0708868145546668e-16 0
011,1,0,0,0,0,0,3 4.2383173929011822e-15 -7.5581258103269572e-16 0
011,1,0,0,0,0,1,2 9.434222473332296e-15 -1.826687537126101e-15 0
011,1,0,0,0,0,2,1 2.7800570005787062e-15 -1.0997265923427813e-15 0
011,1,0,0,0,0,3,0 6.6474468074159687e-15 -1.5186081016825559e-15 0
011,1,0,0,0,1,0,2 3.5610387421225898e-16 3.3289178332570214e-16 0
011,1,0,0,0,1,1,1 2.6370278641382923e-15 4.5762649041308084e-16 0
011,1,0,0,0,1,2,0 -1.5000000000000007 -0.18452553496278568 0
011,1,0,0,0,2,0,1 2.1009041305856361e-15 -5.5541909115154999e-17 0
011,1,0,0,0,2,1,0 9.5865984065874243e-15 -1.451864234779522e-15 0
011,1,0,0,0,3,0,0 0.49999999999999123 0.061508511654261258 0
011,1,0,0,1,0,0,2 6.1424074148236139e-15 -8.298801284658573e-16 0
011,1,0,0,1,0,1,1 -2.8284271247461605 -0.34576594600847721 0
011,1,0,0,1,0,2,0 3.5763930819970195e-15 -2.5903050087909269e-16 0
011,1,0,0,1,1,0,1 -4.6222225989789725e-15 -9.3984901249920725e-16 0
011,1,0,0,1,1,1,0 -1.567718997882958e-15 3.5603946684337241e-16 0
011,1,0,0,1,2,0,0 3.2243362817762806e-15 -1.5273772163352086e-16 0
011,1,0,0,2,0,0,1 3.7590644572788046e-15 -9.4545902275819729e-16 0
011,1,0,0,2,0,1,0 6.0143980995606278e-15 -1.685470204159864e-15 0
011,1,0,0,2,1,0,0 -0.9999999999999909 -0.12026598378780212 0
011,1,0,0,3,0,0,0 1.9155220232935271e-15 -1.486136246616615e-16 0
011,1,0,1,0,0,0,2 3.0598349243764455e-15 -7.8546995956414038e-16 0
011,1,0,1,0,0,1,1 -6.3056939399322694e-16 -1.4615412192252319e-16 0
011,1,0,1,0,0,2,0 2.2771189658843328e-15 -7.6847718378137806e-16 0
011,1,0,1,0,1,0,1 2.8284271247462058 0.34576594600847077 0
011,1,0,1,0,1,1,0 2.1213628529940763e-15 6.2282766387345223e-16 0
011,1,0,1,0,2,0,0 -2.7387366457600117e-15 1.8967570677074956e-16 0
011,1,0,1,1,0,0,1 4.6076423926288967e-15 -5.5335646004586736e-16 0
011,1,0,1,1,0,1,0 1.9999999999999893 0.24053196757561179 0
011,1,0,1,1,1,0,0 -3.6504680571772252e-15 -8.332381686753168e-16 0
011,1,0,1,2,0,0,0 2.4124497836680234e-15 -2.7371954393817441e-16 0
011,1,0,2,0,0,0,1 6.2580149395863316e-16 -2.9192143494172207e-17 0
011,1,0,2,0,0,1,0 1.2983524303421257e-14 -1.5539937500870515e-15 0
011,1,0,2,0,1,0,0 1.0000000000000004 0.12026598378780355 0
011,1,0,2,1,0,0,0 -3.019130355875338e-16 -1.5488505660313234e-16 0
011,1,0,3,0,0,0,0 9.8845356812787832e-17 -1.1513972961911881e-16 0
011,1,1,0,0,0,0,2 3.5685277839257387e-15 -1.2984879556136864e-15 0
011,1,1,0,0,0,1,1 -2.3796882433341215e-16 -3.8433611761895525e-16 0
011,1,1,0,0,0,2,0 1.4105605789307973e-15 -9.9322405768681454e-16 0
011,1,1,0,0,1,0,1 -3.513440149168108e-15 -6.6588902225333743e-16 0
011,1,1,0,0,1,1,0 6.298672521054538e-16 -4.9979348459329442e-16 0
011,1,1,0,0,2,0,0 6.0297360662903902e-15 -1.2552860989301648e-15 0
011,1,1,0,1,0,0,1 -3.127036949248831e-15 -1.0538696770573948e-15 0
011,1,1,0,1,0,1,0 1.9931629488625104e-16 -2.8350202171749653e-16 0
011,1,1,0,1,1,0,0 -4.3718571547013077e-16 -6.7491652392705279e-16 0
011,1,1,0,2,0,0,0 6.6235164325901402e-15 -1.0810156345379338e-15 0
011,1,1,1,0,0,0,1 8.6844783582427518e-16 -9.5767846490318398e-16 0
011,1,1,1,0,0,1,0 4.1399933973709189e-15 2.8196811075797801e-16 0
011,1,1,1,0,1,0,0 -4.7537187972143717e-15 9.7692393112797373e-17 0
011,1,1,1,1,0,0,0 -3.3735899273787395e-15 3.0888919894112021e-16 0
011,1,1,2,0,0,0,0 3.8071013897834904e-15 -1.168227840853131e-15 0
011,1,2,0,0,0,0,1 2.5264993818840259e-15 -5.187771870071578e-16 0
011,1,2,0,0,0,1,0 6.6818295688109153e-15 -1.3204362733429398e-15 0
011,1,2,0,0,1,0,0 -1.2121363347728994e-15 2.0405023699356095e-16 0
011,1,2,0,1,0,0,0 9.4169957188150963e-17 -5.0188596632593505e-16 0
011,1,2,1,0,0,0,0 1.6316206149823608e-15 -3.0771405646539185e-16 0
011,1,3,0,0,0,0,0 3.4606259508409079e-15 -6.6146835730161724e-16 0
011,2,0,0,0,0,0,2 3.4469794030276939e-17 8.6457669365783141e-16 0
011,2,0,0,0,0,1,1 -8.2123266249411325e-15 8.6921674014289046e-16 0
011,2,0,0,0,0,2,0 0.49999999999998485 0.059166849084105612 0
011,2,0,0,0,1,0,1 8.1594729337027667e-15 -7.9717701149538585e-16 0
011,2,0,0,0,1,1,0 4.1387939862141173e-15 -1.0009515392646155e-16 0
011,2,0,0,0,2,0,0 0.4999999999999904 0.059166849084103704 0
011,2,0,0,1,0,0,1 -6.6304352263961258e-15 1.1203172432248255e-16 0
011,2,0,0,1,0,1,0 -1.2866860835482852e-15 5.5695746373704744e-16 0
011,2,0,0,1,1,0,0 3.9264686901523238e-15 -6.0441698858158186e-16 0
011,2,0,0,2,0,0,0 0.50000000000000766 0.057791329323743479 0
011,2,0,1,0,0,0,1 1.6883199389383252e-15 -1.2985059847187389e-16 0
011,2,0,1,0,0,1,0 -4.3835658241655661e-15 4.1663986330810633e-16 0
011,2,0,1,0,1,0,0 -1.1960330607766988e-14 8.7170713287017973e-16 0
011,2,0,1,1,0,0,0 -2.6759363225704186e-15 3.0627356119999893e-16 0
011,2,0,2,0,0,0,0 0.499999999999997 0.057791329323745373 0
011,2,1,0,0,0,0,1 -1.9453873462225296e-15 6.0039558773868767e-16 0
011,2,1,0,0,0,1,0 -6.2010570560811634e-15 1.5403463552408903e-15 0
011,2,1,0,0,1,0,0 1.3114733942115684e-15 9.7664592884315338e-17 0
011,2,1,0,1,0,0,0 2.3264777076690086e-15 -9.6365149475706032e-18 0
011,2,1,1,0,0,0,0 -1.7197553799511466e-15 3.378959448124726e-16 0
011,2,2,0,0,0,0,0 -1.0127972950319669e-16 -3.1418146079556508e-17 0
011,3,0,0,0,0,0,1 2.9103782075905822e-15 -7.5170298893085467e-16 0
011,3,0,0,0,0,1,0 8.2427444251099817e-15 -1.5373419293769792e-15 0
011,3,0,0,0,1,0,0 9.0364730595979769e-17 1.6859290842590391e-17 0
011,3,0,0,1,0,0,0 1.4562742024072035e-15 -6.9207465881778077e-17 0
011,3,0,1,0,0,0,0 2.4080095624898256e-15 1.6445832848695334e-16 0
011,3,1,0,0,0,0,0 3.143333126271841e-15 -6.6085764654664689e-16 0
011,4,0,0,0,0,0,0 9.7268552041914749e-17 3.4042921188596293e-16 0
