# sectors lambda 1.9614068619764455 2.1995688493332102 2.298606272079097 2.3421820411462999
0,0,0,0,0,0,4 2.4330852003290326e-16 2.9174525208869317e-16 0
0,0,0,0,0,1,3 -7.0002190892884397e-15 1.3646852745075044e-15 0
0,0,0,0,0,2,2 -0.33333333333334331 0.12891078647848681 0
0,0,0,0,0,3,1 -1.9574050496781736e-15 1.9225886074142329e-15 0
0,0,0,0,0,4,0 -0.041666666666668843 0.015962543556106337 0
0,0,0,0,1,0,3 5.4802735225821693e-15 -1.5129905791763654e-15 0
0,0,0,0,1,1,2 7.864675504267761e-15 4.486564115016578e-17 0
0,0,0,0,1,2,1 6.0894791000052489e-15 -2.2850949919165503e-15 0
0,0,0,0,1,3,0 1.3288218995207574e-15 -9.6545662360992407e-16 0
0,0,0,0,2,0,2 -0.33333333333333759 0.12891078647848445 0
0,0,0,0,2,1,1 -4.418342863834855e-15 1.7415694080147532e-15 0
0,0,0,0,2,2,0 -0.083333333333336715 0.031925087112211099 0
0,0,0,0,3,0,1 1.4270734920277842e-15 -1.6639067801870764e-15 0
0,0,0,0,3,1,0 3.2147573299732102e-15 -2.260643820868336e-15 0
0,0,0,0,4,0,0 -0.041666666666664909 0.015962543556104335 0
0,0,0,1,0,0,3 4.6051487276321801e-17 -6.7217824188670061e-16 0
0,0,0,1,0,1,2 -1.5065531287772327e-15 -7.4300374880431619e-16 0
0,0,0,1,0,2,1 -3.079025749641584e-15 7.3563117403141476e-16 0
0,0,0,1,0,3,0 -4.6509969270011609e-15 -6.5396364538894414e-16 0
0,0,0,1,1,0,2 2.3597092772072344e-15 -2.101261737308055e-15 0
0,0,0,1,1,1,1 -1.4142135623730934 0.53851858480402104 0
0,0,0,1,1,2,0 -4.2387222746499698e-17 -9.6580051898650932e-16 0
0,0,0,1,2,0,1 -1.045978291375305e-14 -2.9813514158783753e-15 0
0,0,0,1,2,1,0 -3.043882829116036e-15 2.1542779529931753e-16 0
0,0,0,1,3,0,0 4.3551457960243964e-15 -1.152400894576064e-15 0
0,0,0,2,0,0,2 -0.33333333333334048 0.12615974695776669 0
0,0,0,2,0,1,1 -1.3095806990909287e-15 8.934910103453042e-16 0
0,0,0,2,0,2,0 -0.16666666666666852 0.062474654464059642 0
0,0,0,2,1,0,1 3.0292642580562884e-15 -2.600177695767994e-15 0
0,0,0,2,1,1,0 1.1497523582076202e-15 6.922461464730495e-16 0
0,0,0,2,2,0,0 -0.16666666666665897 0.062474654464058262 0
0,0,0,3,0,0,1 -1.6664187391102203e-16 -1.1193303228740348e-15 0
0,0,0,3,0,1,0 -3.8098864341140626e-15 1.2842645783633921e-15 0
0,0,0,3,1,0,0 3.3052919667757308e-17 -1.6666465909730317e-15 0
0,0,0,4,0,0,0 1.3543531666168965e-15 3.6937073950686627e-16 0
0,0,1,0,0,0,3 -3.5358543350183513e-17 -1.0651744243583838e-15 0
0,0,1,0,0,1,2 -3.4204545662844255e-15 -4.6295432765131039e-17 0
0,0,1,0,0,2,1 0.70710678118655046 -0.26925929240201352 0
0,0,1,0,0,3,0 -9.6514322141943998e-16 9.4595284296644655e-16 0
0,0,1,0,1,0,2 -8.9239359445884153e-15 3.8615164803810012e-15 0
0,0,1,0,1,1,1 4.9265519913360353e-15 -1.4996548924547937e-16 0
0,0,1,0,1,2,0 -1.2083071529282469e-14 3.099610344325758e-15 0
0,0,1,0,2,0,1 -0.70710678118653469 0.26925929240201307 0
0,0,1,0,2,1,0 -7.911625402333544e-15 1.120569849713223e-15 0
0,0,1,0,3,0,0 -7.2659272839421003e-15 3.1627358452967992e-15 0
0,0,1,1,0,0,2 -4.0596052994917864e-15 1.0443577426466621e-15 0
0,0,1,1,0,1,1 -2.9898772260089634e-15 9.2395709139214688e-16 0
0,0,1,1,0,2,0 4.95968283803494e-16 1.4568424591687723e-15 0
0,0,1,1,1,0,1 -2.4931466125529406e-15 9.9316645944640125e-16 0
0,0,1,1,1,1,0 -9.1052145478279917e-16 -1.5841108535596254e-15 0
0,0,1,1,2,0,0 -1.0650234672053154e-15 2.077002501940455e-15 0
0,0,1,2,0,0,1 2.324421037591673e-15 -1.2670799739294969e-15 0
0,0,1,2,0,1,0 -3.7127283669322053e-15 5.5047654802520274e-16 0
0,0,1,2,1,0,0 -9.336279206608334e-15 3.6148587920746544e-15 0
0,0,1,3,0,0,0 -5.3632872611380361e-15 1.8342261303566643e-15 0
0,0,2,0,0,0,2 -0.33333333333334003 0.12615974695776749 0
0,0,2,0,0,1,1 -4.4257132680858291e-15 2.756584023544395e-15 0
0,0,2,0,0,2,0 -0.16666666666667918 0.062474654464064361 0
0,0,2,0,1,0,1 -1.6614267504355771e-15 -1.1363040161040637e-15 0
0,0,2,0,1,1,0 5.1656795567412914e-15 -2.0436067456872965e-15 0
0,0,2,0,2,0,0 -0.16666666666666655 0.062474654464061613 0
0,0,2,1,0,0,1 2.0290708132794655e-15 1.540109186015659e-15 0
0,0,2,1,0,1,0 -3.8267525541597902e-15 1.9136168344369153e-16 0
0,0,2,1,1,0,0 4.4794236272712243e-15 -5.8146355433460681e-16 0
0,0,2,2,0,0,0 -1.0253028894652294e-15 1.0946850522407237e-15 0
0,0,3,0,0,0,1 2.9118790440939984e-15 3.9324012796049246e-16 0
0,0,3,0,0,1,0 -2.917703242639319e-15 6.9726735778437299e-16 0
0,0,3,0,1,0,0 -1.024628783588113e-14 3.6267773926754697e-15 0
0,0,3,1,0,0,0 -2.856049408474573e-15 1.144588845361158e-15 0
0,0,4,0,0,0,0 -6.0149395653721601e-15 1.0842136074302924e-15 0
0,1,0,0,0,0,3 -3.1683341626941773e-15 5.6834699751989695e-16 0
0,1,0,0,0,1,2 -1.0131534689110731e-14 3.7865371075454892e-15 0
0,1,0,0,0,2,1 -5.1760189369358215e-15 3.50861048614367e-15 0
0,1,0,0,0,3,0 0.166666666666658 -0.061508511654260418 0
0,1,0,0,1,0,2 -6.6266298079017193e-15 2.4010101587872343e-15 0
0,1,0,0,1,1,1 -4.6913653111319929e-15 9.471018661217969e-16 0
0,1,0,0,1,2,0 1.279851013430611e-15 -2.4236160783716507e-15 0
0,1,0,0,2,0,1 -3.4122004202480775e-15 1.7198139498032391e-15 0
0,1,0,0,2,1,0 -0.50000000000000677 0.18452553496278801 0
0,1,0,0,3,0,0 1.4458920276000527e-15 -2.628702404872191e-15 0
0,1,0,1,0,0,2 2.8775247030035597e-15 -6.2562196995653331e-16 0
0,1,0,1,0,1,1 -1.5008968657710182e-15 2.4181833423849375e-15 0
0,1,0,1,0,2,0 -3.0003205911824438e-15 1.5471044795387827e-16 0
0,1,0,1,1,0,1 -0.94280904158207102 0.34576594600847405 0
0,1,0,1,1,1,0 -3.6869087900682144e-15 -2.056429445271953e-15 0
0,1,0,1,2,0,0 -2.924743177005421e-15 7.7368506620494111e-16 0
0,1,0,2,0,0,1 -2.3316549608232164e-15 -4.2040558796449054e-16 0
0,1,0,2,0,1,0 -0.33333333333334236 0.12026598378781272 0
0,1,0,2,1,0,0 2.3203096800256836e-16 -2.7462067895107527e-15 0
0,1,0,3,0,0,0 -1.1781268508726928e-15 4.3133849204379898e-16 0
0,1,1,0,0,0,2 -5.1757174569032603e-15 8.4342177843309059e-16 0
0,1,1,0,0,1,1 -0.94280904158204071 0.34576594600847743 0
0,1,1,0,0,2,0 -3.8150640088709777e-15 1.1335195463189445e-15 0
0,1,1,0,1,0,1 5.8096036327525918e-15 9.7769441542310467e-16 0
0,1,1,0,1,1,0 5.8982279293595991e-16 9.6178258883700975e-17 0
0,1,1,0,2,0,0 -4.7904385304839867e-15 4.0896013334509975e-16 0
0,1,1,1,0,0,1 -4.202516007530128e-15 -4.8756508678865853e-16 0
0,1,1,1,0,1,0 1.3917910742184565e-15 5.838437073380199e-16 0
0,1,1,1,1,0,0 -0.66666666666666741 0.24053196757561054 0
0,1,1,2,0,0,0 4.4638864378199639e-16 -1.8108477887627713e-16 0
0,1,2,0,0,0,1 -3.9238621454066691e-15 7.9244130267524316e-16 0
0,1,2,0,0,1,0 0.33333333333333182 -0.12026598378780559 0
0,1,2,0,1,0,0 5.5858486029475532e-16 -1.9693551950434096e-15 0
0,1,2,1,0,0,0 -6.5112089171116408e-15 1.104600936102985e-15 0
0,1,3,0,0,0,0 -8.6561245566943084e-16 7.4231453008716449e-16 0
0,2,0,0,0,0,2 -5.3418641038360803e-16 6.7708425671719752e-16 0
0,2,0,0,0,1,1 -8.1209453224595496e-15 1.891878580878581e-15 0
0,2,0,0,0,2,0 -0.16666666666666743 0.05916684908410675 0
0,2,0,0,1,0,1 3.4360535250410607e-15 -2.0201939079922404e-15 0
0,2,0,0,1,1,0 1.3588305827760827e-15 -1.152262963863282e-15 0
0,2,0,0,2,0,0 -0.1666666666666686 0.059166849084104495 0
0,2,0,1,0,0,1 2.8451633410364607e-15 1.1823224690954426e-16 0
0,2,0,1,0,1,0 -4.1454470064983262e-15 -1.3398028346489621e-16 0
0,2,0,1,1,0,0 1.9619722513297688e-15 -7.7542139376163277e-16 0
0,2,0,2,0,0,0 -0.16666666666666788 0.057791329323748315 0
0,2,1,0,0,0,1 -1.4315805485498601e-15 2.9533667178505141e-15 0
0,2,1,0,0,1,0 -4.6154486482707924e-15 1.2527414001983761e-15 0
0,2,1,0,1,0,0 -1.1810864786188091e-14 3.5969491274379095e-15 0
0,2,1,1,0,0,0 -4.7574791328663935e-15 1.1043683328937348e-15 0
0,2,2,0,0,0,0 -0.16666666666667335 0.057791329323746081 0
0,3,0,0,0,0,1 -1.8711161092754836e-15 1.8516546802793687e-15 0
0,3,0,0,0,1,0 -6.8991036841770104e-15 2.4272847187062352e-15 0
0,3,0,0,1,0,0 -9.9226182825873366e-16 1.1722393888913274e-15 0
0,3,0,1,0,0,0 -9.0118884576995129e-16 -7.3433013142443215e-16 0
0,3,1,0,0,0,0 -1.3105835861004778e-15 7.1232082732297641e-16 0
0,4,0,0,0,0,0 9.3718435789647003e-16 2.9484878080743293e-16 0
1,0,0,0,0,0,3 3.6877781644378826e-15 -1.2567393957094164e-15 0
1,0,0,0,0,1,2 9.9472838820113818e-15 -3.1114976047075249e-15 0
1,0,0,0,0,2,1 7.2580288133783366e-15 -2.3046885580524368e-15 0
1,0,0,0,0,3,0 8.0989089133037817e-15 -2.1505692192336223e-15 0
1,0,0,0,1,0,2 8.409540459017404e-15 -6.7800244043202118e-16 0
1,0,0,0,1,1,1 -1.2914118423723239e-15 -1.6124796810290665e-16 0
1,0,0,0,1,2,0 0.50000000000000022 -0.1845255349627907 0
1,0,0,0,2,0,1 -7.7477838987554835e-17 -6.8895161182470389e-16 0
1,0,0,0,2,1,0 5.9570565630699126e-15 -2.2918006341226074e-15 0
1,0,0,0,3,0,0 -0.16666666666666727 0.061508511654263666 0
1,0,0,1,0,0,2 3.717200700893708e-15 -4.3026563215087243e-16 0
1,0,0,1,0,1,1 0.94280904158205714 -0.3457659460084756 0
1,0,0,1,0,2,0 2.7333549919988931e-15 -1.6943369450517221e-15 0
1,0,0,1,1,0,1 3.0893273643460908e-15 1.0085722946910625e-15 0
1,0,0,1,1,1,0 -3.8179671284308686e-16 5.2159611265562011e-16 0
1,0,0,1,2,0,0 3.9654419172949467e-16 -2.8130874738733613e-16 0
1,0,0,2,0,0,1 2.0056249412994664e-15 -2.2400158984636764e-15 0
1,0,0,2,0,1,0 5.2318311358559577e-15 -2.6499527398804457e-15 0
1,0,0,2,1,0,0 0.3333333333333241 -0.12026598378780556 0
1,0,0,3,0,0,0 1.0185062970964609e-15 1.8518173106052416e-16 0
1,0,1,0,0,0,2 3.2634214341270562e-15 -1.1835150914851766e-15 0
1,0,1,0,0,1,1 -7.4850607482968012e-16 -6.7166324585477e-17 0
1,0,1,0,0,2,0 2.6101896252045398e-15 -1.2760788519611266e-15 0
1,0,1,0,1,0,1 -0.94280904158205714 0.34576594600847599 0
1,0,1,0,1,1,0 -3.9211831752514886e-15 1.1431827706687159e-15 0
1,0,1,0,2,0,0 -2.0325714416317899e-15 -7.7822253171820274e-16 0
1,0,1,1,0,0,1 7.7992625378831004e-15 -5.6703773620991882e-17 0
1,0,1,1,0,1,0 -0.66666666666666707 0.24053196757560971 0
1,0,1,1,1,0,0 3.8112137347424101e-15 -1.0688098897679993e-15 0
1,0,1,2,0,0,0 3.3159849107018691e-15 -5.903751879726693e-16 0
1,0,2,0,0,0,1 -4.748534464943388e-16 -1.6985382284701034e-16 0
1,0,2,0,0,1,0 6.9826008039855503e-15 -3.4937330806172895e-15 0
1,0,2,0,1,0,0 -0.33333333333333498 0.12026598378780805 0
1,0,2,1,0,0,0 1.5763554198945651e-15 -2.1869713071748231e-16 0
1,0,3,0,0,0,0 -7.1524054989216199e-16 -1.0331599670839603e-15 0
1,1,0,0,0,0,2 4.2730673835339812e-15 -1.7781646159089031e-15 0
1,1,0,0,0,1,1 8.7252400803597077e-15 -9.928403928178081e-16 0
1,1,0,0,0,2,0 3.6635367606651937e-15 -1.3783323060370066e-15 0
1,1,0,0,1,0,1 -1.5094458801426723e-15 -7.3357326171321894e-16 0
1,1,0,0,1,1,0 1.7484704287622456e-15 -2.6291306897114982e-15 0
1,1,0,0,2,0,0 6.8632161276997852e-15 -1.439277149152597e-15 0
1,1,0,1,0,0,1 9.3604043249484397e-15 -2.8614452838973819e-15 0
1,1,0,1,0,1,0 6.1522952891181374e-16 1.6741776886186893e-16 0
1,1,0,1,1,0,0 5.1904914624703071e-15 -7.8177029449348003e-16 0
1,1,0,2,0,0,0 7.306263734263864e-15 -3.7808262328508323e-15 0
1,1,1,0,0,0,1 6.2807804063020404e-15 -2.7176783738460091e-16 0
1,1,1,0,0,1,0 1.128566132308552e-15 8.8799166119367637e-16 0
1,1,1,0,1,0,0 -4.4673570342565347e-15 9.6442548293449473e-16 0
1,1,1,1,0,0,0 -3.6877901623038437e-15 1.6088970840325662e-16 0
1,1,2,0,0,0,0 6.1879172438717848e-15 -7.8036235431767308e-16 0
1,2,0,0,0,0,1 3.7999117741271959e-15 -1.2547200691631621e-15 0
1,2,0,0,0,1,0 6.043586854923011e-15 -2.4755994780176205e-15 0
1,2,0,0,1,0,0 -4.0115480381963664e-17 2.6042536183101817e-16 0
1,2,0,1,0,0,0 -1.8726339923169633e-15 -7.1893446057513799e-16 0
1,2,1,0,0,0,0 1.9576354426398268e-15 -8.5196606713910938e-16 0
1,3,0,0,0,0,0 2.3193252873809911e-15 -1.2452875102625383e-15 0
2,0,0,0,0,0,2 2.2518879122523927e-16 1.3873044423309833e-15 0
2,0,0,0,0,1,1 -9.9211003995458569e-15 3.1059139635192246e-15 0
2,0,0,0,0,2,0 -0.16666666666666971 0.059166849084104446 0
2,0,0,0,1,0,1 4.6958812028761662e-15 -6.7692162639132469e-16 0
2,0,0,0,1,1,0 -5.0884487866765388e-16 -9.3691330735334866e-16 0
2,0,0,0,2,0,0 -0.16666666666666269 0.059166849084104987 0
2,0,0,1,0,0,1 -5.3730891264036629e-15 6.0064800355696946e-16 0
2,0,0,1,0,1,0 -5.6255591547940687e-15 2.7996810599006938e-16 0
2,0,0,1,1,0,0 1.821871307788013e-15 -6.0029733191680618e-16 0
2,0,0,2,0,0,0 -0.16666666666666533 0.057791329323745609 0
2,0,1,0,0,0,1 1.9598173995119539e-15 -2.2556013046931556e-15 0
2,0,1,0,0,1,0 -4.6892557111627431e-15 7.3481802240205063e-17 0
2,0,1,0,1,0,0 -9.985757389025093e-15 2.1843031533909721e-15 0
2,0,1,1,0,0,0 -3.7276903569125053e-16 7.6379332546172574e-16 0
2,0,2,0,0,0,0 -0.1666666666666711 0.057791329323747857 0
2,1,0,0,0,0,1 -3.9368898309983114e-15 1.1048126477513279e-15 0
2,1,0,0,0,1,0 -7.0052559533332163e-15 2.9105568174910538e-15 0
2,1,0,0,1,0,0 1.3201315003831919e-15 1.2276746236155763e-16 0
2,1,0,1,0,0,0 -1.7612061504805622e-15 -4.1096368026243168e-17 0
2,1,1,0,0,0,0 4.1521865900734429e-16 1.8736058963380349e-16 0
2,2,0,0,0,0,0 -4.3937293039975067e-17 4.9904470746792162e-16 0
3,0,0,0,0,0,1 2.277349722646857e-15 -1.2515826591265322e-15 0
3,0,0,0,0,1,0 7.9900312982637139e-15 -2.5363554572582769e-15 0
3,0,0,0,1,0,0 -2.878961437939565e-15 9.8290634935630991e-16 0
3,0,0,1,0,0,0 -3.5446634776697961e-16 1.4701103832545637e-15 0
3,0,1,0,0,0,0 1.3605212605388023e-15 -9.9302754604305155e-17 0
3,1,0,0,0,0,0 3.7506443212509225e-15 -1.3181558130044841e-15 0
4,0,0,0,0,0,0 -1.0387995124467794e-15 -1.6402284803811173e-16 0
