relative_moment_box 1e-06
delta	D	D_lower	disc_lower	certified
0.2	0.16	0.159983679992	0.157920138695	True
0.1	0.04	0.039983919992	0.0319221120521	True
0.075	0.0225	0.022483954992	0.008204399074	True
0.06	0.0144	0.014383971192	-0.00788612963119	False
0.055	0.0121	0.012083975792	-0.0144035247859	False
0.05	0.01	0.00998397999199	-0.0220467385467	False
0.04	0.0064	0.00638398719199	-0.0435991294497	False
0.02	0.0016	0.001583996792	-0.197216867825	False
0.01	0.0004	0.000383999192	-0.781235250543	False
0.005	9.99999999998e-05	8.39997919997e-05	-3.0077309561	False
0.002	1.59999999996e-05	-4.00004440852e-11	nan	False
0.001	3.99999999967e-06	-1.20000160003e-05	nan	False
certification_threshold_delta 0.06693910111770508
true_pole_separation_threshold 0.13387820223541017
