q2 mean 57.05802708634045 sd 26.062212783814132
root_delta mean 8.156025053534588 sd 2.215868775066392
ordered_entropy 13.809261843490422 effective_ordered_splits 993770.7681408807 maxprob 0.0020001282479446716
q2_hist_modes [(48, 0.03953189397788073), (40, 0.039253217728062936), (58, 0.0378476657309521), (64, 0.03718215366454872), (56, 0.03670441163130725), (46, 0.03664140038892492), (54, 0.03492896250392957), (42, 0.034591656470348925), (50, 0.03414103756509878), (38, 0.03181628190404611), (72, 0.03131779312595239), (96, 0.03097000702949608)]
q2_tail_ge96 0.09889843486073378 q2_low_le32 0.16740806131187222
equal_child_probability 3.765271991541724e-09
top (0, 8, 0, 8, 0, 8, 0, 8) p_ordered 0.0020001282479446716 q2 128.0 delta 16.95741931732461
top (8, 0, 8, 0, 8, 0, 8, 0) p_ordered 0.0020001282479446716 q2 128.0 delta 16.957419317324618
top (0, 8, 0, 8, 8, 0, 8, 0) p_ordered 0.0013700337560563064 q2 128.0 delta 15.987701256645872
top (8, 0, 8, 0, 0, 8, 0, 8) p_ordered 0.0013700337560563064 q2 128.0 delta 15.987701256645892
top (8, 0, 0, 8, 0, 8, 8, 0) p_ordered 0.001370033756056304 q2 128.0 delta 15.987701256645906
top (0, 8, 8, 0, 8, 0, 0, 8) p_ordered 0.001370033756056304 q2 128.0 delta 15.987701256645895
top (0, 8, 0, 8, 8, 0, 0, 8) p_ordered 0.0011849878582815222 q2 128.0 delta 15.456195105426373
top (8, 0, 0, 8, 0, 8, 0, 8) p_ordered 0.0011849878582815222 q2 128.0 delta 15.456195105426382
top (0, 8, 8, 0, 8, 0, 8, 0) p_ordered 0.0011849878582815222 q2 128.0 delta 15.45619510542637
top (8, 0, 8, 0, 0, 8, 8, 0) p_ordered 0.0011849878582815222 q2 128.0 delta 15.456195105426396
top (8, 0, 0, 8, 8, 0, 8, 0) p_ordered 0.00118498785828152 q2 128.0 delta 15.456195105426378
top (0, 8, 8, 0, 0, 8, 0, 8) p_ordered 0.00118498785828152 q2 128.0 delta 15.45619510542638
