q2 mean 105.38082753421678 sd 27.629016004905218
root_delta mean 11.68787153871848 sd 2.946829289458761
ordered_entropy 8.01454713062412 effective_ordered_splits 3024.639320985595 maxprob 0.023395410394692024
equal_child_probability 9.906224797658796e-09
top (0, 8, 0, 8, 0, 8, 0, 8) p_ordered 0.023395410394692024 q2 128.0 delta 16.95741931732461
top (8, 0, 8, 0, 8, 0, 8, 0) p_ordered 0.023395410394692024 q2 128.0 delta 16.957419317324618
top (0, 8, 0, 8, 8, 0, 8, 0) p_ordered 0.01607039254790431 q2 128.0 delta 15.987701256645872
top (8, 0, 8, 0, 0, 8, 0, 8) p_ordered 0.01607039254790431 q2 128.0 delta 15.987701256645892
top (0, 8, 8, 0, 8, 0, 0, 8) p_ordered 0.016070392547904284 q2 128.0 delta 15.987701256645895
top (8, 0, 0, 8, 0, 8, 8, 0) p_ordered 0.016070392547904284 q2 128.0 delta 15.987701256645906
top (8, 0, 0, 8, 0, 8, 0, 8) p_ordered 0.013939712581928377 q2 128.0 delta 15.456195105426382
top (8, 0, 8, 0, 0, 8, 8, 0) p_ordered 0.013939712581928377 q2 128.0 delta 15.456195105426396
top (0, 8, 8, 0, 0, 8, 0, 8) p_ordered 0.013939712581928377 q2 128.0 delta 15.45619510542638
top (0, 8, 0, 8, 8, 0, 0, 8) p_ordered 0.013939712581928377 q2 128.0 delta 15.456195105426373
top (8, 0, 8, 0, 8, 0, 0, 8) p_ordered 0.013939712581928377 q2 128.0 delta 15.456195105426389
top (8, 0, 0, 8, 8, 0, 8, 0) p_ordered 0.013939712581928377 q2 128.0 delta 15.456195105426378
