q2 mean 79.90692681607936 sd 33.01193540436746
root_delta mean 9.802140498895199 sd 2.920060770701354
ordered_entropy 11.528059463234547 effective_ordered_splits 101524.90971183202 maxprob 0.00977145911598593
q2_hist_modes [(96, 0.0994158062440421), (64, 0.042009876709210116), (72, 0.04127263575824851), (88, 0.03912623536550002), (104, 0.03526759589335288), (56, 0.02960501690216659), (58, 0.02747896442681113), (66, 0.024802862961240492), (48, 0.023561867316944277), (54, 0.02239819610547662), (40, 0.021365775894133195), (70, 0.020822010788867272)]
q2_tail_ge96 0.37240084284523034 q2_low_le32 0.06841926684575074
equal_child_probability 9.343114682071006e-09
top (8, 0, 8, 0, 8, 0, 8, 0) p_ordered 0.00977145911598593 q2 128.0 delta 16.957419317324618
top (0, 8, 0, 8, 0, 8, 0, 8) p_ordered 0.00977145911598593 q2 128.0 delta 16.95741931732461
top (8, 0, 8, 0, 0, 8, 0, 8) p_ordered 0.006731561060599684 q2 128.0 delta 15.987701256645892
top (8, 0, 0, 8, 0, 8, 8, 0) p_ordered 0.006731561060599684 q2 128.0 delta 15.987701256645906
top (0, 8, 8, 0, 8, 0, 0, 8) p_ordered 0.006731561060599684 q2 128.0 delta 15.987701256645895
top (0, 8, 0, 8, 8, 0, 8, 0) p_ordered 0.006731561060599684 q2 128.0 delta 15.987701256645872
top (0, 8, 0, 8, 0, 8, 8, 0) p_ordered 0.005840444771307086 q2 128.0 delta 15.456195105426382
top (8, 0, 0, 8, 0, 8, 0, 8) p_ordered 0.005840444771307086 q2 128.0 delta 15.456195105426382
top (0, 8, 8, 0, 8, 0, 8, 0) p_ordered 0.005840444771307086 q2 128.0 delta 15.45619510542637
top (8, 0, 8, 0, 8, 0, 0, 8) p_ordered 0.005840444771307086 q2 128.0 delta 15.456195105426389
top (8, 0, 0, 8, 8, 0, 8, 0) p_ordered 0.005840444771307076 q2 128.0 delta 15.456195105426378
top (0, 8, 8, 0, 0, 8, 0, 8) p_ordered 0.005840444771307076 q2 128.0 delta 15.45619510542638
