q2 mean 79.90692681607936 sd 33.01193540436746
root_delta mean 9.802140498895199 sd 2.920060770701354
ordered_entropy 11.528059463234547 effective_ordered_splits 101524.90971183202 maxprob 0.00977145911598593
equal_child_probability 9.343114682071006e-09
top (8, 0, 8, 0, 8, 0, 8, 0) p_ordered 0.00977145911598593 q2 128.0 delta 16.957419317324618
top (0, 8, 0, 8, 0, 8, 0, 8) p_ordered 0.00977145911598593 q2 128.0 delta 16.95741931732461
top (8, 0, 8, 0, 0, 8, 0, 8) p_ordered 0.006731561060599684 q2 128.0 delta 15.987701256645892
top (8, 0, 0, 8, 0, 8, 8, 0) p_ordered 0.006731561060599684 q2 128.0 delta 15.987701256645906
top (0, 8, 8, 0, 8, 0, 0, 8) p_ordered 0.006731561060599684 q2 128.0 delta 15.987701256645895
top (0, 8, 0, 8, 8, 0, 8, 0) p_ordered 0.006731561060599684 q2 128.0 delta 15.987701256645872
top (0, 8, 0, 8, 0, 8, 8, 0) p_ordered 0.005840444771307086 q2 128.0 delta 15.456195105426382
top (8, 0, 0, 8, 0, 8, 0, 8) p_ordered 0.005840444771307086 q2 128.0 delta 15.456195105426382
top (0, 8, 8, 0, 8, 0, 8, 0) p_ordered 0.005840444771307086 q2 128.0 delta 15.45619510542637
top (8, 0, 8, 0, 8, 0, 0, 8) p_ordered 0.005840444771307086 q2 128.0 delta 15.456195105426389
top (8, 0, 0, 8, 8, 0, 8, 0) p_ordered 0.005840444771307076 q2 128.0 delta 15.456195105426378
top (0, 8, 8, 0, 0, 8, 0, 8) p_ordered 0.005840444771307076 q2 128.0 delta 15.45619510542638
