q2 mean 79.60487134129338 sd 32.99137284083703
root_delta mean 9.780164632161075 sd 2.915177903496125
ordered_entropy 11.564311415160834 effective_ordered_splits 105272.91158902486 maxprob 0.009642472141923321
q2_hist_modes [(96, 0.09854537368999734), (64, 0.042048621205199053), (72, 0.04127695545201071), (88, 0.03900628892877475), (104, 0.03503702788018431), (56, 0.02975662940718514), (58, 0.027673670027624536), (66, 0.024943063870789452), (48, 0.0237748516874777), (54, 0.022592052476107075), (40, 0.021572854758954527), (46, 0.020940291776011262)]
q2_tail_ge96 0.36834410844372556 q2_low_le32 0.0693369801423965
equal_child_probability 9.292610675193185e-09
top (0, 8, 0, 8, 0, 8, 0, 8) p_ordered 0.009642472141923321 q2 128.0 delta 16.95741931732461
top (8, 0, 8, 0, 8, 0, 8, 0) p_ordered 0.009642472141923321 q2 128.0 delta 16.957419317324618
top (0, 8, 0, 8, 8, 0, 8, 0) p_ordered 0.0066426206667492185 q2 128.0 delta 15.987701256645872
top (8, 0, 8, 0, 0, 8, 0, 8) p_ordered 0.0066426206667492185 q2 128.0 delta 15.987701256645892
top (0, 8, 8, 0, 8, 0, 0, 8) p_ordered 0.006642620666749207 q2 128.0 delta 15.987701256645895
top (8, 0, 0, 8, 0, 8, 8, 0) p_ordered 0.006642620666749207 q2 128.0 delta 15.987701256645906
top (8, 0, 0, 8, 8, 0, 8, 0) p_ordered 0.005763198868216177 q2 128.0 delta 15.456195105426378
top (0, 8, 8, 0, 0, 8, 0, 8) p_ordered 0.005763198868216177 q2 128.0 delta 15.45619510542638
top (8, 0, 8, 0, 0, 8, 8, 0) p_ordered 0.005763198868216177 q2 128.0 delta 15.456195105426396
top (0, 8, 0, 8, 8, 0, 0, 8) p_ordered 0.005763198868216177 q2 128.0 delta 15.456195105426373
top (0, 8, 8, 0, 8, 0, 8, 0) p_ordered 0.005763198868216177 q2 128.0 delta 15.45619510542637
top (8, 0, 8, 0, 8, 0, 0, 8) p_ordered 0.005763198868216177 q2 128.0 delta 15.456195105426389
FULL_HIST_BEGIN
0 1.5039668205181665e-05
2 6.04440376911971e-05
4 0.00012922198494970245
6 0.0003219266832916401
8 0.0007685954942638958
10 0.0011195552981999272
12 0.0012936754500478959
14 0.0022114974605605808
16 0.003258497649543907
18 0.0032761613070171882
20 0.0036708325400107472
22 0.005508654320029691
24 0.007325606076408322
26 0.00783016492378468
28 0.007905008925030524
30 0.010182461273464926
32 0.014459637049896501
34 0.014213028780719752
36 0.010835360065601091
38 0.01618468413105989
40 0.021572854758954527
42 0.018388213584525
44 0.012597544521499493
46 0.020940291776011262
48 0.0237748516874777
50 0.020548323114617614
52 0.013919825448139588
54 0.022592052476107075
56 0.02975662940718514
58 0.027673670027624536
60 0.011246724185485467
62 0.020583520294228937
64 0.042048621205199053
66 0.024943063870789452
68 0.006346296520723711
70 0.020939106116545717
72 0.04127695545201071
74 0.013017672185818936
76 0.005204388204578874
78 0.017300373231192046
80 0.012191641958526858
82 0.01617499420379785
84 0.0029230794083995723
86 0.008209257576403907
88 0.03900628892877475
90 0.020050288288469255
92 0.00047707810116013314
94 0.007382231902250705
96 0.09854537368999734
98 0.004241396754397479
100 0.0007789233780407966
102 0.0047731158333788925
104 0.03503702788018431
114 0.009686924979588566
128 0.21528134592813813
FULL_HIST_END
