q2 mean 79.60487134129338 sd 32.99137284083703
root_delta mean 9.780164632161075 sd 2.915177903496125
ordered_entropy 11.564311415160834 effective_ordered_splits 105272.91158902486 maxprob 0.009642472141923321
q2_hist_modes [(96, 0.09854537368999734), (64, 0.042048621205199053), (72, 0.04127695545201071), (88, 0.03900628892877475), (104, 0.03503702788018431), (56, 0.02975662940718514), (58, 0.027673670027624536), (66, 0.024943063870789452), (48, 0.0237748516874777), (54, 0.022592052476107075), (40, 0.021572854758954527), (46, 0.020940291776011262)]
q2_tail_ge96 0.36834410844372556 q2_low_le32 0.0693369801423965
equal_child_probability 9.292610675193185e-09
top (0, 8, 0, 8, 0, 8, 0, 8) p_ordered 0.009642472141923321 q2 128.0 delta 16.95741931732461
top (8, 0, 8, 0, 8, 0, 8, 0) p_ordered 0.009642472141923321 q2 128.0 delta 16.957419317324618
top (0, 8, 0, 8, 8, 0, 8, 0) p_ordered 0.0066426206667492185 q2 128.0 delta 15.987701256645872
top (8, 0, 8, 0, 0, 8, 0, 8) p_ordered 0.0066426206667492185 q2 128.0 delta 15.987701256645892
top (0, 8, 8, 0, 8, 0, 0, 8) p_ordered 0.006642620666749207 q2 128.0 delta 15.987701256645895
top (8, 0, 0, 8, 0, 8, 8, 0) p_ordered 0.006642620666749207 q2 128.0 delta 15.987701256645906
top (8, 0, 0, 8, 8, 0, 8, 0) p_ordered 0.005763198868216177 q2 128.0 delta 15.456195105426378
top (0, 8, 8, 0, 0, 8, 0, 8) p_ordered 0.005763198868216177 q2 128.0 delta 15.45619510542638
top (8, 0, 8, 0, 0, 8, 8, 0) p_ordered 0.005763198868216177 q2 128.0 delta 15.456195105426396
top (0, 8, 0, 8, 8, 0, 0, 8) p_ordered 0.005763198868216177 q2 128.0 delta 15.456195105426373
top (0, 8, 8, 0, 8, 0, 8, 0) p_ordered 0.005763198868216177 q2 128.0 delta 15.45619510542637
top (8, 0, 8, 0, 8, 0, 0, 8) p_ordered 0.005763198868216177 q2 128.0 delta 15.456195105426389
