ordered_states 38165 entropy 8.614238660090026 Neff 5509.552374449547 invIPR 626.1483912965863
root_delta 5.287395914856159 1.3800865335219645 [3.204475325000724, 4.285903758941161, 5.2199362938492, 6.15608129305693, 7.993850628322935]
imbalance 22.978592533118587 7.025162425027061 [10.0, 18.0, 24.0, 32.0, 32.0]
top 0.011457439115295018 (4, 0, 4, 0, 4, 0, 4, 0) delta 8.478709658662307 imb 32
top 0.011457439115295018 (0, 4, 0, 4, 0, 4, 0, 4) delta 8.478709658662305 imb 32
top 0.008177595734564006 (0, 4, 0, 4, 4, 0, 4, 0) delta 7.993850628322935 imb 32
top 0.008177595734564006 (4, 0, 4, 0, 0, 4, 0, 4) delta 7.993850628322947 imb 32
top 0.008177595734563978 (0, 4, 4, 0, 4, 0, 0, 4) delta 7.993850628322948 imb 32
top 0.008177595734563978 (4, 0, 0, 4, 0, 4, 4, 0) delta 7.993850628322953 imb 32
top 0.00715622822670857 (4, 0, 0, 4, 4, 0, 4, 0) delta 7.728097552713189 imb 32
top 0.00715622822670857 (4, 0, 4, 0, 0, 4, 4, 0) delta 7.728097552713197 imb 32
top 0.00715622822670857 (4, 0, 0, 4, 0, 4, 0, 4) delta 7.728097552713191 imb 32
top 0.00715622822670857 (4, 0, 4, 0, 4, 0, 0, 4) delta 7.728097552713194 imb 32
top 0.00715622822670857 (0, 4, 0, 4, 0, 4, 4, 0) delta 7.72809755271319 imb 32
top 0.00715622822670857 (0, 4, 0, 4, 4, 0, 0, 4) delta 7.728097552713187 imb 32
