ordered_states 2306025 entropy 11.564311415160834 Neff 105272.91158902486 IPR 0.0009848820590926703 invIPR 1015.3500013202162
root_delta mean 9.780164632161075 sd 2.915177903496125 q [5.808158666566086, 7.552657244722007, 9.317867068948301, 11.600705300732889, 15.456195105426396]
imbalance mean 79.60487134129338 sd 32.99137284083703 q [30.0, 54.0, 74.0, 104.0, 128.0]
hist_peaks_top [(np.float64(0.04683356467465866), np.float64(15.447149159375394)), (np.float64(0.041043568365379896), np.float64(10.518899170277926)), (np.float64(0.03277326950896377), np.float64(12.267633037377028)), (np.float64(0.028731127932474513), np.float64(8.611189497078907)), (np.float64(0.026570482666996853), np.float64(15.924076577675148)), (np.float64(0.026415555817577346), np.float64(11.790705619077272)), (np.float64(0.026083934621374052), np.float64(9.565044333678419)), (np.float64(0.025235089850703416), np.float64(7.975286272679234))]
top 0.009642472141923321 (0, 8, 0, 8, 0, 8, 0, 8) delta 16.95741931732461 imb 128.0
top 0.009642472141923321 (8, 0, 8, 0, 8, 0, 8, 0) delta 16.957419317324618 imb 128.0
top 0.0066426206667492185 (0, 8, 0, 8, 8, 0, 8, 0) delta 15.987701256645872 imb 128.0
top 0.0066426206667492185 (8, 0, 8, 0, 0, 8, 0, 8) delta 15.987701256645892 imb 128.0
top 0.006642620666749207 (0, 8, 8, 0, 8, 0, 0, 8) delta 15.987701256645895 imb 128.0
top 0.006642620666749207 (8, 0, 0, 8, 0, 8, 8, 0) delta 15.987701256645906 imb 128.0
top 0.005763198868216177 (8, 0, 0, 8, 8, 0, 8, 0) delta 15.456195105426378 imb 128.0
top 0.005763198868216177 (0, 8, 8, 0, 0, 8, 0, 8) delta 15.45619510542638 imb 128.0
top 0.005763198868216177 (8, 0, 8, 0, 0, 8, 8, 0) delta 15.456195105426396 imb 128.0
top 0.005763198868216177 (0, 8, 0, 8, 8, 0, 0, 8) delta 15.456195105426373 imb 128.0
top 0.005763198868216177 (0, 8, 8, 0, 8, 0, 8, 0) delta 15.45619510542637 imb 128.0
top 0.005763198868216177 (8, 0, 8, 0, 8, 0, 0, 8) delta 15.456195105426389 imb 128.0
