q2 mean 57.05802708634045 sd 26.062212783814132
root_delta mean 8.156025053534588 sd 2.215868775066392
ordered_entropy 13.809261843490422 effective_ordered_splits 993770.7681408807 maxprob 0.0020001282479446716
equal_child_probability 3.765271991541724e-09
top (0, 8, 0, 8, 0, 8, 0, 8) p_ordered 0.0020001282479446716 q2 128.0 delta 16.95741931732461
top (8, 0, 8, 0, 8, 0, 8, 0) p_ordered 0.0020001282479446716 q2 128.0 delta 16.957419317324618
top (0, 8, 0, 8, 8, 0, 8, 0) p_ordered 0.0013700337560563064 q2 128.0 delta 15.987701256645872
top (8, 0, 8, 0, 0, 8, 0, 8) p_ordered 0.0013700337560563064 q2 128.0 delta 15.987701256645892
top (8, 0, 0, 8, 0, 8, 8, 0) p_ordered 0.001370033756056304 q2 128.0 delta 15.987701256645906
top (0, 8, 8, 0, 8, 0, 0, 8) p_ordered 0.001370033756056304 q2 128.0 delta 15.987701256645895
top (0, 8, 0, 8, 8, 0, 0, 8) p_ordered 0.0011849878582815222 q2 128.0 delta 15.456195105426373
top (8, 0, 0, 8, 0, 8, 0, 8) p_ordered 0.0011849878582815222 q2 128.0 delta 15.456195105426382
top (0, 8, 8, 0, 8, 0, 8, 0) p_ordered 0.0011849878582815222 q2 128.0 delta 15.45619510542637
top (8, 0, 8, 0, 0, 8, 8, 0) p_ordered 0.0011849878582815222 q2 128.0 delta 15.456195105426396
top (8, 0, 0, 8, 8, 0, 8, 0) p_ordered 0.00118498785828152 q2 128.0 delta 15.456195105426378
top (0, 8, 8, 0, 0, 8, 0, 8) p_ordered 0.00118498785828152 q2 128.0 delta 15.45619510542638
