# sectors lambda 1.9614068619764455 2.1995688493332102 2.298606272079097 2.3421820411462999
0,0,0,0,0,0,4 2.4330852003290326e-16 4.2026725524148267e-16 0
0,0,0,0,0,1,3 -7.0002190892884397e-15 0.004910463758241345 0
0,0,0,0,0,2,2 -0.33333333333334331 0.12891078647848664 0
0,0,0,0,0,3,1 -1.9574050496781736e-15 0.0049104637582414665 0
0,0,0,0,0,4,0 -0.041666666666668843 0.015962543556106001 0
0,0,0,0,1,0,3 5.4802735225821693e-15 -1.1172965967676772e-15 0
0,0,0,0,1,1,2 7.864675504267761e-15 0.0060140653040576721 0
0,0,0,0,1,2,1 6.0894791000052489e-15 -1.4291953037703919e-15 0
0,0,0,0,1,3,0 1.3288218995207574e-15 0.0060140653040579176 0
0,0,0,0,2,0,2 -0.33333333333333759 0.12891078647848381 0
0,0,0,0,2,1,1 -4.418342863834855e-15 0.0049104637582411013 0
0,0,0,0,2,2,0 -0.083333333333336715 0.031925087112210676 0
0,0,0,0,3,0,1 1.4270734920277842e-15 -1.1120808871702017e-15 0
0,0,0,0,3,1,0 3.2147573299732102e-15 0.0060140653040569548 0
0,0,0,0,4,0,0 -0.041666666666664909 0.015962543556104696 0
0,0,0,1,0,0,3 4.6051487276321801e-17 0.0085051727179977429 0
0,0,0,1,0,1,2 -1.5065531287772327e-15 -3.6158142452391573e-16 0
0,0,0,1,0,2,1 -3.079025749641584e-15 0.0085051727179973578 0
0,0,0,1,0,3,0 -4.6509969270011609e-15 4.5360308391362292e-16 0
0,0,0,1,1,0,2 2.3597092772072344e-15 0.00347222222222184 0
0,0,0,1,1,1,1 -1.4142135623730934 0.53851858480402237 0
0,0,0,1,1,2,0 -4.2387222746499698e-17 0.003472222222221222 0
0,0,0,1,2,0,1 -1.045978291375305e-14 0.008505172717997651 0
0,0,0,1,2,1,0 -3.043882829116036e-15 -2.9311183386996958e-16 0
0,0,0,1,3,0,0 4.3551457960243964e-15 0.003472222222221297 0
0,0,0,2,0,0,2 -0.33333333333334048 0.12615974695776611 0
0,0,0,2,0,1,1 -1.3095806990909287e-15 0.0049104637582418568 0
0,0,0,2,0,2,0 -0.16666666666666852 0.062474654464061946 0
0,0,0,2,1,0,1 3.0292642580562884e-15 -9.9751512659760483e-16 0
0,0,0,2,1,1,0 1.1497523582076202e-15 0.0060140653040579375 0
0,0,0,2,2,0,0 -0.16666666666665897 0.062474654464059781 0
0,0,0,3,0,0,1 -1.6664187391102203e-16 0.0085051727179970144 0
0,0,0,3,0,1,0 -3.8098864341140626e-15 7.0900045816973956e-16 0
0,0,0,3,1,0,0 3.3052919667757308e-17 0.0034722222222215346 0
0,0,0,4,0,0,0 1.3543531666168965e-15 -4.561204658328627e-16 0
0,0,1,0,0,0,3 -3.5358543350183513e-17 -3.70892010680135e-16 0
0,0,1,0,0,1,2 -3.4204545662844255e-15 -0.0034722222222217502 0
0,0,1,0,0,2,1 0.70710678118655046 -0.26925929240201346 0
0,0,1,0,0,3,0 -9.6514322141943998e-16 -0.0034722222222218287 0
0,0,1,0,1,0,2 -8.9239359445884153e-15 2.0893609243991321e-15 0
0,0,1,0,1,1,1 4.9265519913360353e-15 -6.0307390591790577e-16 0
0,0,1,0,1,2,0 -1.2083071529282469e-14 3.5499015294156167e-15 0
0,0,1,0,2,0,1 -0.70710678118653469 0.26925929240201207 0
0,0,1,0,2,1,0 -7.911625402333544e-15 -0.0034722222222208494 0
0,0,1,0,3,0,0 -7.2659272839421003e-15 2.3799808121536979e-15 0
0,0,1,1,0,0,2 -4.0596052994917864e-15 1.1397404287710744e-15 0
0,0,1,1,0,1,1 -2.9898772260089634e-15 1.2975189499220274e-15 0
0,0,1,1,0,2,0 4.95968283803494e-16 8.1307031420119191e-16 0
0,0,1,1,1,0,1 -2.4931466125529406e-15 7.9341237356131411e-16 0
0,0,1,1,1,1,0 -9.1052145478279917e-16 1.7691621415462724e-15 0
0,0,1,1,2,0,0 -1.0650234672053154e-15 1.1166330523326219e-15 0
0,0,1,2,0,0,1 2.324421037591673e-15 -5.0895160481900792e-16 0
0,0,1,2,0,1,0 -3.7127283669322053e-15 -0.0034722222222209071 0
0,0,1,2,1,0,0 -9.336279206608334e-15 2.3597075831413399e-15 0
0,0,1,3,0,0,0 -5.3632872611380361e-15 8.8392292617311963e-16 0
0,0,2,0,0,0,2 -0.33333333333334003 0.12615974695776594 0
0,0,2,0,0,1,1 -4.4257132680858291e-15 0.0049104637582417475 0
0,0,2,0,0,2,0 -0.16666666666667918 0.062474654464062543 0
0,0,2,0,1,0,1 -1.6614267504355771e-15 -3.5760079318829414e-16 0
0,0,2,0,1,1,0 5.1656795567412914e-15 0.006014065304057712 0
0,0,2,0,2,0,0 -0.16666666666666655 0.062474654464060406 0
0,0,2,1,0,0,1 2.0290708132794655e-15 0.0085051727179979927 0
0,0,2,1,0,1,0 -3.8267525541597902e-15 1.5067699692117298e-16 0
0,0,2,1,1,0,0 4.4794236272712243e-15 0.0034722222222214874 0
0,0,2,2,0,0,0 -1.0253028894652294e-15 1.8152254872838558e-16 0
0,0,3,0,0,0,1 2.9118790440939984e-15 -5.7090867677887097e-16 0
0,0,3,0,0,1,0 -2.917703242639319e-15 -0.0034722222222212011 0
0,0,3,0,1,0,0 -1.024628783588113e-14 2.6595163771296572e-15 0
0,0,3,1,0,0,0 -2.856049408474573e-15 7.4088277830439142e-16 0
0,0,4,0,0,0,0 -6.0149395653721601e-15 8.1511399294467973e-16 0
0,1,0,0,0,0,3 -3.1683341626941773e-15 9.2126365430440123e-16 0
0,1,0,0,0,1,2 -1.0131534689110731e-14 1.64660787294189e-15 0
0,1,0,0,0,2,1 -5.1760189369358215e-15 1.2988203950553204e-15 0
0,1,0,0,0,3,0 0.166666666666658 -0.061508511654260523 0
0,1,0,0,1,0,2 -6.6266298079017193e-15 0.0060140653040582186 0
0,1,0,0,1,1,1 -4.6913653111319929e-15 5.3165682461742655e-16 0
0,1,0,0,1,2,0 1.279851013430611e-15 0.0060140653040590695 0
0,1,0,0,2,0,1 -3.4122004202480775e-15 1.5939930086075043e-15 0
0,1,0,0,2,1,0 -0.50000000000000677 0.18452553496278701 0
0,1,0,0,3,0,0 1.4458920276000527e-15 0.0060140653040589055 0
0,1,0,1,0,0,2 2.8775247030035597e-15 -3.6187924662185046e-16 0
0,1,0,1,0,1,1 -1.5008968657710182e-15 -8.5039279726030571e-17 0
0,1,0,1,0,2,0 -3.0003205911824438e-15 2.9543564984308582e-16 0
0,1,0,1,1,0,1 -0.94280904158207102 0.34576594600847521 0
0,1,0,1,1,1,0 -3.6869087900682144e-15 1.0651289802336533e-15 0
0,1,0,1,2,0,0 -2.924743177005421e-15 6.825043257073242e-16 0
0,1,0,2,0,0,1 -2.3316549608232164e-15 1.3237505070714028e-15 0
0,1,0,2,0,1,0 -0.33333333333334236 0.12026598378780737 0
0,1,0,2,1,0,0 2.3203096800256836e-16 0.0060140653040595196 0
0,1,0,3,0,0,0 -1.1781268508726928e-15 1.1914417167399754e-16 0
0,1,1,0,0,0,2 -5.1757174569032603e-15 0.0034722222222228548 0
0,1,1,0,0,1,1 -0.94280904158204071 0.34576594600847788 0
0,1,1,0,0,2,0 -3.8150640088709777e-15 0.003472222222222644 0
0,1,1,0,1,0,1 5.8096036327525918e-15 1.6716101436039683e-16 0
0,1,1,0,1,1,0 5.8982279293595991e-16 -8.5090810214427008e-16 0
0,1,1,0,2,0,0 -4.7904385304839867e-15 0.0034722222222228205 0
0,1,1,1,0,0,1 -4.202516007530128e-15 7.1046610482915728e-16 0
0,1,1,1,0,1,0 1.3917910742184565e-15 -1.962072914808321e-16 0
0,1,1,1,1,0,0 -0.66666666666666741 0.24053196757560941 0
0,1,1,2,0,0,0 4.4638864378199639e-16 0.0034722222222229055 0
0,1,2,0,0,0,1 -3.9238621454066691e-15 1.9571816465930333e-15 0
0,1,2,0,0,1,0 0.33333333333333182 -0.12026598378780345 0
0,1,2,0,1,0,0 5.5858486029475532e-16 0.0060140653040595907 0
0,1,2,1,0,0,0 -6.5112089171116408e-15 1.1272353516510196e-15 0
0,1,3,0,0,0,0 -8.6561245566943084e-16 0.0034722222222223278 0
0,2,0,0,0,0,2 -5.3418641038360803e-16 6.6750262001785687e-16 0
0,2,0,0,0,1,1 -8.1209453224595496e-15 0.0049104637582413919 0
0,2,0,0,0,2,0 -0.16666666666666743 0.059166849084106035 0
0,2,0,0,1,0,1 3.4360535250410607e-15 -4.4885969940899884e-16 0
0,2,0,0,1,1,0 1.3588305827760827e-15 0.0060140653040579731 0
0,2,0,0,2,0,0 -0.1666666666666686 0.059166849084103509 0
0,2,0,1,0,0,1 2.8451633410364607e-15 0.0085051727179981957 0
0,2,0,1,0,1,0 -4.1454470064983262e-15 9.2780600910447042e-17 0
0,2,0,1,1,0,0 1.9619722513297688e-15 0.0034722222222215073 0
0,2,0,2,0,0,0 -0.16666666666666788 0.057791329323747101 0
0,2,1,0,0,0,1 -1.4315805485498601e-15 4.0538319229233011e-16 0
0,2,1,0,0,1,0 -4.6154486482707924e-15 -0.0034722222222213412 0
0,2,1,0,1,0,0 -1.1810864786188091e-14 3.8083685510725829e-15 0
0,2,1,1,0,0,0 -4.7574791328663935e-15 1.1744077932362984e-15 0
0,2,2,0,0,0,0 -0.16666666666667335 0.057791329323745644 0
0,3,0,0,0,0,1 -1.8711161092754836e-15 2.167645403450269e-15 0
0,3,0,0,0,1,0 -6.8991036841770104e-15 1.8106989432137288e-15 0
0,3,0,0,1,0,0 -9.9226182825873366e-16 0.0060140653040575975 0
0,3,0,1,0,0,0 -9.0118884576995129e-16 1.83772268236293e-16 0
0,3,1,0,0,0,0 -1.3105835861004778e-15 0.003472222222222301 0
0,4,0,0,0,0,0 9.3718435789647003e-16 7.1096557460736953e-17 0
1,0,0,0,0,0,3 3.6877781644378826e-15 -9.684364855183647e-16 0
1,0,0,0,0,1,2 9.9472838820113818e-15 -0.0060140653040602716 0
1,0,0,0,0,2,1 7.2580288133783366e-15 -9.8575661522382063e-16 0
1,0,0,0,0,3,0 8.0989089133037817e-15 -0.0060140653040606038 0
1,0,0,0,1,0,2 8.409540459017404e-15 2.8546873794953881e-16 0
1,0,0,0,1,1,1 -1.2914118423723239e-15 2.4364055694822695e-17 0
1,0,0,0,1,2,0 0.50000000000000022 -0.18452553496278309 0
1,0,0,0,2,0,1 -7.7477838987554835e-17 -8.6625741878342075e-17 0
1,0,0,0,2,1,0 5.9570565630699126e-15 -0.0060140653040603271 0
1,0,0,0,3,0,0 -0.16666666666666727 0.061508511654262035 0
1,0,0,1,0,0,2 3.717200700893708e-15 -0.0034722222222233297 0
1,0,0,1,0,1,1 0.94280904158205714 -0.34576594600847355 0
1,0,0,1,0,2,0 2.7333549919988931e-15 -0.0034722222222219497 0
1,0,0,1,1,0,1 3.0893273643460908e-15 4.0505454350879544e-16 0
1,0,0,1,1,1,0 -3.8179671284308686e-16 1.5685694930434035e-15 0
1,0,0,1,2,0,0 3.9654419172949467e-16 -0.0034722222222225482 0
1,0,0,2,0,0,1 2.0056249412994664e-15 -9.3775356403702492e-16 0
1,0,0,2,0,1,0 5.2318311358559577e-15 -0.0060140653040602534 0
1,0,0,2,1,0,0 0.3333333333333241 -0.1202659837878047 0
1,0,0,3,0,0,0 1.0185062970964609e-15 -0.0034722222222226544 0
1,0,1,0,0,0,2 3.2634214341270562e-15 -1.8904962231086619e-15 0
1,0,1,0,0,1,1 -7.4850607482968012e-16 9.1859029063834363e-17 0
1,0,1,0,0,2,0 2.6101896252045398e-15 -9.952433842330688e-16 0
1,0,1,0,1,0,1 -0.94280904158205714 0.34576594600847321 0
1,0,1,0,1,1,0 -3.9211831752514886e-15 6.2387195290478786e-16 0
1,0,1,0,2,0,0 -2.0325714416317899e-15 -1.2521377568745594e-15 0
1,0,1,1,0,0,1 7.7992625378831004e-15 4.7149241975963374e-16 0
1,0,1,1,0,1,0 -0.66666666666666707 0.24053196757560907 0
1,0,1,1,1,0,0 3.8112137347424101e-15 -2.1614586748035236e-17 0
1,0,1,2,0,0,0 3.3159849107018691e-15 -5.054821578670543e-16 0
1,0,2,0,0,0,1 -4.748534464943388e-16 -4.1678086763058397e-16 0
1,0,2,0,0,1,0 6.9826008039855503e-15 -0.0060140653040605058 0
1,0,2,0,1,0,0 -0.33333333333333498 0.12026598378780892 0
1,0,2,1,0,0,0 1.5763554198945651e-15 -0.0034722222222230707 0
1,0,3,0,0,0,0 -7.1524054989216199e-16 1.3188302988749456e-16 0
1,1,0,0,0,0,2 4.2730673835339812e-15 -3.3528702157885504e-15 0
1,1,0,0,0,1,1 8.7252400803597077e-15 -7.5677376943065725e-17 0
1,1,0,0,0,2,0 3.6635367606651937e-15 -4.9548024523036304e-16 0
1,1,0,0,1,0,1 -1.5094458801426723e-15 2.8165660558489426e-17 0
1,1,0,0,1,1,0 1.7484704287622456e-15 1.799718859546538e-16 0
1,1,0,0,2,0,0 6.8632161276997852e-15 -1.1825385844763044e-15 0
1,1,0,1,0,0,1 9.3604043249484397e-15 8.925125967546508e-16 0
1,1,0,1,0,1,0 6.1522952891181374e-16 -9.459995040396982e-16 0
1,1,0,1,1,0,0 5.1904914624703071e-15 -1.7870260721198752e-16 0
1,1,0,2,0,0,0 7.306263734263864e-15 -1.3861237582631441e-15 0
1,1,1,0,0,0,1 6.2807804063020404e-15 -1.4786767592530729e-16 0
1,1,1,0,0,1,0 1.128566132308552e-15 -4.0265907548114959e-17 0
1,1,1,0,1,0,0 -4.4673570342565347e-15 3.1674939058606414e-17 0
1,1,1,1,0,0,0 -3.6877901623038437e-15 1.041365772152336e-15 0
1,1,2,0,0,0,0 6.1879172438717848e-15 -1.123196772554146e-15 0
1,2,0,0,0,0,1 3.7999117741271959e-15 -7.9103390504542404e-16 0
1,2,0,0,0,1,0 6.043586854923011e-15 -0.0060140653040603046 0
1,2,0,0,1,0,0 -4.0115480381963664e-17 2.028000163634136e-16 0
1,2,0,1,0,0,0 -1.8726339923169633e-15 -0.0034722222222227741 0
1,2,1,0,0,0,0 1.9576354426398268e-15 -1.1858461261560205e-15 0
1,3,0,0,0,0,0 2.3193252873809911e-15 -7.0321352907409818e-16 0
2,0,0,0,0,0,2 2.2518879122523927e-16 1.0588182891221876e-15 0
2,0,0,0,0,1,1 -9.9211003995458569e-15 0.0049104637582419505 0
2,0,0,0,0,2,0 -0.16666666666666971 0.059166849084105536 0
2,0,0,0,1,0,1 4.6958812028761662e-15 -1.9248518794492964e-15 0
2,0,0,0,1,1,0 -5.0884487866765388e-16 0.0060140653040583027 0
2,0,0,0,2,0,0 -0.16666666666666269 0.059166849084104536 0
2,0,0,1,0,0,1 -5.3730891264036629e-15 0.0085051727179984785 0
2,0,0,1,0,1,0 -5.6255591547940687e-15 2.7451999007332972e-16 0
2,0,0,1,1,0,0 1.821871307788013e-15 0.0034722222222205064 0
2,0,0,2,0,0,0 -0.16666666666666533 0.057791329323745193 0
2,0,1,0,0,0,1 1.9598173995119539e-15 -9.4555981967892055e-17 0
2,0,1,0,0,1,0 -4.6892557111627431e-15 -0.0034722222222217402 0
2,0,1,0,1,0,0 -9.985757389025093e-15 2.4914885455586903e-15 0
2,0,1,1,0,0,0 -3.7276903569125053e-16 3.1113891844902763e-16 0
2,0,2,0,0,0,0 -0.1666666666666711 0.057791329323747288 0
2,1,0,0,0,0,1 -3.9368898309983114e-15 9.2404368027955145e-16 0
2,1,0,0,0,1,0 -7.0052559533332163e-15 1.6545888471698934e-15 0
2,1,0,0,1,0,0 1.3201315003831919e-15 0.006014065304058536 0
2,1,0,1,0,0,0 -1.7612061504805622e-15 1.3666385059154723e-16 0
2,1,1,0,0,0,0 4.1521865900734429e-16 0.0034722222222223829 0
2,2,0,0,0,0,0 -4.3937293039975067e-17 5.020533684965689e-17 0
3,0,0,0,0,0,1 2.277349722646857e-15 -4.9465368866935533e-16 0
3,0,0,0,0,1,0 7.9900312982637139e-15 -0.0060140653040603549 0
3,0,0,0,1,0,0 -2.878961437939565e-15 2.1322144387830953e-15 0
3,0,0,1,0,0,0 -3.5446634776697961e-16 -0.0034722222222213742 0
3,0,1,0,0,0,0 1.3605212605388023e-15 -2.1794157732853148e-16 0
3,1,0,0,0,0,0 3.7506443212509225e-15 -1.1672473271054505e-15 0
4,0,0,0,0,0,0 -1.0387995124467794e-15 1.9857332195661465e-16 0
