# sectors lambda 1.9614068619764455 2.1995688493332102 2.298606272079097 2.3421820411462999
0,0,0,0,0,0,4 2.4330852003290326e-16 4.7937660243267677e-16 0
0,0,0,0,0,1,3 -7.0002190892884397e-15 -0.0017973544798772772 0
0,0,0,0,0,2,2 -0.33333333333334331 0.12717467536737506 0
0,0,0,0,0,3,1 -1.9574050496781736e-15 -0.0017973544798776527 0
0,0,0,0,0,4,0 -0.041666666666668843 0.014226432444994754 0
0,0,0,0,1,0,3 5.4802735225821693e-15 0.0017973544798772349 0
0,0,0,0,1,1,2 7.864675504267761e-15 -1.6866221689681299e-15 0
0,0,0,0,1,2,1 6.0894791000052489e-15 0.0017973544798768452 0
0,0,0,0,1,3,0 1.3288218995207574e-15 -9.3830921765042374e-16 0
0,0,0,0,2,0,2 -0.33333333333333759 0.1306468975895948 0
0,0,0,0,2,1,1 -4.418342863834855e-15 -0.0017973544798778845 0
0,0,0,0,2,2,0 -0.083333333333336715 0.03192508711221035 0
0,0,0,0,3,0,1 1.4270734920277842e-15 0.0017973544798775749 0
0,0,0,0,3,1,0 3.2147573299732102e-15 -1.2197469373845079e-15 0
0,0,0,0,4,0,0 -0.041666666666664909 0.017698654667215881 0
0,0,0,1,0,0,3 4.6051487276321801e-17 4.621682810762584e-16 0
0,0,0,1,0,1,2 -1.5065531287772327e-15 0.0012709215409180299 0
0,0,0,1,0,2,1 -3.079025749641584e-15 2.0670314418436142e-16 0
0,0,0,1,0,3,0 -4.6509969270011609e-15 0.0012709215409188108 0
0,0,0,1,1,0,2 2.3597092772072344e-15 -0.0012709215409194242 0
0,0,0,1,1,1,1 -1.4142135623730934 0.53851858480402126 0
0,0,0,1,1,2,0 -4.2387222746499698e-17 -0.0012709215409187891 0
0,0,0,1,2,0,1 -1.045978291375305e-14 3.8187919267632575e-16 0
0,0,0,1,2,1,0 -3.043882829116036e-15 0.0012709215409173347 0
0,0,0,1,3,0,0 4.3551457960243964e-15 -0.0012709215409195294 0
0,0,0,2,0,0,2 -0.33333333333334048 0.12615974695776552 0
0,0,0,2,0,1,1 -1.3095806990909287e-15 -0.0017973544798776343 0
0,0,0,2,0,2,0 -0.16666666666666852 0.060738543352949988 0
0,0,0,2,1,0,1 3.0292642580562884e-15 0.0017973544798772936 0
0,0,0,2,1,1,0 1.1497523582076202e-15 -1.051908194338487e-15 0
0,0,0,2,2,0,0 -0.16666666666665897 0.064210765575170789 0
0,0,0,3,0,0,1 -1.6664187391102203e-16 3.6125616387217008e-16 0
0,0,0,3,0,1,0 -3.8098864341140626e-15 0.0012709215409179042 0
0,0,0,3,1,0,0 3.3052919667757308e-17 -0.0012709215409195602 0
0,0,0,4,0,0,0 1.3543531666168965e-15 -2.3340162268181697e-16 0
0,0,1,0,0,0,3 -3.5358543350183513e-17 0.0049104637582392304 0
0,0,1,0,0,1,2 -3.4204545662844255e-15 0.0012709215409188557 0
0,0,1,0,0,2,1 0.70710678118655046 -0.26434882864377263 0
0,0,1,0,0,3,0 -9.6514322141943998e-16 0.0012709215409179896 0
0,0,1,0,1,0,2 -8.9239359445884153e-15 0.0012709215409199099 0
0,0,1,0,1,1,1 4.9265519913360353e-15 -1.3578276957665336e-16 0
0,0,1,0,1,2,0 -1.2083071529282469e-14 0.001270921540921744 0
0,0,1,0,2,0,1 -0.70710678118653469 0.27416975616025357 0
0,0,1,0,2,1,0 -7.911625402333544e-15 0.001270921540919028 0
0,0,1,0,3,0,0 -7.2659272839421003e-15 0.0012709215409203486 0
0,0,1,1,0,0,2 -4.0596052994917864e-15 9.5173977206208793e-16 0
0,0,1,1,0,1,1 -2.9898772260089634e-15 1.0349251837460383e-15 0
0,0,1,1,0,2,0 4.95968283803494e-16 1.0380964751005584e-15 0
0,0,1,1,1,0,1 -2.4931466125529406e-15 4.96557818734783e-16 0
0,0,1,1,1,1,0 -9.1052145478279917e-16 1.105874357473953e-15 0
0,0,1,1,2,0,0 -1.0650234672053154e-15 1.5500970808923265e-15 0
0,0,1,2,0,0,1 2.324421037591673e-15 0.0049104637582397482 0
0,0,1,2,0,1,0 -3.7127283669322053e-15 0.0012709215409194515 0
0,0,1,2,1,0,0 -9.336279206608334e-15 0.0012709215409210189 0
0,0,1,3,0,0,0 -5.3632872611380361e-15 7.1642724305126526e-16 0
0,0,2,0,0,0,2 -0.33333333333334003 0.12615974695776588 0
0,0,2,0,0,1,1 -4.4257132680858291e-15 -0.0017973544798769593 0
0,0,2,0,0,2,0 -0.16666666666667918 0.06073854335295123 0
0,0,2,0,1,0,1 -1.6614267504355771e-15 0.0017973544798778089 0
0,0,2,0,1,1,0 5.1656795567412914e-15 -1.2609203503370636e-15 0
0,0,2,0,2,0,0 -0.16666666666666655 0.064210765575171469 0
0,0,2,1,0,0,1 2.0290708132794655e-15 7.6943117675865036e-16 0
0,0,2,1,0,1,0 -3.8267525541597902e-15 0.0012709215409180993 0
0,0,2,1,1,0,0 4.4794236272712243e-15 -0.001270921540919275 0
0,0,2,2,0,0,0 -1.0253028894652294e-15 2.1453650488056919e-16 0
0,0,3,0,0,0,1 2.9118790440939984e-15 0.004910463758240044 0
0,0,3,0,0,1,0 -2.917703242639319e-15 0.0012709215409188136 0
0,0,3,0,1,0,0 -1.024628783588113e-14 0.0012709215409211856 0
0,0,3,1,0,0,0 -2.856049408474573e-15 8.2729369145148612e-16 0
0,0,4,0,0,0,0 -6.0149395653721601e-15 7.3219963180385077e-16 0
0,1,0,0,0,0,3 -3.1683341626941773e-15 1.2562211392302198e-15 0
0,1,0,0,0,1,2 -1.0131534689110731e-14 0.0034722222222243809 0
0,1,0,0,0,2,1 -5.1760189369358215e-15 1.1480332838510044e-15 0
0,1,0,0,0,3,0 0.166666666666658 -0.05803628943203825 0
0,1,0,0,1,0,2 -6.6266298079017193e-15 -1.028685563695974e-15 0
0,1,0,0,1,1,1 -4.6913653111319929e-15 8.8659751083486856e-16 0
0,1,0,0,1,2,0 1.279851013430611e-15 -1.3641751179728735e-16 0
0,1,0,0,2,0,1 -3.4122004202480775e-15 1.6203298929727422e-16 0
0,1,0,0,2,1,0 -0.50000000000000677 0.18799775718500894 0
0,1,0,0,3,0,0 1.4458920276000527e-15 -3.8342811448929332e-16 0
0,1,0,1,0,0,2 2.8775247030035597e-15 0.0012709215409172218 0
0,1,0,1,0,1,1 -1.5008968657710182e-15 5.9089301218290106e-16 0
0,1,0,1,0,2,0 -3.0003205911824438e-15 0.0012709215409183823 0
0,1,0,1,1,0,1 -0.94280904158207102 0.34576594600847566 0
0,1,0,1,1,1,0 -3.6869087900682144e-15 3.9105338454510316e-16 0
0,1,0,1,2,0,0 -2.924743177005421e-15 0.0012709215409188708 0
0,1,0,2,0,0,1 -2.3316549608232164e-15 1.0928144356176495e-16 0
0,1,0,2,0,1,0 -0.33333333333334236 0.12373820601003015 0
0,1,0,2,1,0,0 2.3203096800256836e-16 3.1309932233903029e-16 0
0,1,0,3,0,0,0 -1.1781268508726928e-15 0.0012709215409180557 0
0,1,1,0,0,0,2 -5.1757174569032603e-15 -0.0012709215409174022 0
0,1,1,0,0,1,1 -0.94280904158204071 0.34576594600847643 0
0,1,1,0,0,2,0 -3.8150640088709777e-15 -0.0012709215409174967 0
0,1,1,0,1,0,1 5.8096036327525918e-15 -5.9915308115235768e-16 0
0,1,1,0,1,1,0 5.8982279293595991e-16 -1.3575557773467463e-15 0
0,1,1,0,2,0,0 -4.7904385304839867e-15 -0.0012709215409176099 0
0,1,1,1,0,0,1 -4.202516007530128e-15 7.1903130199179276e-16 0
0,1,1,1,0,1,0 1.3917910742184565e-15 3.835156101471671e-16 0
0,1,1,1,1,0,0 -0.66666666666666741 0.24053196757560841 0
0,1,1,2,0,0,0 4.4638864378199639e-16 -0.0012709215409173588 0
0,1,2,0,0,0,1 -3.9238621454066691e-15 1.0565349019093248e-15 0
0,1,2,0,0,1,0 0.33333333333333182 -0.11679376156558166 0
0,1,2,0,1,0,0 5.5858486029475532e-16 -2.1120867155843739e-16 0
0,1,2,1,0,0,0 -6.5112089171116408e-15 0.0012709215409193279 0
0,1,3,0,0,0,0 -8.6561245566943084e-16 -0.0012709215409179402 0
0,2,0,0,0,0,2 -5.3418641038360803e-16 8.9090247765849506e-16 0
0,2,0,0,0,1,1 -8.1209453224595496e-15 -0.0017973544798770892 0
0,2,0,0,0,2,0 -0.16666666666666743 0.057430737972995333 0
0,2,0,0,1,0,1 3.4360535250410607e-15 0.0017973544798779383 0
0,2,0,0,1,1,0 1.3588305827760827e-15 -2.7495367094232392e-16 0
0,2,0,0,2,0,0 -0.1666666666666686 0.060902960195214705 0
0,2,0,1,0,0,1 2.8451633410364607e-15 4.2733828628516157e-16 0
0,2,0,1,0,1,0 -4.1454470064983262e-15 0.001270921540918134 0
0,2,0,1,1,0,0 1.9619722513297688e-15 -0.0012709215409185937 0
0,2,0,2,0,0,0 -0.16666666666666788 0.057791329323745595 0
0,2,1,0,0,0,1 -1.4315805485498601e-15 0.0049104637582414396 0
0,2,1,0,0,1,0 -4.6154486482707924e-15 0.0012709215409189363 0
0,2,1,0,1,0,0 -1.1810864786188091e-14 0.0012709215409216379 0
0,2,1,1,0,0,0 -4.7574791328663935e-15 9.7491459349896559e-16 0
0,2,2,0,0,0,0 -0.16666666666667335 0.057791329323745859 0
0,3,0,0,0,0,1 -1.8711161092754836e-15 2.1056290391840982e-15 0
0,3,0,0,0,1,0 -6.8991036841770104e-15 0.0034722222222244191 0
0,3,0,0,1,0,0 -9.9226182825873366e-16 -2.9154196418135214e-16 0
0,3,0,1,0,0,0 -9.0118884576995129e-16 0.0012709215409183201 0
0,3,1,0,0,0,0 -1.3105835861004778e-15 -0.0012709215409179215 0
0,4,0,0,0,0,0 9.3718435789647003e-16 1.311613578164339e-16 0
1,0,0,0,0,0,3 3.6877781644378826e-15 -7.8576197198171327e-16 0
1,0,0,0,0,1,2 9.9472838820113818e-15 -1.1304433951420112e-15 0
1,0,0,0,0,2,1 7.2580288133783366e-15 -3.2694116511300386e-16 0
1,0,0,0,0,3,0 8.0989089133037817e-15 -1.9562666373970639e-15 0
1,0,0,0,1,0,2 8.409540459017404e-15 0.0034722222222228782 0
1,0,0,0,1,1,1 -1.2914118423723239e-15 -1.3215882381512056e-15 0
1,0,0,0,1,2,0 0.50000000000000022 -0.18105331274056041 0
1,0,0,0,2,0,1 -7.7477838987554835e-17 -5.7312080919974398e-16 0
1,0,0,0,2,1,0 5.9570565630699126e-15 -1.2561659544041252e-15 0
1,0,0,0,3,0,0 -0.16666666666666727 0.064980733876485661 0
1,0,0,1,0,0,2 3.717200700893708e-15 0.0012709215409169665 0
1,0,0,1,0,1,1 0.94280904158205714 -0.34576594600847654 0
1,0,0,1,0,2,0 2.7333549919988931e-15 0.0012709215409184378 0
1,0,0,1,1,0,1 3.0893273643460908e-15 -4.6654574734766863e-18 0
1,0,0,1,1,1,0 -3.8179671284308686e-16 1.5133700499367353e-15 0
1,0,0,1,2,0,0 3.9654419172949467e-16 0.0012709215409186549 0
1,0,0,2,0,0,1 2.0056249412994664e-15 -9.5163135184483938e-16 0
1,0,0,2,0,1,0 5.2318311358559577e-15 -1.8443634206694037e-15 0
1,0,0,2,1,0,0 0.3333333333333241 -0.11679376156558287 0
1,0,0,3,0,0,0 1.0185062970964609e-15 0.0012709215409171253 0
1,0,1,0,0,0,2 3.2634214341270562e-15 0.0012709215409172222 0
1,0,1,0,0,1,1 -7.4850607482968012e-16 -2.868256847310402e-16 0
1,0,1,0,0,2,0 2.6101896252045398e-15 0.0012709215409173488 0
1,0,1,0,1,0,1 -0.94280904158205714 0.34576594600847443 0
1,0,1,0,1,1,0 -3.9211831752514886e-15 2.2660672437894297e-16 0
1,0,1,0,2,0,0 -2.0325714416317899e-15 0.0012709215409172933 0
1,0,1,1,0,0,1 7.7992625378831004e-15 -3.2371566364985949e-16 0
1,0,1,1,0,1,0 -0.66666666666666707 0.2405319675756101 0
1,0,1,1,1,0,0 3.8112137347424101e-15 -2.6328325099505417e-16 0
1,0,1,2,0,0,0 3.3159849107018691e-15 0.0012709215409178439 0
1,0,2,0,0,0,1 -4.748534464943388e-16 -3.4012777403585881e-16 0
1,0,2,0,0,1,0 6.9826008039855503e-15 -9.8948356019173955e-16 0
1,0,2,0,1,0,0 -0.33333333333333498 0.12373820601003027 0
1,0,2,1,0,0,0 1.5763554198945651e-15 0.0012709215409177498 0
1,0,3,0,0,0,0 -7.1524054989216199e-16 0.0012709215409181815 0
1,1,0,0,0,0,2 4.2730673835339812e-15 -9.1497386831911357e-16 0
1,1,0,0,0,1,1 8.7252400803597077e-15 -3.6107665819092969e-16 0
1,1,0,0,0,2,0 3.6635367606651937e-15 -5.538950254048086e-16 0
1,1,0,0,1,0,1 -1.5094458801426723e-15 -9.0812423054568002e-16 0
1,1,0,0,1,1,0 1.7484704287622456e-15 2.8574936040777086e-16 0
1,1,0,0,2,0,0 6.8632161276997852e-15 -1.1954405903288819e-15 0
1,1,0,1,0,0,1 9.3604043249484397e-15 4.2218569433043897e-16 0
1,1,0,1,0,1,0 6.1522952891181374e-16 -4.5047167736877643e-16 0
1,1,0,1,1,0,0 5.1904914624703071e-15 3.828599080268795e-16 0
1,1,0,2,0,0,0 7.306263734263864e-15 1.2655366000389662e-15 0
1,1,1,0,0,0,1 6.2807804063020404e-15 -3.9419840951401387e-16 0
1,1,1,0,0,1,0 1.128566132308552e-15 1.5884782142884794e-16 0
1,1,1,0,1,0,0 -4.4673570342565347e-15 -9.7088680983873954e-16 0
1,1,1,1,0,0,0 -3.6877901623038437e-15 4.9839732417159523e-16 0
1,1,2,0,0,0,0 6.1879172438717848e-15 -1.0888817737949798e-15 0
1,2,0,0,0,0,1 3.7999117741271959e-15 -8.3407673129309856e-16 0
1,2,0,0,0,1,0 6.043586854923011e-15 -9.7363387968271708e-16 0
1,2,0,0,1,0,0 -4.0115480381963664e-17 0.0034722222222224653 0
1,2,0,1,0,0,0 -1.8726339923169633e-15 0.0012709215409177684 0
1,2,1,0,0,0,0 1.9576354426398268e-15 0.0012709215409178523 0
1,3,0,0,0,0,0 2.3193252873809911e-15 -7.2625282523941515e-16 0
2,0,0,0,0,0,2 2.2518879122523927e-16 9.5398949156999535e-16 0
2,0,0,0,0,1,1 -9.9211003995458569e-15 -0.0017973544798774565 0
2,0,0,0,0,2,0 -0.16666666666666971 0.05743073797299466 0
2,0,0,0,1,0,1 4.6958812028761662e-15 0.0017973544798762201 0
2,0,0,0,1,1,0 -5.0884487866765388e-16 -3.6537952025940401e-16 0
2,0,0,0,2,0,0 -0.16666666666666269 0.060902960195216467 0
2,0,0,1,0,0,1 -5.3730891264036629e-15 5.799939521711206e-16 0
2,0,0,1,0,1,0 -5.6255591547940687e-15 0.0012709215409182682 0
2,0,0,1,1,0,0 1.821871307788013e-15 -0.0012709215409202465 0
2,0,0,2,0,0,0 -0.16666666666666533 0.057791329323745456 0
2,0,1,0,0,0,1 1.9598173995119539e-15 0.0049104637582402435 0
2,0,1,0,0,1,0 -4.6892557111627431e-15 0.0012709215409184883 0
2,0,1,0,1,0,0 -9.985757389025093e-15 0.001270921540921033 0
2,0,1,1,0,0,0 -3.7276903569125053e-16 2.9292432195127116e-16 0
2,0,2,0,0,0,0 -0.1666666666666711 0.057791329323746879 0
2,1,0,0,0,0,1 -3.9368898309983114e-15 -2.7467057041115645e-16 0
2,1,0,0,0,1,0 -7.0052559533332163e-15 0.0034722222222242816 0
2,1,0,0,1,0,0 1.3201315003831919e-15 -3.7896658808601572e-16 0
2,1,0,1,0,0,0 -1.7612061504805622e-15 0.0012709215409185642 0
2,1,1,0,0,0,0 4.1521865900734429e-16 -0.0012709215409180039 0
2,2,0,0,0,0,0 -4.3937293039975067e-17 -5.4318528841523772e-17 0
3,0,0,0,0,0,1 2.277349722646857e-15 -5.9537607049325869e-16 0
3,0,0,0,0,1,0 7.9900312982637139e-15 -2.2566584018113289e-15 0
3,0,0,0,1,0,0 -2.878961437939565e-15 0.0034722222222241519 0
3,0,0,1,0,0,0 -3.5446634776697961e-16 0.0012709215409188786 0
3,0,1,0,0,0,0 1.3605212605388023e-15 0.0012709215409180243 0
3,1,0,0,0,0,0 3.7506443212509225e-15 -8.2585747397818288e-16 0
4,0,0,0,0,0,0 -1.0387995124467794e-15 7.7450998631038714e-17 0
