# sectors lambda 1.9614068619764455 2.1995688493332102 2.298606272079097 2.3421820411462999
0,0,0,0,0,0,4 2.4330852003290326e-16 4.1898992955702319e-16 0
0,0,0,0,0,1,3 -7.0002190892884397e-15 -0.0024552318791186607 0
0,0,0,0,0,2,2 -0.33333333333334331 0.12630661981181943 0
0,0,0,0,0,3,1 -1.9574050496781736e-15 -0.0024552318791185904 0
0,0,0,0,0,4,0 -0.041666666666668843 0.013358376889439312 0
0,0,0,0,1,0,3 5.4802735225821693e-15 0.0042525863589974464 0
0,0,0,0,1,1,2 7.864675504267761e-15 0.0030070326520277696 0
0,0,0,0,1,2,1 6.0894791000052489e-15 0.0042525863589974577 0
0,0,0,0,1,3,0 1.3288218995207574e-15 0.0030070326520285863 0
0,0,0,0,2,0,2 -0.33333333333333759 0.13151495314514991 0
0,0,0,0,2,1,1 -4.418342863834855e-15 -0.0024552318791184087 0
0,0,0,0,2,2,0 -0.083333333333336715 0.031925087112210954 0
0,0,0,0,3,0,1 1.4270734920277842e-15 0.0042525863589975748 0
0,0,0,0,3,1,0 3.2147573299732102e-15 0.0030070326520280763 0
0,0,0,0,4,0,0 -0.041666666666664909 0.018566710222771215 0
0,0,0,1,0,0,3 4.6051487276321801e-17 0.0042525863589988151 0
0,0,0,1,0,1,2 -1.5065531287772327e-15 0.0030070326520293296 0
0,0,0,1,0,2,1 -3.079025749641584e-15 0.0042525863589991412 0
0,0,0,1,0,3,0 -4.6509969270011609e-15 0.0030070326520301228 0
0,0,0,1,1,0,2 2.3597092772072344e-15 -0.0017361111111116503 0
0,0,0,1,1,1,1 -1.4142135623730934 0.53851858480402337 0
0,0,0,1,1,2,0 -4.2387222746499698e-17 -0.0017361111111117078 0
0,0,0,1,2,0,1 -1.045978291375305e-14 0.0042525863589970743 0
0,0,0,1,2,1,0 -3.043882829116036e-15 0.0030070326520294463 0
0,0,0,1,3,0,0 4.3551457960243964e-15 -0.0017361111111122301 0
0,0,0,2,0,0,2 -0.33333333333334048 0.12615974695776588 0
0,0,0,2,0,1,1 -1.3095806990909287e-15 -0.0024552318791185909 0
0,0,0,2,0,2,0 -0.16666666666666852 0.05987048779739635 0
0,0,0,2,1,0,1 3.0292642580562884e-15 0.0042525863589979737 0
0,0,0,2,1,1,0 1.1497523582076202e-15 0.0030070326520277792 0
0,0,0,2,2,0,0 -0.16666666666665897 0.065078821130726633 0
0,0,0,3,0,0,1 -1.6664187391102203e-16 0.0042525863589990233 0
0,0,0,3,0,1,0 -3.8098864341140626e-15 0.0030070326520286136 0
0,0,0,3,1,0,0 3.3052919667757308e-17 -0.0017361111111125103 0
0,0,0,4,0,0,0 1.3543531666168965e-15 -4.3884099370887497e-16 0
0,0,1,0,0,0,3 -3.5358543350183513e-17 0.0073656956373592559 0
0,0,1,0,0,1,2 -3.4204545662844255e-15 0.001736111111112362 0
0,0,1,0,0,2,1 0.70710678118655046 -0.26189359676465185 0
0,0,1,0,0,3,0 -9.6514322141943998e-16 0.0017361111111112791 0
0,0,1,0,1,0,2 -8.9239359445884153e-15 0.0030070326520313176 0
0,0,1,0,1,1,1 4.9265519913360353e-15 -5.6168448798327164e-16 0
0,0,1,0,1,2,0 -1.2083071529282469e-14 0.0030070326520325792 0
0,0,1,0,2,0,1 -0.70710678118653469 0.2766249880393728 0
0,0,1,0,2,1,0 -7.911625402333544e-15 0.0017361111111124797 0
0,0,1,0,3,0,0 -7.2659272839421003e-15 0.003007032652031246 0
0,0,1,1,0,0,2 -4.0596052994917864e-15 8.3312805439217374e-16 0
0,0,1,1,0,1,1 -2.9898772260089634e-15 1.3608363567951809e-15 0
0,0,1,1,0,2,0 4.95968283803494e-16 5.4516395738002377e-16 0
0,0,1,1,1,0,1 -2.4931466125529406e-15 1.0223958723902526e-15 0
0,0,1,1,1,1,0 -9.1052145478279917e-16 1.8916227769285102e-15 0
0,0,1,1,2,0,0 -1.0650234672053154e-15 8.2412599998699185e-17 0
0,0,1,2,0,0,1 2.324421037591673e-15 0.0073656956373600504 0
0,0,1,2,0,1,0 -3.7127283669322053e-15 0.0017361111111129906 0
0,0,1,2,1,0,0 -9.336279206608334e-15 0.0030070326520319755 0
0,0,1,3,0,0,0 -5.3632872611380361e-15 9.2279157405672496e-16 0
0,0,2,0,0,0,2 -0.33333333333334003 0.12615974695776525 0
0,0,2,0,0,1,1 -4.4257132680858291e-15 -0.0024552318791188949 0
0,0,2,0,0,2,0 -0.16666666666667918 0.059870487797395754 0
0,0,2,0,1,0,1 -1.6614267504355771e-15 0.0042525863589981099 0
0,0,2,0,1,1,0 5.1656795567412914e-15 0.0030070326520282588 0
0,0,2,0,2,0,0 -0.16666666666666655 0.06507882113072723 0
0,0,2,1,0,0,1 2.0290708132794655e-15 0.0042525863589992453 0
0,0,2,1,0,1,0 -3.8267525541597902e-15 0.0030070326520288287 0
0,0,2,1,1,0,0 4.4794236272712243e-15 -0.0017361111111121358 0
0,0,2,2,0,0,0 -1.0253028894652294e-15 4.8813492310728623e-16 0
0,0,3,0,0,0,1 2.9118790440939984e-15 0.0073656956373602906 0
0,0,3,0,0,1,0 -2.917703242639319e-15 0.0017361111111119884 0
0,0,3,0,1,0,0 -1.024628783588113e-14 0.0030070326520320947 0
0,0,3,1,0,0,0 -2.856049408474573e-15 8.6469866640223603e-16 0
0,0,4,0,0,0,0 -6.0149395653721601e-15 6.489057999026519e-16 0
0,1,0,0,0,0,3 -3.1683341626941773e-15 1.1198556109858555e-15 0
0,1,0,0,0,1,2 -1.0131534689110731e-14 0.0052083333333361086 0
0,1,0,0,0,2,1 -5.1760189369358215e-15 1.5401231410691255e-15 0
0,1,0,0,0,3,0 0.166666666666658 -0.056300178320927138 0
0,1,0,0,1,0,2 -6.6266298079017193e-15 0.0030070326520290681 0
0,1,0,0,1,1,1 -4.6913653111319929e-15 7.6977472674955546e-16 0
0,1,0,0,1,2,0 1.279851013430611e-15 0.0030070326520293734 0
0,1,0,0,2,0,1 -3.4122004202480775e-15 2.4088793614476094e-15 0
0,1,0,0,2,1,0 -0.50000000000000677 0.18973386829612052 0
0,1,0,0,3,0,0 1.4458920276000527e-15 0.0030070326520290642 0
0,1,0,1,0,0,2 2.8775247030035597e-15 0.0030070326520296288 0
0,1,0,1,0,1,1 -1.5008968657710182e-15 7.6727915311913656e-16 0
0,1,0,1,0,2,0 -3.0003205911824438e-15 0.0030070326520300738 0
0,1,0,1,1,0,1 -0.94280904158207102 0.34576594600847727 0
0,1,0,1,1,1,0 -3.6869087900682144e-15 1.2326382158826637e-15 0
0,1,0,1,2,0,0 -2.924743177005421e-15 0.0030070326520303279 0
0,1,0,2,0,0,1 -2.3316549608232164e-15 7.4250972240192384e-16 0
0,1,0,2,0,1,0 -0.33333333333334236 0.1254743171211421 0
0,1,0,2,1,0,0 2.3203096800256836e-16 0.0030070326520288031 0
0,1,0,3,0,0,0 -1.1781268508726928e-15 0.003007032652029376 0
0,1,1,0,0,0,2 -5.1757174569032603e-15 -0.0017361111111105301 0
0,1,1,0,0,1,1 -0.94280904158204071 0.34576594600847599 0
0,1,1,0,0,2,0 -3.8150640088709777e-15 -0.0017361111111107231 0
0,1,1,0,1,0,1 5.8096036327525918e-15 -4.1570607356781033e-16 0
0,1,1,0,1,1,0 5.8982279293595991e-16 -1.1123092459305252e-15 0
0,1,1,0,2,0,0 -4.7904385304839867e-15 -0.0017361111111104863 0
0,1,1,1,0,0,1 -4.202516007530128e-15 1.2616744893207878e-15 0
0,1,1,1,0,1,0 1.3917910742184565e-15 -1.090023562477882e-15 0
0,1,1,1,1,0,0 -0.66666666666666741 0.24053196757561046 0
0,1,1,2,0,0,0 4.4638864378199639e-16 -0.0017361111111107159 0
0,1,2,0,0,0,1 -3.9238621454066691e-15 1.5849750407787596e-15 0
0,1,2,0,0,1,0 0.33333333333333182 -0.11505765045447035 0
0,1,2,0,1,0,0 5.5858486029475532e-16 0.0030070326520284909 0
0,1,2,1,0,0,0 -6.5112089171116408e-15 0.0030070326520301909 0
0,1,3,0,0,0,0 -8.6561245566943084e-16 -0.0017361111111109983 0
0,2,0,0,0,0,2 -5.3418641038360803e-16 9.4752493611655053e-16 0
0,2,0,0,0,1,1 -8.1209453224595496e-15 -0.0024552318791183779 0
0,2,0,0,0,2,0 -0.16666666666666743 0.056562682417439239 0
0,2,0,0,1,0,1 3.4360535250410607e-15 0.004252586358997763 0
0,2,0,0,1,1,0 1.3588305827760827e-15 0.0030070326520284466 0
0,2,0,0,2,0,0 -0.1666666666666686 0.061771015750771492 0
0,2,0,1,0,0,1 2.8451633410364607e-15 0.0042525863589991083 0
0,2,0,1,0,1,0 -4.1454470064983262e-15 0.0030070326520298609 0
0,2,0,1,1,0,0 1.9619722513297688e-15 -0.0017361111111113673 0
0,2,0,2,0,0,0 -0.16666666666666788 0.057791329323745873 0
0,2,1,0,0,0,1 -1.4315805485498601e-15 0.0073656956373606948 0
0,2,1,0,0,1,0 -4.6154486482707924e-15 0.0017361111111125751 0
0,2,1,0,1,0,0 -1.1810864786188091e-14 0.0030070326520326238 0
0,2,1,1,0,0,0 -4.7574791328663935e-15 3.2005648131772091e-16 0
0,2,2,0,0,0,0 -0.16666666666667335 0.057791329323745901 0
0,3,0,0,0,0,1 -1.8711161092754836e-15 1.9509133891704167e-15 0
0,3,0,0,0,1,0 -6.8991036841770104e-15 0.0052083333333358415 0
0,3,0,0,1,0,0 -9.9226182825873366e-16 0.0030070326520288274 0
0,3,0,1,0,0,0 -9.0118884576995129e-16 0.0030070326520294502 0
0,3,1,0,0,0,0 -1.3105835861004778e-15 -0.0017361111111112173 0
0,4,0,0,0,0,0 9.3718435789647003e-16 4.3977950621443274e-16 0
1,0,0,0,0,0,3 3.6877781644378826e-15 -1.1310397063368782e-15 0
1,0,0,0,0,1,2 9.9472838820113818e-15 -0.0030070326520311259 0
1,0,0,0,0,2,1 7.2580288133783366e-15 -6.1360421951817123e-16 0
1,0,0,0,0,3,0 8.0989089133037817e-15 -0.0030070326520311923 0
1,0,0,0,1,0,2 8.409540459017404e-15 0.005208333333333255 0
1,0,0,0,1,1,1 -1.2914118423723239e-15 9.0114480005669406e-16 0
1,0,0,0,1,2,0 0.50000000000000022 -0.17931720162945114 0
1,0,0,0,2,0,1 -7.7477838987554835e-17 -9.5122276432690759e-16 0
1,0,0,0,2,1,0 5.9570565630699126e-15 -0.0030070326520312569 0
1,0,0,0,3,0,0 -0.16666666666666727 0.066716844987596613 0
1,0,0,1,0,0,2 3.717200700893708e-15 0.0017361111111102783 0
1,0,0,1,0,1,1 0.94280904158205714 -0.34576594600847282 0
1,0,0,1,0,2,0 2.7333549919988931e-15 0.0017361111111117798 0
1,0,0,1,1,0,1 3.0893273643460908e-15 8.8508505537675253e-16 0
1,0,0,1,1,1,0 -3.8179671284308686e-16 2.1230304840524905e-15 0
1,0,0,1,2,0,0 3.9654419172949467e-16 0.0017361111111112815 0
1,0,0,2,0,0,1 2.0056249412994664e-15 -1.6158136027094594e-15 0
1,0,0,2,0,1,0 5.2318311358559577e-15 -0.0030070326520308787 0
1,0,0,2,1,0,0 0.3333333333333241 -0.11505765045447067 0
1,0,0,3,0,0,0 1.0185062970964609e-15 0.0017361111111108074 0
1,0,1,0,0,0,2 3.2634214341270562e-15 0.0030070326520287914 0
1,0,1,0,0,1,1 -7.4850607482968012e-16 -4.2015544689244511e-16 0
1,0,1,0,0,2,0 2.6101896252045398e-15 0.0030070326520278512 0
1,0,1,0,1,0,1 -0.94280904158205714 0.34576594600847343 0
1,0,1,0,1,1,0 -3.9211831752514886e-15 3.34552603177031e-16 0
1,0,1,0,2,0,0 -2.0325714416317899e-15 0.0030070326520282237 0
1,0,1,1,0,0,1 7.7992625378831004e-15 -5.6814904343671646e-16 0
1,0,1,1,0,1,0 -0.66666666666666707 0.2405319675756106 0
1,0,1,1,1,0,0 3.8112137347424101e-15 -7.8445923530883616e-16 0
1,0,1,2,0,0,0 3.3159849107018691e-15 0.0030070326520289107 0
1,0,2,0,0,0,1 -4.748534464943388e-16 -8.4910648390917887e-16 0
1,0,2,0,0,1,0 6.9826008039855503e-15 -0.0030070326520306623 0
1,0,2,0,1,0,0 -0.33333333333333498 0.12547431712114263 0
1,0,2,1,0,0,0 1.5763554198945651e-15 0.0017361111111108753 0
1,0,3,0,0,0,0 -7.1524054989216199e-16 0.0030070326520293517 0
1,1,0,0,0,0,2 4.2730673835339812e-15 -2.826083485232156e-15 0
1,1,0,0,0,1,1 8.7252400803597077e-15 -4.2168694776465841e-16 0
1,1,0,0,0,2,0 3.6635367606651937e-15 -1.277826980368747e-15 0
1,1,0,0,1,0,1 -1.5094458801426723e-15 -4.5896637553924767e-16 0
1,1,0,0,1,1,0 1.7484704287622456e-15 -7.4384968016593236e-16 0
1,1,0,0,2,0,0 6.8632161276997852e-15 -1.2977892754115135e-15 0
1,1,0,1,0,0,1 9.3604043249484397e-15 -1.7960072150764024e-16 0
1,1,0,1,0,1,0 6.1522952891181374e-16 -8.2885145930263945e-16 0
1,1,0,1,1,0,0 5.1904914624703071e-15 -1.853162404641491e-16 0
1,1,0,2,0,0,0 7.306263734263864e-15 -1.7215217003215349e-15 0
1,1,1,0,0,0,1 6.2807804063020404e-15 -8.0391841049628605e-16 0
1,1,1,0,0,1,0 1.128566132308552e-15 5.693281721521052e-17 0
1,1,1,0,1,0,0 -4.4673570342565347e-15 2.3897439443783486e-16 0
1,1,1,1,0,0,0 -3.6877901623038437e-15 3.8423083540887162e-16 0
1,1,2,0,0,0,0 6.1879172438717848e-15 -1.2580715228113428e-15 0
1,2,0,0,0,0,1 3.7999117741271959e-15 -8.7641482612865751e-16 0
1,2,0,0,0,1,0 6.043586854923011e-15 -0.0030070326520310908 0
1,2,0,0,1,0,0 -4.0115480381963664e-17 0.0052083333333333339 0
1,2,0,1,0,0,0 -1.8726339923169633e-15 0.0017361111111109343 0
1,2,1,0,0,0,0 1.9576354426398268e-15 0.0030070326520284007 0
1,3,0,0,0,0,0 2.3193252873809911e-15 -4.4349289865519559e-16 0
2,0,0,0,0,0,2 2.2518879122523927e-16 1.0509036132630434e-15 0
2,0,0,0,0,1,1 -9.9211003995458569e-15 -0.0024552318791183463 0
2,0,0,0,0,2,0 -0.16666666666666971 0.056562682417439288 0
2,0,0,0,1,0,1 4.6958812028761662e-15 0.0042525863589973588 0
2,0,0,0,1,1,0 -5.0884487866765388e-16 0.0030070326520286591 0
2,0,0,0,2,0,0 -0.16666666666666269 0.061771015750771548 0
2,0,0,1,0,0,1 -5.3730891264036629e-15 0.004252586358999934 0
2,0,0,1,0,1,0 -5.6255591547940687e-15 0.0030070326520304346 0
2,0,0,1,1,0,0 1.821871307788013e-15 -0.0017361111111128455 0
2,0,0,2,0,0,0 -0.16666666666666533 0.057791329323744381 0
2,0,1,0,0,0,1 1.9598173995119539e-15 0.0073656956373596635 0
2,0,1,0,0,1,0 -4.6892557111627431e-15 0.0017361111111119751 0
2,0,1,0,1,0,0 -9.985757389025093e-15 0.0030070326520320262 0
2,0,1,1,0,0,0 -3.7276903569125053e-16 6.7085009422540587e-17 0
2,0,2,0,0,0,0 -0.1666666666666711 0.057791329323747233 0
2,1,0,0,0,0,1 -3.9368898309983114e-15 6.2854437816862712e-16 0
2,1,0,0,0,1,0 -7.0052559533332163e-15 0.0052083333333353401 0
2,1,0,0,1,0,0 1.3201315003831919e-15 0.0030070326520291188 0
2,1,0,1,0,0,0 -1.7612061504805622e-15 0.0030070326520296267 0
2,1,1,0,0,0,0 4.1521865900734429e-16 -0.0017361111111109924 0
2,2,0,0,0,0,0 -4.3937293039975067e-17 1.495182558493291e-16 0
3,0,0,0,0,0,1 2.277349722646857e-15 -3.73453438312632e-16 0
3,0,0,0,0,1,0 7.9900312982637139e-15 -0.0030070326520310921 0
3,0,0,0,1,0,0 -2.878961437939565e-15 0.0052083333333357677 0
3,0,0,1,0,0,0 -3.5446634776697961e-16 0.0017361111111122078 0
3,0,1,0,0,0,0 1.3605212605388023e-15 0.0030070326520293088 0
3,1,0,0,0,0,0 3.7506443212509225e-15 -8.990157096325367e-16 0
4,0,0,0,0,0,0 -1.0387995124467794e-15 -9.2941537170425359e-17 0
