# sectors lambda 1.9614068619764455 2.1995688493332102 2.298606272079097 2.3421820411462999
0,0,0,0,0,0,4 2.4330852003290326e-16 2.6813674978282132e-16 0
0,0,0,0,0,1,3 -7.0002190892884397e-15 9.9535180445031735e-16 0
0,0,0,0,0,2,2 -0.33333333333334331 0.12891078647848531 0
0,0,0,0,0,3,1 -1.9574050496781736e-15 1.0744443529331349e-15 0
0,0,0,0,0,4,0 -0.041666666666668843 0.015962543556105695 0
0,0,0,0,1,0,3 5.4802735225821693e-15 -1.3312020621025419e-15 0
0,0,0,0,1,1,2 7.864675504267761e-15 -1.3016456944410504e-15 0
0,0,0,0,1,2,1 6.0894791000052489e-15 -2.1638303670558356e-15 0
0,0,0,0,1,3,0 1.3288218995207574e-15 -9.4185489756763024e-16 0
0,0,0,0,2,0,2 -0.33333333333333759 0.12891078647848209 0
0,0,0,0,2,1,1 -4.418342863834855e-15 7.4465440426027801e-16 0
0,0,0,0,2,2,0 -0.083333333333336715 0.031925087112210877 0
0,0,0,0,3,0,1 1.4270734920277842e-15 -9.9087113912568501e-16 0
0,0,0,0,3,1,0 3.2147573299732102e-15 -1.1144969444274874e-15 0
0,0,0,0,4,0,0 -0.041666666666664909 0.015962543556103864 0
0,0,0,1,0,0,3 4.6051487276321801e-17 6.5100919446892114e-16 0
0,0,0,1,0,1,2 -1.5065531287772327e-15 5.368969158148218e-16 0
0,0,0,1,0,2,1 -3.079025749641584e-15 1.0138374514911952e-15 0
0,0,0,1,0,3,0 -4.6509969270011609e-15 9.1278980901554618e-16 0
0,0,0,1,1,0,2 2.3597092772072344e-15 -6.6045191776491208e-16 0
0,0,0,1,1,1,1 -1.4142135623730934 0.53851858480402592 0
0,0,0,1,1,2,0 -4.2387222746499698e-17 -5.1845870261899019e-16 0
0,0,0,1,2,0,1 -1.045978291375305e-14 5.8316778462448246e-16 0
0,0,0,1,2,1,0 -3.043882829116036e-15 -8.9591521864034601e-17 0
0,0,0,1,3,0,0 4.3551457960243964e-15 -1.23283480244892e-15 0
0,0,0,2,0,0,2 -0.33333333333334048 0.126159746957763 0
0,0,0,2,0,1,1 -1.3095806990909287e-15 -4.4810075788825898e-16 0
0,0,0,2,0,2,0 -0.16666666666666852 0.062474654464060572 0
0,0,0,2,1,0,1 3.0292642580562884e-15 1.2193547495494006e-16 0
0,0,0,2,1,1,0 1.1497523582076202e-15 6.1162555055338519e-17 0
0,0,0,2,2,0,0 -0.16666666666665897 0.062474654464056839 0
0,0,0,3,0,0,1 -1.6664187391102203e-16 4.7482634144002667e-16 0
0,0,0,3,0,1,0 -3.8098864341140626e-15 8.6096494517073907e-16 0
0,0,0,3,1,0,0 3.3052919667757308e-17 -3.5471029325578884e-16 0
0,0,0,4,0,0,0 1.3543531666168965e-15 -2.7351710306378063e-16 0
0,0,1,0,0,0,3 -3.5358543350183513e-17 -3.5995512126518747e-16 0
0,0,1,0,0,1,2 -3.4204545662844255e-15 9.7746246860430652e-16 0
0,0,1,0,0,2,1 0.70710678118655046 -0.26925929240201257 0
0,0,1,0,0,3,0 -9.6514322141943998e-16 4.4877838424606242e-16 0
0,0,1,0,1,0,2 -8.9239359445884153e-15 2.9728467815714685e-15 0
0,0,1,0,1,1,1 4.9265519913360353e-15 5.2415754028811712e-16 0
0,0,1,0,1,2,0 -1.2083071529282469e-14 3.5191000233216613e-15 0
0,0,1,0,2,0,1 -0.70710678118653469 0.26925929240200946 0
0,0,1,0,2,1,0 -7.911625402333544e-15 8.0012648609684373e-16 0
0,0,1,0,3,0,0 -7.2659272839421003e-15 2.1612293340156096e-15 0
0,0,1,1,0,0,2 -4.0596052994917864e-15 1.0463093065571361e-15 0
0,0,1,1,0,1,1 -2.9898772260089634e-15 5.7907238032450792e-16 0
0,0,1,1,0,2,0 4.95968283803494e-16 5.6871824957727135e-16 0
0,0,1,1,1,0,1 -2.4931466125529406e-15 -1.0234190881905358e-16 0
0,0,1,1,1,1,0 -9.1052145478279917e-16 1.7632007236634967e-15 0
0,0,1,1,2,0,0 -1.0650234672053154e-15 1.712583940559711e-15 0
0,0,1,2,0,0,1 2.324421037591673e-15 -4.3606611377366988e-16 0
0,0,1,2,0,1,0 -3.7127283669322053e-15 9.4173800702090915e-16 0
0,0,1,2,1,0,0 -9.336279206608334e-15 3.1880727712711027e-15 0
0,0,1,3,0,0,0 -5.3632872611380361e-15 9.0042990424921143e-16 0
0,0,2,0,0,0,2 -0.33333333333334003 0.12615974695776513 0
0,0,2,0,0,1,1 -4.4257132680858291e-15 1.5893319646465009e-15 0
0,0,2,0,0,2,0 -0.16666666666667918 0.062474654464061898 0
0,0,2,0,1,0,1 -1.6614267504355771e-15 -6.0165258463241306e-16 0
0,0,2,0,1,1,0 5.1656795567412914e-15 -1.6029810535585567e-15 0
0,0,2,0,2,0,0 -0.16666666666666655 0.06247465446405967 0
0,0,2,1,0,0,1 2.0290708132794655e-15 3.8510861166685117e-16 0
0,0,2,1,0,1,0 -3.8267525541597902e-15 -3.028989819381378e-16 0
0,0,2,1,1,0,0 4.4794236272712243e-15 -5.7118904468441214e-16 0
0,0,2,2,0,0,0 -1.0253028894652294e-15 -3.8512216419400724e-16 0
0,0,3,0,0,0,1 2.9118790440939984e-15 -7.5011882556125231e-16 0
0,0,3,0,0,1,0 -2.917703242639319e-15 1.0850559816963368e-15 0
0,0,3,0,1,0,0 -1.024628783588113e-14 2.1939747873409585e-15 0
0,0,3,1,0,0,0 -2.856049408474573e-15 8.6368222686553087e-16 0
0,0,4,0,0,0,0 -6.0149395653721601e-15 8.0102931733949841e-16 0
0,1,0,0,0,0,3 -3.1683341626941773e-15 1.3016262798489648e-15 0
0,1,0,0,0,1,2 -1.0131534689110731e-14 2.1761778260582421e-15 0
0,1,0,0,0,2,1 -5.1760189369358215e-15 -8.1975863896946244e-17 0
0,1,0,0,0,3,0 0.166666666666658 -0.061508511654260287 0
0,1,0,0,1,0,2 -6.6266298079017193e-15 3.4206035287722526e-16 0
0,1,0,0,1,1,1 -4.6913653111319929e-15 4.6917802323269098e-16 0
0,1,0,0,1,2,0 1.279851013430611e-15 -1.0297468614820032e-16 0
0,1,0,0,2,0,1 -3.4122004202480775e-15 6.9415825777500632e-16 0
0,1,0,0,2,1,0 -0.50000000000000677 0.18452553496278928 0
0,1,0,0,3,0,0 1.4458920276000527e-15 -5.4502846657848364e-16 0
0,1,0,1,0,0,2 2.8775247030035597e-15 9.2943904304904568e-17 0
0,1,0,1,0,1,1 -1.5008968657710182e-15 1.3987126448496464e-15 0
0,1,0,1,0,2,0 -3.0003205911824438e-15 7.113095932012219e-16 0
0,1,0,1,1,0,1 -0.94280904158207102 0.34576594600847704 0
0,1,0,1,1,1,0 -3.6869087900682144e-15 -4.0710625155986847e-16 0
0,1,0,1,2,0,0 -2.924743177005421e-15 -2.8644821933011285e-16 0
0,1,0,2,0,0,1 -2.3316549608232164e-15 4.2207205541856881e-16 0
0,1,0,2,0,1,0 -0.33333333333334236 0.12026598378780474 0
0,1,0,2,1,0,0 2.3203096800256836e-16 -2.4527210431383434e-15 0
0,1,0,3,0,0,0 -1.1781268508726928e-15 -3.251732180515447e-16 0
0,1,1,0,0,0,2 -5.1757174569032603e-15 1.0676670533400438e-15 0
0,1,1,0,0,1,1 -0.94280904158204071 0.34576594600847554 0
0,1,1,0,0,2,0 -3.8150640088709777e-15 5.6734686355878575e-17 0
0,1,1,0,1,0,1 5.8096036327525918e-15 -1.1239328579566976e-15 0
0,1,1,0,1,1,0 5.8982279293595991e-16 7.5294965173776276e-16 0
0,1,1,0,2,0,0 -4.7904385304839867e-15 -2.4166982204183296e-16 0
0,1,1,1,0,0,1 -4.202516007530128e-15 -2.0347697722482439e-16 0
0,1,1,1,0,1,0 1.3917910742184565e-15 -1.2476365784873483e-16 0
0,1,1,1,1,0,0 -0.66666666666666741 0.24053196757560871 0
0,1,1,2,0,0,0 4.4638864378199639e-16 3.4379878772450208e-16 0
0,1,2,0,0,0,1 -3.9238621454066691e-15 3.3812444884452388e-15 0
0,1,2,0,0,1,0 0.33333333333333182 -0.12026598378780479 0
0,1,2,0,1,0,0 5.5858486029475532e-16 -4.187318418611136e-16 0
0,1,2,1,0,0,0 -6.5112089171116408e-15 1.7322096811288564e-16 0
0,1,3,0,0,0,0 -8.6561245566943084e-16 -5.2306922718206377e-17 0
0,2,0,0,0,0,2 -5.3418641038360803e-16 -2.0534789146875454e-16 0
0,2,0,0,0,1,1 -8.1209453224595496e-15 1.1539502534942125e-15 0
0,2,0,0,0,2,0 -0.16666666666666743 0.05916684908410582 0
0,2,0,0,1,0,1 3.4360535250410607e-15 -7.2386758045994704e-16 0
0,2,0,0,1,1,0 1.3588305827760827e-15 -1.0913036967152845e-15 0
0,2,0,0,2,0,0 -0.1666666666666686 0.059166849084104314 0
0,2,0,1,0,0,1 2.8451633410364607e-15 -3.0975656067910862e-16 0
0,2,0,1,0,1,0 -4.1454470064983262e-15 3.6194734275712959e-16 0
0,2,0,1,1,0,0 1.9619722513297688e-15 -1.7090278844889006e-15 0
0,2,0,2,0,0,0 -0.16666666666666788 0.057791329323745165 0
0,2,1,0,0,0,1 -1.4315805485498601e-15 -1.0462550964485118e-16 0
0,2,1,0,0,1,0 -4.6154486482707924e-15 1.4482501569518247e-15 0
0,2,1,0,1,0,0 -1.1810864786188091e-14 1.3808398868775384e-15 0
0,2,1,1,0,0,0 -4.7574791328663935e-15 3.1170812458958252e-16 0
0,2,2,0,0,0,0 -0.16666666666667335 0.057791329323744915 0
0,3,0,0,0,0,1 -1.8711161092754836e-15 3.7629946901540645e-16 0
0,3,0,0,0,1,0 -6.8991036841770104e-15 2.4272169560704548e-15 0
0,3,0,0,1,0,0 -9.9226182825873366e-16 -1.0175237388776459e-16 0
0,3,0,1,0,0,0 -9.0118884576995129e-16 -2.1575623232461538e-16 0
0,3,1,0,0,0,0 -1.3105835861004778e-15 1.9374692822315964e-16 0
0,4,0,0,0,0,0 9.3718435789647003e-16 -9.5680841721845766e-17 0
1,0,0,0,0,0,3 3.6877781644378826e-15 -3.2580275283189408e-16 0
1,0,0,0,0,1,2 9.9472838820113818e-15 -2.2047251177492733e-16 0
1,0,0,0,0,2,1 7.2580288133783366e-15 -1.788283063297591e-15 0
1,0,0,0,0,3,0 8.0989089133037817e-15 -2.5862829673012344e-15 0
1,0,0,0,1,0,2 8.409540459017404e-15 1.4946912793838835e-15 0
1,0,0,0,1,1,1 -1.2914118423723239e-15 2.4311200838914027e-16 0
1,0,0,0,1,2,0 0.50000000000000022 -0.18452553496278565 0
1,0,0,0,2,0,1 -7.7477838987554835e-17 -9.088653994917986e-16 0
1,0,0,0,2,1,0 5.9570565630699126e-15 -1.5988689203578739e-15 0
1,0,0,0,3,0,0 -0.16666666666666727 0.06150851165426164 0
1,0,0,1,0,0,2 3.717200700893708e-15 -7.589415207398531e-16 0
1,0,0,1,0,1,1 0.94280904158205714 -0.34576594600847388 0
1,0,0,1,0,2,0 2.7333549919988931e-15 4.8279522740779512e-16 0
1,0,0,1,1,0,1 3.0893273643460908e-15 -4.486157539201896e-16 0
1,0,0,1,1,1,0 -3.8179671284308686e-16 1.7586978965158928e-15 0
1,0,0,1,2,0,0 3.9654419172949467e-16 -7.175321975309585e-17 0
1,0,0,2,0,0,1 2.0056249412994664e-15 -1.336441807914257e-15 0
1,0,0,2,0,1,0 5.2318311358559577e-15 -1.8433605336598546e-15 0
1,0,0,2,1,0,0 0.3333333333333241 -0.12026598378780498 0
1,0,0,3,0,0,0 1.0185062970964609e-15 6.4856973958082875e-16 0
1,0,1,0,0,0,2 3.2634214341270562e-15 -1.2762414822869994e-15 0
1,0,1,0,0,1,1 -7.4850607482968012e-16 -7.9732227764583996e-16 0
1,0,1,0,0,2,0 2.6101896252045398e-15 -2.1141942363467336e-16 0
1,0,1,0,1,0,1 -0.94280904158205714 0.34576594600847615 0
1,0,1,0,1,1,0 -3.9211831752514886e-15 9.7134350259334146e-16 0
1,0,1,0,2,0,0 -2.0325714416317899e-15 -1.2686467731236805e-15 0
1,0,1,1,0,0,1 7.7992625378831004e-15 -3.1035287187397564e-16 0
1,0,1,1,0,1,0 -0.66666666666666707 0.24053196757561077 0
1,0,1,1,1,0,0 3.8112137347424101e-15 -3.3681418114619999e-16 0
1,0,1,2,0,0,0 3.3159849107018691e-15 -2.650603261183937e-16 0
1,0,2,0,0,0,1 -4.748534464943388e-16 2.2067579968226836e-16 0
1,0,2,0,0,1,0 6.9826008039855503e-15 -2.9438799488412659e-15 0
1,0,2,0,1,0,0 -0.33333333333333498 0.12026598378780533 0
1,0,2,1,0,0,0 1.5763554198945651e-15 1.8389424098069762e-16 0
1,0,3,0,0,0,0 -7.1524054989216199e-16 -2.0034023268458712e-17 0
1,1,0,0,0,0,2 4.2730673835339812e-15 2.0024561697064058e-16 0
1,1,0,0,0,1,1 8.7252400803597077e-15 -6.6477481075430473e-16 0
1,1,0,0,0,2,0 3.6635367606651937e-15 -3.8872313069459323e-17 0
1,1,0,0,1,0,1 -1.5094458801426723e-15 -7.5128692425482314e-16 0
1,1,0,0,1,1,0 1.7484704287622456e-15 5.5982773567384152e-16 0
1,1,0,0,2,0,0 6.8632161276997852e-15 -2.6801323331199805e-16 0
1,1,0,1,0,0,1 9.3604043249484397e-15 -1.3454370557653581e-15 0
1,1,0,1,0,1,0 6.1522952891181374e-16 9.2573352167073848e-16 0
1,1,0,1,1,0,0 5.1904914624703071e-15 7.3092055729909591e-16 0
1,1,0,2,0,0,0 7.306263734263864e-15 -3.0541726374522041e-15 0
1,1,1,0,0,0,1 6.2807804063020404e-15 -8.0016177276389305e-17 0
1,1,1,0,0,1,0 1.128566132308552e-15 -5.5742177771568785e-16 0
1,1,1,0,1,0,0 -4.4673570342565347e-15 5.794322085688183e-16 0
1,1,1,1,0,0,0 -3.6877901623038437e-15 1.732249634969386e-15 0
1,1,2,0,0,0,0 6.1879172438717848e-15 -1.5190447821776928e-15 0
1,2,0,0,0,0,1 3.7999117741271959e-15 -3.3190139005212504e-16 0
1,2,0,0,0,1,0 6.043586854923011e-15 -2.0123876523503448e-15 0
1,2,0,0,1,0,0 -4.0115480381963664e-17 3.6852031842782296e-16 0
1,2,0,1,0,0,0 -1.8726339923169633e-15 2.59801945581839e-16 0
1,2,1,0,0,0,0 1.9576354426398268e-15 -6.1186949604219443e-16 0
1,3,0,0,0,0,0 2.3193252873809911e-15 1.3221845493460727e-16 0
2,0,0,0,0,0,2 2.2518879122523927e-16 6.5545442337611171e-16 0
2,0,0,0,0,1,1 -9.9211003995458569e-15 1.5234124725593823e-15 0
2,0,0,0,0,2,0 -0.16666666666666971 0.059166849084105862 0
2,0,0,0,1,0,1 4.6958812028761662e-15 -5.5710542787041489e-16 0
2,0,0,0,1,1,0 -5.0884487866765388e-16 -7.8469809859996187e-16 0
2,0,0,0,2,0,0 -0.16666666666666269 0.059166849084103655 0
2,0,0,1,0,0,1 -5.3730891264036629e-15 8.431840295419768e-16 0
2,0,0,1,0,1,0 -5.6255591547940687e-15 1.7263751192486687e-15 0
2,0,0,1,1,0,0 1.821871307788013e-15 -6.1014324289569016e-16 0
2,0,0,2,0,0,0 -0.16666666666666533 0.057791329323744423 0
2,0,1,0,0,0,1 1.9598173995119539e-15 7.3427592131580788e-17 0
2,0,1,0,0,1,0 -4.6892557111627431e-15 2.1827700237564418e-16 0
2,0,1,0,1,0,0 -9.985757389025093e-15 2.1696350838433694e-15 0
2,0,1,1,0,0,0 -3.7276903569125053e-16 4.7992209165070854e-16 0
2,0,2,0,0,0,0 -0.1666666666666711 0.057791329323746053 0
2,1,0,0,0,0,1 -3.9368898309983114e-15 9.9274092613895783e-16 0
2,1,0,0,0,1,0 -7.0052559533332163e-15 1.5898178679068916e-15 0
2,1,0,0,1,0,0 1.3201315003831919e-15 -8.37372711662999e-16 0
2,1,0,1,0,0,0 -1.7612061504805622e-15 -9.3010657337807855e-17 0
2,1,1,0,0,0,0 4.1521865900734429e-16 2.2720759976396516e-16 0
2,2,0,0,0,0,0 -4.3937293039975067e-17 -5.791875768053345e-16 0
3,0,0,0,0,0,1 2.277349722646857e-15 -8.2046999402840548e-16 0
3,0,0,0,0,1,0 7.9900312982637139e-15 -1.7000154539301149e-15 0
3,0,0,0,1,0,0 -2.878961437939565e-15 4.6050640243374547e-16 0
3,0,0,1,0,0,0 -3.5446634776697961e-16 -2.2240374689466713e-15 0
3,0,1,0,0,0,0 1.3605212605388023e-15 -1.844024607490502e-16 0
3,1,0,0,0,0,0 3.7506443212509225e-15 -1.8581214524913151e-15 0
4,0,0,0,0,0,0 -1.0387995124467794e-15 4.509010488118817e-16 0
