# sectors lambda 1.9614068619764455 2.1995688493332102 2.298606272079097 2.3421820411462999
0,0,0,0,0,0,4 2.4330852003290326e-16 2.7399144151424304e-16 0
0,0,0,0,0,1,3 -7.0002190892884397e-15 -0.093744787405158916 0
0,0,0,0,0,2,2 -0.33333333333334331 0.13631694343999898 0
0,0,0,0,0,3,1 -1.9574050496781736e-15 -0.093744787405159041 0
0,0,0,0,0,4,0 -0.041666666666668843 0.023368700517618871 0
0,0,0,0,1,0,3 5.4802735225821693e-15 -0.081493188377080528 0
0,0,0,0,1,1,2 7.864675504267761e-15 0.014728879131595388 0
0,0,0,0,1,2,1 6.0894791000052489e-15 -0.081493188377080264 0
0,0,0,0,1,3,0 1.3288218995207574e-15 0.014728879131596283 0
0,0,0,0,2,0,2 -0.33333333333333759 0.12150462951697082 0
0,0,0,0,2,1,1 -4.418342863834855e-15 -0.093744787405159707 0
0,0,0,0,2,2,0 -0.083333333333336715 0.031925087112210149 0
0,0,0,0,3,0,1 1.4270734920277842e-15 -0.081493188377079681 0
0,0,0,0,3,1,0 3.2147573299732102e-15 0.014728879131596786 0
0,0,0,0,4,0,0 -0.041666666666664909 0.0085563865945906901 0
0,0,0,1,0,0,3 4.6051487276321801e-17 0.020829780626458627 0
0,0,0,1,0,1,2 -1.5065531287772327e-15 -0.057624386121944295 0
0,0,0,1,0,2,1 -3.079025749641584e-15 0.02082978062645921 0
0,0,0,1,0,3,0 -4.6509969270011609e-15 -0.057624386121944898 0
0,0,0,1,1,0,2 2.3597092772072344e-15 -0.066287574875080926 0
0,0,0,1,1,1,1 -1.4142135623730934 0.53851858480401782 0
0,0,0,1,1,2,0 -4.2387222746499698e-17 -0.06628757487508094 0
0,0,0,1,2,0,1 -1.045978291375305e-14 0.020829780626461607 0
0,0,0,1,2,1,0 -3.043882829116036e-15 -0.057624386121944343 0
0,0,0,1,3,0,0 4.3551457960243964e-15 -0.066287574875082161 0
0,0,0,2,0,0,2 -0.33333333333334048 0.12615974695776511 0
0,0,0,2,0,1,1 -1.3095806990909287e-15 -0.093744787405159569 0
0,0,0,2,0,2,0 -0.16666666666666852 0.069880811425574424 0
0,0,0,2,1,0,1 3.0292642580562884e-15 -0.081493188377079834 0
0,0,0,2,1,1,0 1.1497523582076202e-15 0.01472887913159459 0
0,0,0,2,2,0,0 -0.16666666666665897 0.055068497502545555 0
0,0,0,3,0,0,1 -1.6664187391102203e-16 0.020829780626458461 0
0,0,0,3,0,1,0 -3.8098864341140626e-15 -0.057624386121943726 0
0,0,0,3,1,0,0 3.3052919667757308e-17 -0.066287574875080246 0
0,0,0,4,0,0,0 1.3543531666168965e-15 -2.9177235714300531e-16 0
0,0,1,0,0,0,3 -3.5358543350183513e-17 -0.020947775240072325 0
0,0,1,0,0,1,2 -3.4204545662844255e-15 0.066287574875081814 0
0,0,1,0,0,2,1 0.70710678118655046 -0.29020706764208193 0
0,0,1,0,0,3,0 -9.6514322141943998e-16 0.066287574875080427 0
0,0,1,0,1,0,2 -8.9239359445884153e-15 -0.057624386121941901 0
0,0,1,0,1,1,1 4.9265519913360353e-15 5.1040172522470728e-16 0
0,0,1,0,1,2,0 -1.2083071529282469e-14 -0.057624386121941033 0
0,0,1,0,2,0,1 -0.70710678118653469 0.24831151716193595 0
0,0,1,0,2,1,0 -7.911625402333544e-15 0.066287574875080607 0
0,0,1,0,3,0,0 -7.2659272839421003e-15 -0.057624386121942456 0
0,0,1,1,0,0,2 -4.0596052994917864e-15 2.0425555777997539e-15 0
0,0,1,1,0,1,1 -2.9898772260089634e-15 -2.0185133946248879e-16 0
0,0,1,1,0,2,0 4.95968283803494e-16 1.4800714907142742e-15 0
0,0,1,1,1,0,1 -2.4931466125529406e-15 -1.5065887041610174e-15 0
0,0,1,1,1,1,0 -9.1052145478279917e-16 5.158820283934426e-16 0
0,0,1,1,2,0,0 -1.0650234672053154e-15 7.7800709418202453e-16 0
0,0,1,2,0,0,1 2.324421037591673e-15 -0.020947775240072429 0
0,0,1,2,0,1,0 -3.7127283669322053e-15 0.06628757487508101 0
0,0,1,2,1,0,0 -9.336279206608334e-15 -0.057624386121941838 0
0,0,1,3,0,0,0 -5.3632872611380361e-15 3.806023963874583e-16 0
0,0,2,0,0,0,2 -0.33333333333334003 0.12615974695776638 0
0,0,2,0,0,1,1 -4.4257132680858291e-15 -0.093744787405159513 0
0,0,2,0,0,2,0 -0.16666666666667918 0.069880811425575576 0
0,0,2,0,1,0,1 -1.6614267504355771e-15 -0.081493188377079459 0
0,0,2,0,1,1,0 5.1656795567412914e-15 0.014728879131595336 0
0,0,2,0,2,0,0 -0.16666666666666655 0.055068497502546158 0
0,0,2,1,0,0,1 2.0290708132794655e-15 0.020829780626458662 0
0,0,2,1,0,1,0 -3.8267525541597902e-15 -0.057624386121945162 0
0,0,2,1,1,0,0 4.4794236272712243e-15 -0.066287574875081634 0
0,0,2,2,0,0,0 -1.0253028894652294e-15 8.7717037951760835e-16 0
0,0,3,0,0,0,1 2.9118790440939984e-15 -0.020947775240072412 0
0,0,3,0,0,1,0 -2.917703242639319e-15 0.06628757487508101 0
0,0,3,0,1,0,0 -1.024628783588113e-14 -0.057624386121940777 0
0,0,3,1,0,0,0 -2.856049408474573e-15 1.6219020755343233e-15 0
0,0,4,0,0,0,0 -6.0149395653721601e-15 6.9433895312747806e-16 0
0,1,0,0,0,0,3 -3.1683341626941773e-15 1.9636686716847604e-15 0
0,1,0,0,0,1,2 -1.0131534689110731e-14 -0.014812313923025103 0
0,1,0,0,0,2,1 -5.1760189369358215e-15 4.652888647983369e-16 0
0,1,0,0,0,3,0 0.166666666666658 -0.076320825577286686 0
0,1,0,0,1,0,2 -6.6266298079017193e-15 0.014728879131595608 0
0,1,0,0,1,1,1 -4.6913653111319929e-15 1.0294946314168358e-15 0
0,1,0,0,1,2,0 1.279851013430611e-15 0.01472887913159727 0
0,1,0,0,2,0,1 -3.4122004202480775e-15 8.3678647719063575e-16 0
0,1,0,0,2,1,0 -0.50000000000000677 0.16971322103976369 0
0,1,0,0,3,0,0 1.4458920276000527e-15 0.014728879131595166 0
0,1,0,1,0,0,2 2.8775247030035597e-15 -0.057624386121946723 0
0,1,0,1,0,1,1 -1.5008968657710182e-15 9.1926198789982065e-16 0
0,1,0,1,0,2,0 -3.0003205911824438e-15 -0.057624386121945793 0
0,1,0,1,1,0,1 -0.94280904158207102 0.34576594600847405 0
0,1,0,1,1,1,0 -3.6869087900682144e-15 1.0175171819528914e-15 0
0,1,0,1,2,0,0 -2.924743177005421e-15 -0.057624386121944572 0
0,1,0,2,0,0,1 -2.3316549608232164e-15 1.6253442988901601e-16 0
0,1,0,2,0,1,0 -0.33333333333334236 0.10545366986478086 0
0,1,0,2,1,0,0 2.3203096800256836e-16 0.014728879131601013 0
0,1,0,3,0,0,0 -1.1781268508726928e-15 -0.057624386121945925 0
0,1,1,0,0,0,2 -5.1757174569032603e-15 -0.066287574875080413 0
0,1,1,0,0,1,1 -0.94280904158204071 0.34576594600847327 0
0,1,1,0,0,2,0 -3.8150640088709777e-15 -0.06628757487508076 0
0,1,1,0,1,0,1 5.8096036327525918e-15 2.5157657133257388e-15 0
0,1,1,0,1,1,0 5.8982279293595991e-16 1.9088811202339278e-15 0
0,1,1,0,2,0,0 -4.7904385304839867e-15 -0.06628757487508094 0
0,1,1,1,0,0,1 -4.202516007530128e-15 1.2526826320517148e-15 0
0,1,1,1,0,1,0 1.3917910742184565e-15 4.8864475673954337e-15 0
0,1,1,1,1,0,0 -0.66666666666666741 0.24053196757561099 0
0,1,1,2,0,0,0 4.4638864378199639e-16 -0.066287574875082092 0
0,1,2,0,0,0,1 -3.9238621454066691e-15 2.17383856559602e-15 0
0,1,2,0,0,1,0 0.33333333333333182 -0.1350782977108301 0
0,1,2,0,1,0,0 5.5858486029475532e-16 0.014728879131595034 0
0,1,2,1,0,0,0 -6.5112089171116408e-15 -0.057624386121945023 0
0,1,3,0,0,0,0 -8.6561245566943084e-16 -0.066287574875081426 0
0,2,0,0,0,0,2 -5.3418641038360803e-16 7.9284994368433725e-16 0
0,2,0,0,0,1,1 -8.1209453224595496e-15 -0.09374478740515943 0
0,2,0,0,0,2,0 -0.16666666666666743 0.066573006045618166 0
0,2,0,0,1,0,1 3.4360535250410607e-15 -0.081493188377079223 0
0,2,0,0,1,1,0 1.3588305827760827e-15 0.014728879131595762 0
0,2,0,0,2,0,0 -0.1666666666666686 0.051760692122589665 0
0,2,0,1,0,0,1 2.8451633410364607e-15 0.020829780626457638 0
0,2,0,1,0,1,0 -4.1454470064983262e-15 -0.057624386121944385 0
0,2,0,1,1,0,0 1.9619722513297688e-15 -0.066287574875081218 0
0,2,0,2,0,0,0 -0.16666666666666788 0.057791329323746352 0
0,2,1,0,0,0,1 -1.4315805485498601e-15 -0.020947775240070552 0
0,2,1,0,0,1,0 -4.6154486482707924e-15 0.06628757487508187 0
0,2,1,0,1,0,0 -1.1810864786188091e-14 -0.057624386121940589 0
0,2,1,1,0,0,0 -4.7574791328663935e-15 1.6557935578198624e-15 0
0,2,2,0,0,0,0 -0.16666666666667335 0.057791329323745949 0
0,3,0,0,0,0,1 -1.8711161092754836e-15 9.8120296609938151e-18 0
0,3,0,0,0,1,0 -6.8991036841770104e-15 -0.014812313923024043 0
0,3,0,0,1,0,0 -9.9226182825873366e-16 0.014728879131596144 0
0,3,0,1,0,0,0 -9.0118884576995129e-16 -0.057624386121946043 0
0,3,1,0,0,0,0 -1.3105835861004778e-15 -0.066287574875081537 0
0,4,0,0,0,0,0 9.3718435789647003e-16 -7.0527351320182063e-17 0
1,0,0,0,0,0,3 3.6877781644378826e-15 -1.5122926240278278e-15 0
1,0,0,0,0,1,2 9.9472838820113818e-15 -0.014728879131600635 0
1,0,0,0,0,2,1 7.2580288133783366e-15 -8.0613142029728468e-16 0
1,0,0,0,0,3,0 8.0989089133037817e-15 -0.014728879131598465 0
1,0,0,0,1,0,2 8.409540459017404e-15 -0.014812313923025448 0
1,0,0,0,1,1,1 -1.2914118423723239e-15 1.0118113486813629e-15 0
1,0,0,0,1,2,0 0.50000000000000022 -0.19933784888581074 0
1,0,0,0,2,0,1 -7.7477838987554835e-17 -7.8543597017613877e-16 0
1,0,0,0,2,1,0 5.9570565630699126e-15 -0.014728879131599076 0
1,0,0,0,3,0,0 -0.16666666666666727 0.046696197731234804 0
1,0,0,1,0,0,2 3.717200700893708e-15 0.066287574875078914 0
1,0,0,1,0,1,1 0.94280904158205714 -0.3457659460084756 0
1,0,0,1,0,2,0 2.7333549919988931e-15 0.066287574875081662 0
1,0,0,1,1,0,1 3.0893273643460908e-15 -1.2770919033660427e-15 0
1,0,0,1,1,1,0 -3.8179671284308686e-16 1.8544549712029915e-15 0
1,0,0,1,2,0,0 3.9654419172949467e-16 0.066287574875080565 0
1,0,0,2,0,0,1 2.0056249412994664e-15 1.6973591586075254e-15 0
1,0,0,2,0,1,0 5.2318311358559577e-15 -0.014728879131598715 0
1,0,0,2,1,0,0 0.3333333333333241 -0.13507829771083293 0
1,0,0,3,0,0,0 1.0185062970964609e-15 0.066287574875081898 0
1,0,1,0,0,0,2 3.2634214341270562e-15 -0.057624386121945849 0
1,0,1,0,0,1,1 -7.4850607482968012e-16 -6.5954728657724448e-16 0
1,0,1,0,0,2,0 2.6101896252045398e-15 -0.057624386121944052 0
1,0,1,0,1,0,1 -0.94280904158205714 0.34576594600847593 0
1,0,1,0,1,1,0 -3.9211831752514886e-15 -3.8294020732188017e-16 0
1,0,1,0,2,0,0 -2.0325714416317899e-15 -0.057624386121946924 0
1,0,1,1,0,0,1 7.7992625378831004e-15 -8.6362124049332856e-16 0
1,0,1,1,0,1,0 -0.66666666666666707 0.24053196757561088 0
1,0,1,1,1,0,0 3.8112137347424101e-15 -4.0534338174380916e-16 0
1,0,1,2,0,0,0 3.3159849107018691e-15 -0.057624386121945259 0
1,0,2,0,0,0,1 -4.748534464943388e-16 3.6930636500287495e-17 0
1,0,2,0,0,1,0 6.9826008039855503e-15 -0.014728879131598307 0
1,0,2,0,1,0,0 -0.33333333333333498 0.10545366986477812 0
1,0,2,1,0,0,0 1.5763554198945651e-15 0.066287574875080926 0
1,0,3,0,0,0,0 -7.1524054989216199e-16 -0.057624386121944773 0
1,1,0,0,0,0,2 4.2730673835339812e-15 6.5889897012188513e-16 0
1,1,0,0,0,1,1 8.7252400803597077e-15 3.8754625591959142e-16 0
1,1,0,0,0,2,0 3.6635367606651937e-15 -1.9314891086288548e-16 0
1,1,0,0,1,0,1 -1.5094458801426723e-15 -1.8238222176089481e-15 0
1,1,0,0,1,1,0 1.7484704287622456e-15 4.474897021154912e-16 0
1,1,0,0,2,0,0 6.8632161276997852e-15 -9.3469015582834022e-16 0
1,1,0,1,0,0,1 9.3604043249484397e-15 -1.9401466052244487e-15 0
1,1,0,1,0,1,0 6.1522952891181374e-16 1.9671600103020506e-16 0
1,1,0,1,1,0,0 5.1904914624703071e-15 3.0273007666309093e-16 0
1,1,0,2,0,0,0 7.306263734263864e-15 -8.5721050295076071e-17 0
1,1,1,0,0,0,1 6.2807804063020404e-15 -3.3934615356597286e-15 0
1,1,1,0,0,1,0 1.128566132308552e-15 1.2102597504314946e-15 0
1,1,1,0,1,0,0 -4.4673570342565347e-15 -1.6720445641403363e-15 0
1,1,1,1,0,0,0 -3.6877901623038437e-15 6.1952949795582742e-16 0
1,1,2,0,0,0,0 6.1879172438717848e-15 -5.1059189928253922e-16 0
1,2,0,0,0,0,1 3.7999117741271959e-15 -4.5140757451433977e-16 0
1,2,0,0,0,1,0 6.043586854923011e-15 -0.014728879131599178 0
1,2,0,0,1,0,0 -4.0115480381963664e-17 -0.014812313923027733 0
1,2,0,1,0,0,0 -1.8726339923169633e-15 0.06628757487508069 0
1,2,1,0,0,0,0 1.9576354426398268e-15 -0.057624386121945669 0
1,3,0,0,0,0,0 2.3193252873809911e-15 -3.1306337730518941e-16 0
2,0,0,0,0,0,2 2.2518879122523927e-16 -2.3514989868494984e-16 0
2,0,0,0,0,1,1 -9.9211003995458569e-15 -0.093744787405157556 0
2,0,0,0,0,2,0 -0.16666666666666971 0.066573006045617639 0
2,0,0,0,1,0,1 4.6958812028761662e-15 -0.081493188377079709 0
2,0,0,0,1,1,0 -5.0884487866765388e-16 0.014728879131594853 0
2,0,0,0,2,0,0 -0.16666666666666269 0.051760692122590317 0
2,0,0,1,0,0,1 -5.3730891264036629e-15 0.020829780626459148 0
2,0,0,1,0,1,0 -5.6255591547940687e-15 -0.05762438612194646 0
2,0,0,1,1,0,0 1.821871307788013e-15 -0.066287574875082078 0
2,0,0,2,0,0,0 -0.16666666666666533 0.057791329323745248 0
2,0,1,0,0,0,1 1.9598173995119539e-15 -0.020947775240071763 0
2,0,1,0,0,1,0 -4.6892557111627431e-15 0.066287574875081148 0
2,0,1,0,1,0,0 -9.985757389025093e-15 -0.057624386121944475 0
2,0,1,1,0,0,0 -3.7276903569125053e-16 1.39334886944259e-15 0
2,0,2,0,0,0,0 -0.1666666666666711 0.057791329323745588 0
2,1,0,0,0,0,1 -3.9368898309983114e-15 1.7930136986414557e-17 0
2,1,0,0,0,1,0 -7.0052559533332163e-15 -0.014812313923025179 0
2,1,0,0,1,0,0 1.3201315003831919e-15 0.014728879131595929 0
2,1,0,1,0,0,0 -1.7612061504805622e-15 -0.057624386121945634 0
2,1,1,0,0,0,0 4.1521865900734429e-16 -0.066287574875080441 0
2,2,0,0,0,0,0 -4.3937293039975067e-17 1.0534379358412282e-16 0
3,0,0,0,0,0,1 2.277349722646857e-15 -8.7971147835937125e-16 0
3,0,0,0,0,1,0 7.9900312982637139e-15 -0.014728879131598059 0
3,0,0,0,1,0,0 -2.878961437939565e-15 -0.014812313923026232 0
3,0,0,1,0,0,0 -3.5446634776697961e-16 0.066287574875080815 0
3,0,1,0,0,0,0 1.3605212605388023e-15 -0.057624386121945155 0
3,1,0,0,0,0,0 3.7506443212509225e-15 -8.3537853580265546e-16 0
4,0,0,0,0,0,0 -1.0387995124467794e-15 -3.6127903376174594e-16 0
