# sectors lambda 1.9614068619764455 2.1995688493332102 2.298606272079097 2.3421820411462999
0,0,0,0,0,0,4 2.4330852003290326e-16 7.3686275993672251e-16 0
0,0,0,0,0,1,3 -7.0002190892884397e-15 -0.093744787405160013 0
0,0,0,0,0,2,2 -0.33333333333334331 0.13631694343999837 0
0,0,0,0,0,3,1 -1.9574050496781736e-15 -0.09374478740516079 0
0,0,0,0,0,4,0 -0.041666666666668843 0.023368700517619231 0
0,0,0,0,1,0,3 5.4802735225821693e-15 -0.081493188377081485 0
0,0,0,0,1,1,2 7.864675504267761e-15 0.014728879131594643 0
0,0,0,0,1,2,1 6.0894791000052489e-15 -0.081493188377081818 0
0,0,0,0,1,3,0 1.3288218995207574e-15 0.014728879131595724 0
0,0,0,0,2,0,2 -0.33333333333333759 0.12150462951696916 0
0,0,0,0,2,1,1 -4.418342863834855e-15 -0.093744787405158542 0
0,0,0,0,2,2,0 -0.083333333333336715 0.031925087112210725 0
0,0,0,0,3,0,1 1.4270734920277842e-15 -0.081493188377079265 0
0,0,0,0,3,1,0 3.2147573299732102e-15 0.014728879131595759 0
0,0,0,0,4,0,0 -0.041666666666664909 0.0085563865945911845 0
0,0,0,1,0,0,3 4.6051487276321801e-17 0.020829780626459626 0
0,0,0,1,0,1,2 -1.5065531287772327e-15 -0.057624386121944558 0
0,0,0,1,0,2,1 -3.079025749641584e-15 0.020829780626460674 0
0,0,0,1,0,3,0 -4.6509969270011609e-15 -0.057624386121945363 0
0,0,0,1,1,0,2 2.3597092772072344e-15 -0.066287574875081023 0
0,0,0,1,1,1,1 -1.4142135623730934 0.53851858480402548 0
0,0,0,1,1,2,0 -4.2387222746499698e-17 -0.066287574875079427 0
0,0,0,1,2,0,1 -1.045978291375305e-14 0.020829780626459574 0
0,0,0,1,2,1,0 -3.043882829116036e-15 -0.057624386121946321 0
0,0,0,1,3,0,0 4.3551457960243964e-15 -0.066287574875082092 0
0,0,0,2,0,0,2 -0.33333333333334048 0.12615974695776538 0
0,0,0,2,0,1,1 -1.3095806990909287e-15 -0.09374478740516004 0
0,0,0,2,0,2,0 -0.16666666666666852 0.069880811425574549 0
0,0,0,2,1,0,1 3.0292642580562884e-15 -0.081493188377079237 0
0,0,0,2,1,1,0 1.1497523582076202e-15 0.014728879131595242 0
0,0,0,2,2,0,0 -0.16666666666665897 0.055068497502545631 0
0,0,0,3,0,0,1 -1.6664187391102203e-16 0.020829780626459168 0
0,0,0,3,0,1,0 -3.8098864341140626e-15 -0.057624386121943517 0
0,0,0,3,1,0,0 3.3052919667757308e-17 -0.066287574875081912 0
0,0,0,4,0,0,0 1.3543531666168965e-15 9.8286653880778896e-16 0
0,0,1,0,0,0,3 -3.5358543350183513e-17 -0.02094777524007289 0
0,0,1,0,0,1,2 -3.4204545662844255e-15 0.066287574875081204 0
0,0,1,0,0,2,1 0.70710678118655046 -0.29020706764208232 0
0,0,1,0,0,3,0 -9.6514322141943998e-16 0.066287574875081662 0
0,0,1,0,1,0,2 -8.9239359445884153e-15 -0.0576243861219412 0
0,0,1,0,1,1,1 4.9265519913360353e-15 -2.1480755542369057e-17 0
0,0,1,0,1,2,0 -1.2083071529282469e-14 -0.057624386121939992 0
0,0,1,0,2,0,1 -0.70710678118653469 0.24831151716193431 0
0,0,1,0,2,1,0 -7.911625402333544e-15 0.06628757487508162 0
0,0,1,0,3,0,0 -7.2659272839421003e-15 -0.057624386121940985 0
0,0,1,1,0,0,2 -4.0596052994917864e-15 3.0634267908849488e-15 0
0,0,1,1,0,1,1 -2.9898772260089634e-15 3.7314444069347363e-15 0
0,0,1,1,0,2,0 4.95968283803494e-16 -5.3764230480840558e-16 0
0,0,1,1,1,0,1 -2.4931466125529406e-15 -8.192722894409879e-16 0
0,0,1,1,1,1,0 -9.1052145478279917e-16 9.3295766348967107e-16 0
0,0,1,1,2,0,0 -1.0650234672053154e-15 -1.0857010237554505e-15 0
0,0,1,2,0,0,1 2.324421037591673e-15 -0.020947775240072776 0
0,0,1,2,0,1,0 -3.7127283669322053e-15 0.066287574875083341 0
0,0,1,2,1,0,0 -9.336279206608334e-15 -0.05762438612194222 0
0,0,1,3,0,0,0 -5.3632872611380361e-15 1.2425024659319661e-15 0
0,0,2,0,0,0,2 -0.33333333333334003 0.12615974695776563 0
0,0,2,0,0,1,1 -4.4257132680858291e-15 -0.093744787405158986 0
0,0,2,0,0,2,0 -0.16666666666667918 0.069880811425572273 0
0,0,2,0,1,0,1 -1.6614267504355771e-15 -0.081493188377076212 0
0,0,2,0,1,1,0 5.1656795567412914e-15 0.01472887913159544 0
0,0,2,0,2,0,0 -0.16666666666666655 0.055068497502547456 0
0,0,2,1,0,0,1 2.0290708132794655e-15 0.02082978062645845 0
0,0,2,1,0,1,0 -3.8267525541597902e-15 -0.057624386121941852 0
0,0,2,1,1,0,0 4.4794236272712243e-15 -0.066287574875082245 0
0,0,2,2,0,0,0 -1.0253028894652294e-15 4.1918644120078619e-16 0
0,0,3,0,0,0,1 2.9118790440939984e-15 -0.020947775240072204 0
0,0,3,0,0,1,0 -2.917703242639319e-15 0.066287574875082189 0
0,0,3,0,1,0,0 -1.024628783588113e-14 -0.057624386121942164 0
0,0,3,1,0,0,0 -2.856049408474573e-15 1.1259786844770338e-15 0
0,0,4,0,0,0,0 -6.0149395653721601e-15 -1.3652477043844813e-16 0
0,1,0,0,0,0,3 -3.1683341626941773e-15 2.5673417767044185e-15 0
0,1,0,0,0,1,2 -1.0131534689110731e-14 -0.014812313923023047 0
0,1,0,0,0,2,1 -5.1760189369358215e-15 1.7791259386853981e-15 0
0,1,0,0,0,3,0 0.166666666666658 -0.076320825577285561 0
0,1,0,0,1,0,2 -6.6266298079017193e-15 0.014728879131593903 0
0,1,0,0,1,1,1 -4.6913653111319929e-15 2.2283056137058572e-15 0
0,1,0,0,1,2,0 1.279851013430611e-15 0.014728879131596179 0
0,1,0,0,2,0,1 -3.4122004202480775e-15 1.6464688386785116e-15 0
0,1,0,0,2,1,0 -0.50000000000000677 0.16971322103976258 0
0,1,0,0,3,0,0 1.4458920276000527e-15 0.014728879131596151 0
0,1,0,1,0,0,2 2.8775247030035597e-15 -0.057624386121946043 0
0,1,0,1,0,1,1 -1.5008968657710182e-15 -2.0045281931765794e-15 0
0,1,0,1,0,2,0 -3.0003205911824438e-15 -0.057624386121945211 0
0,1,0,1,1,0,1 -0.94280904158207102 0.34576594600847682 0
0,1,0,1,1,1,0 -3.6869087900682144e-15 2.0868319272896709e-16 0
0,1,0,1,2,0,0 -2.924743177005421e-15 -0.057624386121942858 0
0,1,0,2,0,0,1 -2.3316549608232164e-15 -1.9662151143530402e-16 0
0,1,0,2,0,1,0 -0.33333333333334236 0.10545366986478333 0
0,1,0,2,1,0,0 2.3203096800256836e-16 0.014728879131599797 0
0,1,0,3,0,0,0 -1.1781268508726928e-15 -0.057624386121944662 0
0,1,1,0,0,0,2 -5.1757174569032603e-15 -0.066287574875081107 0
0,1,1,0,0,1,1 -0.94280904158204071 0.34576594600846933 0
0,1,1,0,0,2,0 -3.8150640088709777e-15 -0.066287574875081814 0
0,1,1,0,1,0,1 5.8096036327525918e-15 -3.1311888719300753e-15 0
0,1,1,0,1,1,0 5.8982279293595991e-16 -2.0047046695353211e-15 0
0,1,1,0,2,0,0 -4.7904385304839867e-15 -0.066287574875080343 0
0,1,1,1,0,0,1 -4.202516007530128e-15 2.8815573173228801e-15 0
0,1,1,1,0,1,0 1.3917910742184565e-15 -2.4661432373259718e-15 0
0,1,1,1,1,0,0 -0.66666666666666741 0.24053196757560938 0
0,1,1,2,0,0,0 4.4638864378199639e-16 -0.066287574875079774 0
0,1,2,0,0,0,1 -3.9238621454066691e-15 1.916146157021029e-15 0
0,1,2,0,0,1,0 0.33333333333333182 -0.13507829771083024 0
0,1,2,0,1,0,0 5.5858486029475532e-16 0.014728879131595665 0
0,1,2,1,0,0,0 -6.5112089171116408e-15 -0.057624386121945904 0
0,1,3,0,0,0,0 -8.6561245566943084e-16 -0.066287574875081953 0
0,2,0,0,0,0,2 -5.3418641038360803e-16 1.4850046105990833e-15 0
0,2,0,0,0,1,1 -8.1209453224595496e-15 -0.093744787405160054 0
0,2,0,0,0,2,0 -0.16666666666666743 0.066573006045617777 0
0,2,0,0,1,0,1 3.4360535250410607e-15 -0.081493188377077877 0
0,2,0,0,1,1,0 1.3588305827760827e-15 0.014728879131594833 0
0,2,0,0,2,0,0 -0.1666666666666686 0.051760692122589359 0
0,2,0,1,0,0,1 2.8451633410364607e-15 0.020829780626458346 0
0,2,0,1,0,1,0 -4.1454470064983262e-15 -0.057624386121945412 0
0,2,0,1,1,0,0 1.9619722513297688e-15 -0.066287574875082481 0
0,2,0,2,0,0,0 -0.16666666666666788 0.057791329323744464 0
0,2,1,0,0,0,1 -1.4315805485498601e-15 -0.02094777524007143 0
0,2,1,0,0,1,0 -4.6154486482707924e-15 0.066287574875082855 0
0,2,1,0,1,0,0 -1.1810864786188091e-14 -0.057624386121940284 0
0,2,1,1,0,0,0 -4.7574791328663935e-15 2.6042536183101817e-16 0
0,2,2,0,0,0,0 -0.16666666666667335 0.0577913293237452 0
0,3,0,0,0,0,1 -1.8711161092754836e-15 2.39120789141678e-15 0
0,3,0,0,0,1,0 -6.8991036841770104e-15 -0.014812313923022626 0
0,3,0,0,1,0,0 -9.9226182825873366e-16 0.014728879131596989 0
0,3,0,1,0,0,0 -9.0118884576995129e-16 -0.057624386121946806 0
0,3,1,0,0,0,0 -1.3105835861004778e-15 -0.066287574875080052 0
0,4,0,0,0,0,0 9.3718435789647003e-16 1.835554278017959e-16 0
1,0,0,0,0,0,3 3.6877781644378826e-15 -9.2053507828523951e-16 0
1,0,0,0,0,1,2 9.9472838820113818e-15 -0.014728879131597643 0
1,0,0,0,0,2,1 7.2580288133783366e-15 -2.6397612394590819e-15 0
1,0,0,0,0,3,0 8.0989089133037817e-15 -0.014728879131598635 0
1,0,0,0,1,0,2 8.409540459017404e-15 -0.014812313923025663 0
1,0,0,0,1,1,1 -1.2914118423723239e-15 2.689807334114655e-15 0
1,0,0,0,1,2,0 0.50000000000000022 -0.19933784888581141 0
1,0,0,0,2,0,1 -7.7477838987554835e-17 -2.0213196677187006e-15 0
1,0,0,0,2,1,0 5.9570565630699126e-15 -0.014728879131598583 0
1,0,0,0,3,0,0 -0.16666666666666727 0.04669619773123556 0
1,0,0,1,0,0,2 3.717200700893708e-15 0.066287574875081537 0
1,0,0,1,0,1,1 0.94280904158205714 -0.34576594600847693 0
1,0,0,1,0,2,0 2.7333549919988931e-15 0.066287574875083105 0
1,0,0,1,1,0,1 3.0893273643460908e-15 2.0858559020633938e-15 0
1,0,0,1,1,1,0 -3.8179671284308686e-16 2.2582304949614329e-15 0
1,0,0,1,2,0,0 3.9654419172949467e-16 0.066287574875080399 0
1,0,0,2,0,0,1 2.0056249412994664e-15 -1.1141803625547286e-15 0
1,0,0,2,0,1,0 5.2318311358559577e-15 -0.014728879131599612 0
1,0,0,2,1,0,0 0.3333333333333241 -0.1350782977108318 0
1,0,0,3,0,0,0 1.0185062970964609e-15 0.066287574875080801 0
1,0,1,0,0,0,2 3.2634214341270562e-15 -0.057624386121947258 0
1,0,1,0,0,1,1 -7.4850607482968012e-16 -2.2501260837221038e-15 0
1,0,1,0,0,2,0 2.6101896252045398e-15 -0.057624386121946536 0
1,0,1,0,1,0,1 -0.94280904158205714 0.34576594600846866 0
1,0,1,0,1,1,0 -3.9211831752514886e-15 2.3678594282257152e-15 0
1,0,1,0,2,0,0 -2.0325714416317899e-15 -0.057624386121945786 0
1,0,1,1,0,0,1 7.7992625378831004e-15 -2.8396474624839407e-15 0
1,0,1,1,0,1,0 -0.66666666666666707 0.24053196757560816 0
1,0,1,1,1,0,0 3.8112137347424101e-15 -2.1445451209127497e-15 0
1,0,1,2,0,0,0 3.3159849107018691e-15 -0.057624386121945911 0
1,0,2,0,0,0,1 -4.748534464943388e-16 1.6425662913155392e-15 0
1,0,2,0,0,1,0 6.9826008039855503e-15 -0.014728879131597464 0
1,0,2,0,1,0,0 -0.33333333333333498 0.1054536698647791 0
1,0,2,1,0,0,0 1.5763554198945651e-15 0.066287574875079885 0
1,0,3,0,0,0,0 -7.1524054989216199e-16 -0.057624386121945662 0
1,1,0,0,0,0,2 4.2730673835339812e-15 -1.5872381216099928e-15 0
1,1,0,0,0,1,1 8.7252400803597077e-15 -1.1175637619480988e-15 0
1,1,0,0,0,2,0 3.6635367606651937e-15 -1.9906002610809106e-15 0
1,1,0,0,1,0,1 -1.5094458801426723e-15 5.8076356725850243e-17 0
1,1,0,0,1,1,0 1.7484704287622456e-15 -9.1255316510155128e-16 0
1,1,0,0,2,0,0 6.8632161276997852e-15 -8.9728530750323284e-16 0
1,1,0,1,0,0,1 9.3604043249484397e-15 -9.7978268773544168e-16 0
1,1,0,1,0,1,0 6.1522952891181374e-16 6.4330237086816774e-16 0
1,1,0,1,1,0,0 5.1904914624703071e-15 1.4547983940200661e-15 0
1,1,0,2,0,0,0 7.306263734263864e-15 -1.4735135271969771e-16 0
1,1,1,0,0,0,1 6.2807804063020404e-15 -2.613697404325236e-16 0
1,1,1,0,0,1,0 1.128566132308552e-15 1.6826053388750258e-15 0
1,1,1,0,1,0,0 -4.4673570342565347e-15 -2.4014986212285719e-15 0
1,1,1,1,0,0,0 -3.6877901623038437e-15 -1.2201997340342043e-15 0
1,1,2,0,0,0,0 6.1879172438717848e-15 -8.7164709572936048e-16 0
1,2,0,0,0,0,1 3.7999117741271959e-15 -1.8391321451871612e-15 0
1,2,0,0,0,1,0 6.043586854923011e-15 -0.014728879131598998 0
1,2,0,0,1,0,0 -4.0115480381963664e-17 -0.014812313923027979 0
1,2,0,1,0,0,0 -1.8726339923169633e-15 0.066287574875080912 0
1,2,1,0,0,0,0 1.9576354426398268e-15 -0.057624386121945384 0
1,3,0,0,0,0,0 2.3193252873809911e-15 -6.6570013390609972e-16 0
2,0,0,0,0,0,2 2.2518879122523927e-16 1.9535900132837403e-15 0
2,0,0,0,0,1,1 -9.9211003995458569e-15 -0.093744787405160526 0
2,0,0,0,0,2,0 -0.16666666666666971 0.066573006045618749 0
2,0,0,0,1,0,1 4.6958812028761662e-15 -0.081493188377079612 0
2,0,0,0,1,1,0 -5.0884487866765388e-16 0.014728879131595382 0
2,0,0,0,2,0,0 -0.16666666666666269 0.051760692122589408 0
2,0,0,1,0,0,1 -5.3730891264036629e-15 0.020829780626459925 0
2,0,0,1,0,1,0 -5.6255591547940687e-15 -0.057624386121944197 0
2,0,0,1,1,0,0 1.821871307788013e-15 -0.066287574875083299 0
2,0,0,2,0,0,0 -0.16666666666666533 0.057791329323744735 0
2,0,1,0,0,0,1 1.9598173995119539e-15 -0.020947775240073355 0
2,0,1,0,0,1,0 -4.6892557111627431e-15 0.066287574875083549 0
2,0,1,0,1,0,0 -9.985757389025093e-15 -0.057624386121942636 0
2,0,1,1,0,0,0 -3.7276903569125053e-16 6.6101773577367795e-16 0
2,0,2,0,0,0,0 -0.1666666666666711 0.057791329323744638 0
2,1,0,0,0,0,1 -3.9368898309983114e-15 -4.9020097501921111e-17 0
2,1,0,0,0,1,0 -7.0052559533332163e-15 -0.014812313923024607 0
2,1,0,0,1,0,0 1.3201315003831919e-15 0.014728879131594586 0
2,1,0,1,0,0,0 -1.7612061504805622e-15 -0.057624386121944607 0
2,1,1,0,0,0,0 4.1521865900734429e-16 -0.066287574875080899 0
2,2,0,0,0,0,0 -4.3937293039975067e-17 -4.2905945723398231e-16 0
3,0,0,0,0,0,1 2.277349722646857e-15 -1.1021592709672956e-15 0
3,0,0,0,0,1,0 7.9900312982637139e-15 -0.01472887913159952 0
3,0,0,0,1,0,0 -2.878961437939565e-15 -0.014812313923024865 0
3,0,0,1,0,0,0 -3.5446634776697961e-16 0.066287574875081648 0
3,0,1,0,0,0,0 1.3605212605388023e-15 -0.057624386121944877 0
3,1,0,0,0,0,0 3.7506443212509225e-15 -8.2133227730356107e-16 0
4,0,0,0,0,0,0 -1.0387995124467794e-15 -1.15276948956574e-17 0
