# sectors lambda 1.9614068619764455 2.1995688493332106 2.298606272079097 2.3421820411462999
0,0,0,0,0,0,4 1.7962554117253789e-16 2.8391114114503955e-16 0
0,0,0,0,0,1,3 -7.9100516026471676e-15 9.9810346533462075e-16 0
0,0,0,0,0,2,2 -0.33333333333334353 0.12891078647848511 0
0,0,0,0,0,3,1 -3.6008244753811721e-15 1.4302297042608772e-15 0
0,0,0,0,0,4,0 -0.041666666666668767 0.015962543556106042 0
0,0,0,0,1,0,3 5.5456936297096997e-15 -1.4936467009252318e-15 0
0,0,0,0,1,1,2 8.9630440388503077e-15 -2.0422076366801891e-15 0
0,0,0,0,1,2,1 6.1693956113110872e-15 -1.3324521512409283e-15 0
0,0,0,0,1,3,0 1.5419384923157288e-15 -7.4950877438914314e-16 0
0,0,0,0,2,0,2 -0.33333333333333764 0.12891078647848273 0
0,0,0,0,2,1,1 -5.7726842204453291e-15 1.5133935812224521e-15 0
0,0,0,0,2,2,0 -0.083333333333335924 0.031925087112209961 0
0,0,0,0,3,0,1 2.1034934217030663e-15 -9.0682939057116635e-16 0
0,0,0,0,3,1,0 3.9733435421717729e-15 -1.6389017684444416e-15 0
0,0,0,0,4,0,0 -0.041666666666664694 0.015962543556104485 0
0,0,0,1,0,0,3 1.7122773532275719e-17 -1.6447853726268968e-17 0
0,0,0,1,0,1,2 -2.6667722570835447e-15 2.9055283135962306e-16 0
0,0,0,1,0,2,1 -7.4723649398403287e-16 1.4875901423409151e-15 0
0,0,0,1,0,3,0 -6.1501168814086796e-15 6.3271093632259326e-16 0
0,0,0,1,1,0,2 6.3837043684168037e-16 -6.7807512241235593e-16 0
0,0,0,1,1,1,1 -1.4142135623730947 0.5385185848040146 0
0,0,0,1,1,2,0 -2.4527916797310851e-15 -8.5109018498675696e-16 0
0,0,0,1,2,0,1 -7.1824259888420983e-15 8.2121502571481908e-18 0
0,0,0,1,2,1,0 -2.8440242839599674e-15 -4.8319782447018518e-16 0
0,0,0,1,3,0,0 4.1494089200853334e-15 -1.644197686638033e-15 0
0,0,0,2,0,0,2 -0.33333333333334031 0.12615974695776186 0
0,0,0,2,0,1,1 -3.7384036698367021e-15 1.2568232882168543e-15 0
0,0,0,2,0,2,0 -0.16666666666666755 0.062474654464061488 0
0,0,0,2,1,0,1 2.8844404814282515e-15 -2.4086624126045619e-15 0
0,0,0,2,1,1,0 2.9325672452298866e-15 -8.848358590870037e-16 0
0,0,0,2,2,0,0 -0.16666666666665819 0.06247465446405865 0
0,0,0,3,0,0,1 3.4011339420410768e-16 -1.614639999582761e-16 0
0,0,0,3,0,1,0 -4.2351022465307011e-15 -2.5408280981498595e-16 0
0,0,0,3,1,0,0 -2.3880765933925519e-16 -8.9809818600162978e-16 0
0,0,0,4,0,0,0 1.5664466675465034e-15 -4.4929061455375513e-16 0
0,0,1,0,0,0,3 -1.0507680015247331e-16 -1.0326777783610595e-15 0
0,0,1,0,0,1,2 -3.3978288099659599e-15 6.4388983604098255e-16 0
0,0,1,0,0,2,1 0.70710678118654868 -0.2692592924020123 0
0,0,1,0,0,3,0 -3.7783901097806712e-17 9.3853219042210437e-16 0
0,0,1,0,1,0,2 -6.8807218936565485e-15 1.8184918876771886e-15 0
0,0,1,0,1,1,1 4.7980976261744017e-15 -4.7137441883574288e-17 0
0,0,1,0,1,2,0 -1.1102025669362999e-14 2.8510760234589808e-15 0
0,0,1,0,2,0,1 -0.70710678118653614 0.26925929240201057 0
0,0,1,0,2,1,0 -7.1073493673353083e-15 1.5670421020599603e-15 0
0,0,1,0,3,0,0 -6.0035347818293699e-15 2.4039805487932293e-15 0
0,0,1,1,0,0,2 -3.8726768558965872e-15 9.6763688528160683e-16 0
0,0,1,1,0,1,1 -8.7245135872524038e-16 6.8473036684758266e-16 0
0,0,1,1,0,2,0 1.2148133483810465e-16 1.1414206306368764e-15 0
0,0,1,1,1,0,1 -2.3196421166911237e-15 1.7852007221455123e-16 0
0,0,1,1,1,1,0 -1.1290557261596833e-15 2.6002412062203165e-16 0
0,0,1,1,2,0,0 -9.760356574448654e-17 -5.8234376616539388e-17 0
0,0,1,2,0,0,1 2.4294464962574122e-15 -1.8778647132033871e-15 0
0,0,1,2,0,1,0 -3.5362941234421198e-15 5.2129163984116161e-16 0
0,0,1,2,1,0,0 -7.8315678710410108e-15 2.2693555043554319e-15 0
0,0,1,3,0,0,0 -4.7949074316935425e-15 6.7580779173413038e-16 0
0,0,2,0,0,0,2 -0.33333333333333881 0.12615974695776538 0
0,0,2,0,0,1,1 -4.9238705045526314e-15 1.7059081693275459e-15 0
0,0,2,0,0,2,0 -0.16666666666667831 0.062474654464062723 0
0,0,2,0,1,0,1 1.4464699588235743e-16 -2.839288007147299e-16 0
0,0,2,0,1,1,0 5.7632135050025316e-15 -1.2916459309761323e-15 0
0,0,2,0,2,0,0 -0.16666666666666619 0.062474654464059844 0
0,0,2,1,0,0,1 4.0031019031659745e-15 -6.2634011861989792e-16 0
0,0,2,1,0,1,0 -3.9589033571019837e-15 1.8064724890609976e-16 0
0,0,2,1,1,0,0 3.7170515560237557e-15 -8.0232244457473035e-16 0
0,0,2,2,0,0,0 -3.891384638799374e-16 3.7928111409756449e-16 0
0,0,3,0,0,0,1 3.6075397855210603e-15 3.8005048599245195e-16 0
0,0,3,0,0,1,0 -2.559816075483822e-15 1.0773972346075238e-15 0
0,0,3,0,1,0,0 -9.9002239292710261e-15 2.0974021315905394e-15 0
0,0,3,1,0,0,0 -3.1400929711968515e-15 3.6863360264080376e-16 0
0,0,4,0,0,0,0 -5.8114388968038849e-15 5.9661167901289711e-16 0
0,1,0,0,0,0,3 -3.9324316595793198e-15 1.6307414425401099e-15 0
0,1,0,0,0,1,2 -1.0169973689412127e-14 2.6269495871689804e-15 0
0,1,0,0,0,2,1 -4.9996373048924189e-15 6.4531906426719651e-16 0
0,1,0,0,0,3,0 0.16666666666665628 -0.061508511654260557 0
0,1,0,0,1,0,2 -7.6141894612419306e-15 -3.2947565635259489e-16 0
0,1,0,0,1,1,1 -3.6909865777901129e-15 5.7315743734616739e-16 0
0,1,0,0,1,2,0 1.8494309504166712e-15 -5.1177121580761026e-16 0
0,1,0,0,2,0,1 -3.5114949980017456e-15 2.4402612058757493e-15 0
0,1,0,0,2,1,0 -0.500000000000006 0.18452553496279087 0
0,1,0,0,3,0,0 2.2645840013032569e-15 -6.9567518038957854e-16 0
0,1,0,1,0,0,2 2.9580562745515733e-15 2.422995990730406e-16 0
0,1,0,1,0,1,1 -6.9297968149717175e-16 -6.1588169282372756e-16 0
0,1,0,1,0,2,0 -3.5733903909835062e-15 -4.7162718458011148e-16 0
0,1,0,1,1,0,1 -0.9428090415820698 0.34576594600847504 0
0,1,0,1,1,1,0 -4.8466145943751741e-15 1.9649867883906561e-15 0
0,1,0,1,2,0,0 -2.1824977145777041e-15 7.4855657396123349e-16 0
0,1,0,2,0,0,1 -4.1608240661218893e-15 1.0853159411343619e-15 0
0,1,0,2,0,1,0 -0.33333333333334147 0.12026598378780977 0
0,1,0,2,1,0,0 1.618485229615174e-15 -1.2197244201505358e-15 0
0,1,0,3,0,0,0 -1.4574907631885947e-15 -2.949326536622449e-16 0
0,1,1,0,0,0,2 -5.4083860037375001e-15 4.429061846166371e-16 0
0,1,1,0,0,1,1 -0.94280904158203838 0.34576594600847643 0
0,1,1,0,0,2,0 -4.1461044654067722e-15 -2.0163513648062149e-16 0
0,1,1,0,1,0,1 6.8260402402197151e-15 -8.7736094867688743e-16 0
0,1,1,0,1,1,0 8.3150550949301171e-16 -3.3498960699504887e-16 0
0,1,1,0,2,0,0 -4.6952659620688597e-15 1.299250720731998e-16 0
0,1,1,1,0,0,1 -4.7398439550366751e-15 -2.3168677872950264e-16 0
0,1,1,1,0,1,0 2.2614689350616998e-15 7.2422918748007415e-16 0
0,1,1,1,1,0,0 -0.66666666666666674 0.24053196757560732 0
0,1,1,2,0,0,0 -1.5559129402590895e-16 3.63523641831494e-16 0
0,1,2,0,0,0,1 -4.0668173454709134e-15 1.6262441257846867e-15 0
0,1,2,0,0,1,0 0.33333333333333259 -0.12026598378780473 0
0,1,2,0,1,0,0 1.5725500682410408e-15 1.3611959065075696e-16 0
0,1,2,1,0,0,0 -5.3485287143347911e-15 8.2281972412548416e-16 0
0,1,3,0,0,0,0 -1.0384125084531607e-15 4.3950247224514527e-17 0
0,2,0,0,0,0,2 7.9301572339192804e-16 1.1866388475903688e-15 0
0,2,0,0,0,1,1 -9.7052234801430147e-15 1.3423027291191869e-15 0
0,2,0,0,0,2,0 -0.16666666666666663 0.05916684908410598 0
0,2,0,0,1,0,1 5.3950500613827232e-15 -1.2524039101252515e-15 0
0,2,0,0,1,1,0 2.5927560655354806e-15 -1.2006903313522809e-15 0
0,2,0,0,2,0,0 -0.16666666666666746 0.059166849084103648 0
0,2,0,1,0,0,1 4.2656305417816721e-15 5.7930034907246494e-16 0
0,2,0,1,0,1,0 -3.7918370901878233e-15 7.4994963318604162e-16 0
0,2,0,1,1,0,0 6.5556020933230528e-16 -8.0005519257166723e-16 0
0,2,0,2,0,0,0 -0.1666666666666666 0.057791329323745574 0
0,2,1,0,0,0,1 -3.3703989764057868e-16 -1.0996267011416209e-15 0
0,2,1,0,0,1,0 -4.9949859881222423e-15 1.2712762587311854e-15 0
0,2,1,0,1,0,0 -1.1868594450554123e-14 2.8657124700144162e-15 0
0,2,1,1,0,0,0 -4.1380706041913715e-15 9.2961034658987231e-16 0
0,2,2,0,0,0,0 -0.16666666666667293 0.057791329323745345 0
0,3,0,0,0,0,1 -2.3301494748987386e-15 1.4668221992725163e-15 0
0,3,0,0,0,1,0 -6.8545745298880366e-15 1.5888311798082684e-15 0
0,3,0,0,1,0,0 -1.2264507070663122e-15 -5.9195339930265156e-16 0
0,3,0,1,0,0,0 -8.2615292268028537e-16 1.5546369137517038e-16 0
0,3,1,0,0,0,0 -1.6378518306042064e-15 5.3231589921372103e-16 0
0,4,0,0,0,0,0 1.2892572369097124e-15 1.5176953421742218e-16 0
1,0,0,0,0,0,3 4.5007382910529961e-15 -9.2036816373601245e-16 0
1,0,0,0,0,1,2 1.01727972076251e-14 -1.664308141390926e-15 0
1,0,0,0,0,2,1 8.5028707492923593e-15 -1.4192362969586689e-15 0
1,0,0,0,0,3,0 7.7261825180779499e-15 -1.6588136109329684e-15 0
1,0,0,0,1,0,2 7.0696261162742048e-15 -3.1012076427657783e-16 0
1,0,0,0,1,1,1 -4.8423301504943903e-16 1.7226916050706939e-15 0
1,0,0,0,1,2,0 0.49999999999999961 -0.18452553496279064 0
1,0,0,0,2,0,1 7.855412057375244e-17 -8.1473228508454608e-16 0
1,0,0,0,2,1,0 4.7631344465322398e-15 -1.1653993929242607e-15 0
1,0,0,0,3,0,0 -0.16666666666666721 0.061508511654263243 0
1,0,0,1,0,0,2 3.2051359386056345e-15 -5.2543195301778343e-16 0
1,0,0,1,0,1,1 0.94280904158205625 -0.34576594600847399 0
1,0,0,1,0,2,0 3.134331558831986e-15 2.048793110471872e-16 0
1,0,0,1,1,0,1 1.5725165010907177e-15 -5.569489536774932e-17 0
1,0,0,1,1,1,0 1.4553888360643775e-15 4.5538459699691251e-16 0
1,0,0,1,2,0,0 1.0730408525299582e-15 -5.4639844610254863e-16 0
1,0,0,2,0,0,1 3.8427632387997438e-15 -1.0589516086135774e-15 0
1,0,0,2,0,1,0 4.0118100626706626e-15 -2.1737962590928524e-15 0
1,0,0,2,1,0,0 0.33333333333332232 -0.12026598378780401 0
1,0,0,3,0,0,0 7.685159258225044e-16 -6.4933905454027823e-17 0
1,0,1,0,0,0,2 3.5492124338382235e-15 -6.9027353348590281e-16 0
1,0,1,0,0,1,1 1.4215977137853795e-15 -9.8638340868822592e-16 0
1,0,1,0,0,2,0 2.4723769218883763e-15 -3.3953149504647421e-16 0
1,0,1,0,1,0,1 -0.94280904158205614 0.3457659460084751 0
1,0,1,0,1,1,0 -4.2141954135594979e-15 7.8093825507606714e-16 0
1,0,1,0,2,0,0 -9.2248483024265802e-16 -1.3053860965195876e-16 0
1,0,1,1,0,0,1 8.2960390829822492e-15 -2.9936392155961724e-16 0
1,0,1,1,0,1,0 -0.66666666666666496 0.24053196757561185 0
1,0,1,1,1,0,0 5.247192430820007e-15 -9.9274394416052944e-16 0
1,0,1,2,0,0,0 2.7399262163202386e-15 -7.0651340249347942e-17 0
1,0,2,0,0,0,1 9.8413053304435444e-16 -7.7530895155014517e-16 0
1,0,2,0,0,1,0 6.4583232500529805e-15 -2.0044981157759174e-15 0
1,0,2,0,1,0,0 -0.33333333333333542 0.12026598378780251 0
1,0,2,1,0,0,0 2.1536757837936205e-15 -5.7594600664013782e-16 0
1,0,3,0,0,0,0 -7.0329640809620625e-16 -1.5658479495216374e-16 0
1,1,0,0,0,0,2 4.0368884833330622e-15 -1.8313317561290463e-15 0
1,1,0,0,0,1,1 9.7975776937443478e-15 -6.6787895742967069e-16 0
1,1,0,0,0,2,0 4.0407409113698121e-15 -8.5956431551061489e-16 0
1,1,0,0,1,0,1 -1.6306460249909738e-15 6.1078251122196869e-16 0
1,1,0,0,1,1,0 2.4948825279100767e-15 -1.4316959019629171e-16 0
1,1,0,0,2,0,0 7.5392638312639684e-15 -7.5914020516580822e-16 0
1,1,0,1,0,0,1 9.0237000062100853e-15 -9.9794209662584846e-16 0
1,1,0,1,0,1,0 1.6663596558279809e-15 -5.7159293423317358e-17 0
1,1,0,1,1,0,0 4.4226395177882444e-15 3.0960846002692624e-16 0
1,1,0,2,0,0,0 7.4995021127070102e-15 -1.5329786309068472e-15 0
1,1,1,0,0,0,1 6.3711294861034988e-15 1.8490440879807008e-16 0
1,1,1,0,0,1,0 1.4339068547778053e-15 -5.1905768052947712e-17 0
1,1,1,0,1,0,0 -3.4756702078977266e-15 -5.3830263649572756e-17 0
1,1,1,1,0,0,0 -2.603230346106795e-15 3.5262683269270925e-16 0
1,1,2,0,0,0,0 5.8871452924469364e-15 -1.0884356533770563e-15 0
1,2,0,0,0,0,1 3.8851521723641673e-15 -9.277881612345239e-16 0
1,2,0,0,0,1,0 6.6455462533035577e-15 -1.9310237462248699e-15 0
1,2,0,0,1,0,0 -2.4872067011827974e-16 3.3829743240517341e-16 0
1,2,0,1,0,0,0 -1.5663235102853169e-15 -3.514105977407757e-16 0
1,2,1,0,0,0,0 3.1436714972953085e-15 -6.3726879900023202e-16 0
1,3,0,0,0,0,0 1.9729283419242039e-15 -5.5685181210146721e-16 0
2,0,0,0,0,0,2 8.6509537534618425e-16 8.9469875752998396e-16 0
2,0,0,0,0,1,1 -1.0006121139578192e-14 1.0411239494719493e-15 0
2,0,0,0,0,2,0 -0.16666666666666857 0.059166849084105938 0
2,0,0,0,1,0,1 4.4205763060076345e-15 -1.6080753750184906e-15 0
2,0,0,0,1,1,0 4.1706453747414852e-16 -1.2204771502406901e-15 0
2,0,0,0,2,0,0 -0.16666666666666258 0.059166849084103829 0
2,0,0,1,0,0,1 -3.5997823745894135e-15 8.6220431065394479e-16 0
2,0,0,1,0,1,0 -7.215756287031321e-15 1.2748848898298473e-15 0
2,0,0,1,1,0,0 2.8977847369747084e-15 -1.3328189025423634e-15 0
2,0,0,2,0,0,0 -0.16666666666666466 0.057791329323744936 0
2,0,1,0,0,0,1 2.5397440077258929e-15 -1.0941633389612536e-15 0
2,0,1,0,0,1,0 -3.8041099694232459e-15 3.9190408767887773e-16 0
2,0,1,0,1,0,0 -9.841126537884046e-15 2.2356578292035267e-15 0
2,0,1,1,0,0,0 -2.2254213720802323e-16 -2.1420180068667005e-16 0
2,0,2,0,0,0,0 -0.16666666666667135 0.057791329323743999 0
2,1,0,0,0,0,1 -4.4593908367777611e-15 9.7774585895011736e-16 0
2,1,0,0,0,1,0 -6.961468675318438e-15 2.1484000807710125e-15 0
2,1,0,0,1,0,0 7.1892365594778166e-16 8.4104756210171289e-18 0
2,1,0,1,0,0,0 -1.623783536905848e-15 3.7396094350549733e-17 0
2,1,1,0,0,0,0 6.282614765734423e-17 2.2855271144392838e-16 0
2,2,0,0,0,0,0 2.1834407422563323e-16 1.3516352734244583e-16 0
3,0,0,0,0,0,1 3.2542670946503008e-15 -5.4340999641134177e-16 0
3,0,0,0,0,1,0 7.380689956282297e-15 -1.5798197500308594e-15 0
3,0,0,0,1,0,0 -3.7786466739346408e-15 1.5618628302667484e-15 0
3,0,0,1,0,0,0 -2.7883430506034825e-16 -4.8184950384499721e-16 0
3,0,1,0,0,0,0 1.3138652950943287e-15 -3.7463587853217363e-16 0
3,1,0,0,0,0,0 3.9970273200837043e-15 -7.3055308540722493e-16 0
4,0,0,0,0,0,0 -5.6883429095714006e-16 -3.1503654870261324e-16 0
