# sectors lambda 1.9614068619764455 2.1995688493332106 2.298606272079097 2.3421820411462999
0,0,0,0,0,0,4 1.7962554117253789e-16 5.1273063279658925e-16 0
0,0,0,0,0,1,3 -7.9100516026471676e-15 2.3489729325263293e-15 0
0,0,0,0,0,2,2 -0.33333333333334353 0.12891078647848511 0
0,0,0,0,0,3,1 -3.6008244753811721e-15 1.1518402103255416e-15 0
0,0,0,0,0,4,0 -0.041666666666668767 0.015962543556105761 0
0,0,0,0,1,0,3 5.5456936297096997e-15 -1.4310453370315256e-15 0
0,0,0,0,1,1,2 8.9630440388503077e-15 -2.3805059250104903e-15 0
0,0,0,0,1,2,1 6.1693956113110872e-15 -1.8008555205244003e-15 0
0,0,0,0,1,3,0 1.5419384923157288e-15 -4.3680141704539525e-16 0
0,0,0,0,2,0,2 -0.33333333333333764 0.1289107864784815 0
0,0,0,0,2,1,1 -5.7726842204453291e-15 1.810895308316568e-15 0
0,0,0,0,2,2,0 -0.083333333333335924 0.031925087112209684 0
0,0,0,0,3,0,1 2.1034934217030663e-15 -1.422615900031666e-15 0
0,0,0,0,3,1,0 3.9733435421717729e-15 -1.4348441877565339e-15 0
0,0,0,0,4,0,0 -0.041666666666664694 0.015962543556103923 0
0,0,0,1,0,0,3 1.7122773532275719e-17 -1.6761456355594139e-16 0
0,0,0,1,0,1,2 -2.6667722570835447e-15 3.2424266720596919e-16 0
0,0,0,1,0,2,1 -7.4723649398403287e-16 -3.7990088303833846e-16 0
0,0,0,1,0,3,0 -6.1501168814086796e-15 2.0414782594517179e-17 0
0,0,0,1,1,0,2 6.3837043684168037e-16 -6.7591662619463337e-16 0
0,0,0,1,1,1,1 -1.4142135623730947 0.53851858480402093 0
0,0,0,1,1,2,0 -2.4527916797310851e-15 -8.9299962510092645e-16 0
0,0,0,1,2,0,1 -7.1824259888420983e-15 2.3066432363519473e-17 0
0,0,0,1,2,1,0 -2.8440242839599674e-15 -4.5604980642268355e-16 0
0,0,0,1,3,0,0 4.1494089200853334e-15 -1.1666022494310826e-15 0
0,0,0,2,0,0,2 -0.33333333333334031 0.12615974695776289 0
0,0,0,2,0,1,1 -3.7384036698367021e-15 2.2052240672553534e-15 0
0,0,0,2,0,2,0 -0.16666666666666755 0.062474654464060073 0
0,0,0,2,1,0,1 2.8844404814282515e-15 -1.457111984308546e-15 0
0,0,0,2,1,1,0 2.9325672452298866e-15 -3.3677420846053255e-16 0
0,0,0,2,2,0,0 -0.16666666666665819 0.062474654464057366 0
0,0,0,3,0,0,1 3.4011339420410768e-16 5.4141251415121258e-16 0
0,0,0,3,0,1,0 -4.2351022465307011e-15 1.1984396908472826e-15 0
0,0,0,3,1,0,0 -2.3880765933925519e-16 -1.3234637487881145e-15 0
0,0,0,4,0,0,0 1.5664466675465034e-15 -2.1216938493079312e-15 0
0,0,1,0,0,0,3 -1.0507680015247331e-16 1.6656514977121375e-16 0
0,0,1,0,0,1,2 -3.3978288099659599e-15 3.6819004942408447e-16 0
0,0,1,0,0,2,1 0.70710678118654868 -0.2692592924020123 0
0,0,1,0,0,3,0 -3.7783901097806712e-17 7.487620846368169e-16 0
0,0,1,0,1,0,2 -6.8807218936565485e-15 2.4863134533698771e-15 0
0,0,1,0,1,1,1 4.7980976261744017e-15 2.6482377074581816e-17 0
0,0,1,0,1,2,0 -1.1102025669362999e-14 3.8174235459626941e-15 0
0,0,1,0,2,0,1 -0.70710678118653614 0.26925929240200652 0
0,0,1,0,2,1,0 -7.1073493673353083e-15 9.5664999308885536e-16 0
0,0,1,0,3,0,0 -6.0035347818293699e-15 2.0174044062846296e-15 0
0,0,1,1,0,0,2 -3.8726768558965872e-15 1.5774347399914598e-15 0
0,0,1,1,0,1,1 -8.7245135872524038e-16 3.1477238815786207e-16 0
0,0,1,1,0,2,0 1.2148133483810465e-16 6.6836497584011179e-16 0
0,0,1,1,1,0,1 -2.3196421166911237e-15 5.2011777038493963e-16 0
0,0,1,1,1,1,0 -1.1290557261596833e-15 1.3095408257444686e-15 0
0,0,1,1,2,0,0 -9.760356574448654e-17 2.0502657677360489e-15 0
0,0,1,2,0,0,1 2.4294464962574122e-15 -9.4744445015721984e-16 0
0,0,1,2,0,1,0 -3.5362941234421198e-15 1.6185490139746491e-15 0
0,0,1,2,1,0,0 -7.8315678710410108e-15 2.8579781128415388e-15 0
0,0,1,3,0,0,0 -4.7949074316935425e-15 1.5500080100951554e-15 0
0,0,2,0,0,0,2 -0.33333333333333881 0.12615974695776586 0
0,0,2,0,0,1,1 -4.9238705045526314e-15 1.6823662229479214e-15 0
0,0,2,0,0,2,0 -0.16666666666667831 0.062474654464062557 0
0,0,2,0,1,0,1 1.4464699588235743e-16 -2.442538251715957e-15 0
0,0,2,0,1,1,0 5.7632135050025316e-15 -1.8924453083055227e-15 0
0,0,2,0,2,0,0 -0.16666666666666619 0.062474654464059844 0
0,0,2,1,0,0,1 4.0031019031659745e-15 1.9069806691211137e-16 0
0,0,2,1,0,1,0 -3.9589033571019837e-15 -6.0023240254742497e-17 0
0,0,2,1,1,0,0 3.7170515560237557e-15 -9.0822881032664776e-16 0
0,0,2,2,0,0,0 -3.891384638799374e-16 3.3949315215172003e-16 0
0,0,3,0,0,0,1 3.6075397855210603e-15 -9.5018753964430061e-17 0
0,0,3,0,0,1,0 -2.559816075483822e-15 9.4030525851146163e-16 0
0,0,3,0,1,0,0 -9.9002239292710261e-15 2.7457477372623195e-15 0
0,0,3,1,0,0,0 -3.1400929711968515e-15 8.7492263913043689e-16 0
0,0,4,0,0,0,0 -5.8114388968038849e-15 9.1226609139068668e-16 0
0,1,0,0,0,0,3 -3.9324316595793198e-15 9.889354088265616e-16 0
0,1,0,0,0,1,2 -1.0169973689412127e-14 1.9895503390996881e-15 0
0,1,0,0,0,2,1 -4.9996373048924189e-15 1.1048451580407487e-15 0
0,1,0,0,0,3,0 0.16666666666665628 -0.061508511654259863 0
0,1,0,0,1,0,2 -7.6141894612419306e-15 2.7974644078483971e-17 0
0,1,0,0,1,1,1 -3.6909865777901129e-15 1.6024807569730611e-15 0
0,1,0,0,1,2,0 1.8494309504166712e-15 -7.8281424484893927e-16 0
0,1,0,0,2,0,1 -3.5114949980017456e-15 7.7375536036156111e-16 0
0,1,0,0,2,1,0 -0.500000000000006 0.18452553496278545 0
0,1,0,0,3,0,0 2.2645840013032569e-15 -1.1823639614699164e-16 0
0,1,0,1,0,0,2 2.9580562745515733e-15 8.4453621869753013e-17 0
0,1,0,1,0,1,1 -6.9297968149717175e-16 -1.3779433085301345e-15 0
0,1,0,1,0,2,0 -3.5733903909835062e-15 1.1603995939503831e-15 0
0,1,0,1,1,0,1 -0.9428090415820698 0.34576594600847749 0
0,1,0,1,1,1,0 -4.8466145943751741e-15 3.6775248387427267e-16 0
0,1,0,1,2,0,0 -2.1824977145777041e-15 -8.7459552144972794e-17 0
0,1,0,2,0,0,1 -4.1608240661218893e-15 1.0950989229510748e-15 0
0,1,0,2,0,1,0 -0.33333333333334147 0.12026598378780591 0
0,1,0,2,1,0,0 1.618485229615174e-15 -8.9600569408531748e-16 0
0,1,0,3,0,0,0 -1.4574907631885947e-15 -1.3921821755391916e-16 0
0,1,1,0,0,0,2 -5.4083860037375001e-15 1.1107814547252981e-15 0
0,1,1,0,0,1,1 -0.94280904158203838 0.34576594600847516 0
0,1,1,0,0,2,0 -4.1461044654067722e-15 7.1574593970197849e-16 0
0,1,1,0,1,0,1 6.8260402402197151e-15 -1.6536085657666763e-15 0
0,1,1,0,1,1,0 8.3150550949301171e-16 -2.0821040955499926e-16 0
0,1,1,0,2,0,0 -4.6952659620688597e-15 6.7768583271160586e-16 0
0,1,1,1,0,0,1 -4.7398439550366751e-15 6.4466515562281512e-16 0
0,1,1,1,0,1,0 2.2614689350616998e-15 2.4444647342943627e-16 0
0,1,1,1,1,0,0 -0.66666666666666674 0.24053196757560794 0
0,1,1,2,0,0,0 -1.5559129402590895e-16 5.8167409025540266e-17 0
0,1,2,0,0,0,1 -4.0668173454709134e-15 1.2470995555605245e-15 0
0,1,2,0,0,1,0 0.33333333333333259 -0.12026598378780369 0
0,1,2,0,1,0,0 1.5725500682410408e-15 2.1198050687959452e-15 0
0,1,2,1,0,0,0 -5.3485287143347911e-15 6.8725751058957709e-16 0
0,1,3,0,0,0,0 -1.0384125084531607e-15 3.9069268000580311e-16 0
0,2,0,0,0,0,2 7.9301572339192804e-16 4.507073272446525e-16 0
0,2,0,0,0,1,1 -9.7052234801430147e-15 8.2404202346287012e-16 0
0,2,0,0,0,2,0 -0.16666666666666663 0.059166849084105279 0
0,2,0,0,1,0,1 5.3950500613827232e-15 -1.8992197640145192e-15 0
0,2,0,0,1,1,0 2.5927560655354806e-15 -1.3886009020813998e-15 0
0,2,0,0,2,0,0 -0.16666666666666746 0.059166849084102233 0
0,2,0,1,0,0,1 4.2656305417816721e-15 7.9062555569784352e-16 0
0,2,0,1,0,1,0 -3.7918370901878233e-15 6.5048104492358618e-16 0
0,2,0,1,1,0,0 6.5556020933230528e-16 -5.6360083304599891e-17 0
0,2,0,2,0,0,0 -0.1666666666666666 0.05779132932374495 0
0,2,1,0,0,0,1 -3.3703989764057868e-16 -1.8872329919907086e-16 0
0,2,1,0,0,1,0 -4.9949859881222423e-15 1.2459426056324391e-15 0
0,2,1,0,1,0,0 -1.1868594450554123e-14 3.2690181983815536e-15 0
0,2,1,1,0,0,0 -4.1380706041913715e-15 -1.4528071777762033e-16 0
0,2,2,0,0,0,0 -0.16666666666667293 0.057791329323745921 0
0,3,0,0,0,0,1 -2.3301494748987386e-15 -7.0281272924933693e-17 0
0,3,0,0,0,1,0 -6.8545745298880366e-15 2.6026463692648101e-15 0
0,3,0,0,1,0,0 -1.2264507070663122e-15 1.3414813606502187e-16 0
0,3,0,1,0,0,0 -8.2615292268028537e-16 -2.1283053715613768e-16 0
0,3,1,0,0,0,0 -1.6378518306042064e-15 1.3407394995653313e-16 0
0,4,0,0,0,0,0 1.2892572369097124e-15 -1.2702863444083995e-16 0
1,0,0,0,0,0,3 4.5007382910529961e-15 -1.0210026066560225e-15 0
1,0,0,0,0,1,2 1.01727972076251e-14 -2.9328098232913041e-15 0
1,0,0,0,0,2,1 8.5028707492923593e-15 -4.3194107986706429e-16 0
1,0,0,0,0,3,0 7.7261825180779499e-15 -1.9331331438771627e-15 0
1,0,0,0,1,0,2 7.0696261162742048e-15 9.0896046237130701e-16 0
1,0,0,0,1,1,1 -4.8423301504943903e-16 -7.4348547270567606e-16 0
1,0,0,0,1,2,0 0.49999999999999961 -0.18452553496278634 0
1,0,0,0,2,0,1 7.855412057375244e-17 -2.2131356326915185e-16 0
1,0,0,0,2,1,0 4.7631344465322398e-15 -1.6789637060486654e-15 0
1,0,0,0,3,0,0 -0.16666666666666721 0.061508511654260647 0
1,0,0,1,0,0,2 3.2051359386056345e-15 -1.1364418768557399e-15 0
1,0,0,1,0,1,1 0.94280904158205625 -0.34576594600847549 0
1,0,0,1,0,2,0 3.134331558831986e-15 9.5389290469350454e-16 0
1,0,0,1,1,0,1 1.5725165010907177e-15 -1.8522841548394382e-15 0
1,0,0,1,1,1,0 1.4553888360643775e-15 2.2688450012646705e-16 0
1,0,0,1,2,0,0 1.0730408525299582e-15 6.7773754844146446e-16 0
1,0,0,2,0,0,1 3.8427632387997438e-15 -1.7312321306909908e-15 0
1,0,0,2,0,1,0 4.0118100626706626e-15 -2.5755698127639471e-15 0
1,0,0,2,1,0,0 0.33333333333332232 -0.12026598378780429 0
1,0,0,3,0,0,0 7.685159258225044e-16 5.5174870051020159e-16 0
1,0,1,0,0,0,2 3.5492124338382235e-15 -1.4119272346792075e-15 0
1,0,1,0,0,1,1 1.4215977137853795e-15 -3.7815546370684023e-16 0
1,0,1,0,0,2,0 2.4723769218883763e-15 -2.1598518384804841e-15 0
1,0,1,0,1,0,1 -0.94280904158205614 0.34576594600847893 0
1,0,1,0,1,1,0 -4.2141954135594979e-15 4.4058006922777015e-16 0
1,0,1,0,2,0,0 -9.2248483024265802e-16 -1.1714163675068107e-15 0
1,0,1,1,0,0,1 8.2960390829822492e-15 -9.8352700754611183e-17 0
1,0,1,1,0,1,0 -0.66666666666666496 0.24053196757561202 0
1,0,1,1,1,0,0 5.247192430820007e-15 -8.5140046943090135e-16 0
1,0,1,2,0,0,0 2.7399262163202386e-15 -5.3103801444825146e-16 0
1,0,2,0,0,0,1 9.8413053304435444e-16 -6.0092358758714384e-16 0
1,0,2,0,0,1,0 6.4583232500529805e-15 -1.9148641021878889e-15 0
1,0,2,0,1,0,0 -0.33333333333333542 0.12026598378780418 0
1,0,2,1,0,0,0 2.1536757837936205e-15 -3.8843603750529077e-16 0
1,0,3,0,0,0,0 -7.0329640809620625e-16 8.7943330092074782e-17 0
1,1,0,0,0,0,2 4.0368884833330622e-15 -1.2083230627600177e-15 0
1,1,0,0,0,1,1 9.7975776937443478e-15 -9.8227945307981943e-16 0
1,1,0,0,0,2,0 4.0407409113698121e-15 -2.2578320064652124e-15 0
1,1,0,0,1,0,1 -1.6306460249909738e-15 -7.227790875549877e-16 0
1,1,0,0,1,1,0 2.4948825279100767e-15 -5.3096071571810454e-16 0
1,1,0,0,2,0,0 7.5392638312639684e-15 -1.8798226881573516e-15 0
1,1,0,1,0,0,1 9.0237000062100853e-15 -8.7242150525708544e-16 0
1,1,0,1,0,1,0 1.6663596558279809e-15 -9.4664467408246778e-17 0
1,1,0,1,1,0,0 4.4226395177882444e-15 -1.1218926492304761e-15 0
1,1,0,2,0,0,0 7.4995021127070102e-15 -7.0058351115984148e-16 0
1,1,1,0,0,0,1 6.3711294861034988e-15 -2.7041617578867982e-16 0
1,1,1,0,0,1,0 1.4339068547778053e-15 4.4281668760316414e-16 0
1,1,1,0,1,0,0 -3.4756702078977266e-15 1.5380463269092656e-16 0
1,1,1,1,0,0,0 -2.603230346106795e-15 2.2865347462739215e-16 0
1,1,2,0,0,0,0 5.8871452924469364e-15 -1.0159969453355543e-15 0
1,2,0,0,0,0,1 3.8851521723641673e-15 -1.1636060941922913e-15 0
1,2,0,0,0,1,0 6.6455462533035577e-15 -1.746300276938403e-15 0
1,2,0,0,1,0,0 -2.4872067011827974e-16 1.141001099448282e-16 0
1,2,0,1,0,0,0 -1.5663235102853169e-15 -4.9933231076287114e-16 0
1,2,1,0,0,0,0 3.1436714972953085e-15 -2.7923576902428516e-16 0
1,3,0,0,0,0,0 1.9729283419242039e-15 -1.1115635770570509e-15 0
2,0,0,0,0,0,2 8.6509537534618425e-16 8.8313867441427288e-16 0
2,0,0,0,0,1,1 -1.0006121139578192e-14 2.0485060344526376e-15 0
2,0,0,0,0,2,0 -0.16666666666666857 0.059166849084106188 0
2,0,0,0,1,0,1 4.4205763060076345e-15 -6.988821471847511e-16 0
2,0,0,0,1,1,0 4.1706453747414852e-16 -4.2975650422366842e-16 0
2,0,0,0,2,0,0 -0.16666666666666258 0.059166849084103558 0
2,0,0,1,0,0,1 -3.5997823745894135e-15 5.5268014043729362e-16 0
2,0,0,1,0,1,0 -7.215756287031321e-15 1.5636109728776666e-15 0
2,0,0,1,1,0,0 2.8977847369747084e-15 -2.0526691297101023e-15 0
2,0,0,2,0,0,0 -0.16666666666666466 0.0577913293237452 0
2,0,1,0,0,0,1 2.5397440077258929e-15 -2.5666542246762661e-15 0
2,0,1,0,0,1,0 -3.8041099694232459e-15 5.375419236502229e-16 0
2,0,1,0,1,0,0 -9.841126537884046e-15 2.9104452611572714e-15 0
2,0,1,1,0,0,0 -2.2254213720802323e-16 6.6344921199783324e-16 0
2,0,2,0,0,0,0 -0.16666666666667135 0.057791329323746178 0
2,1,0,0,0,0,1 -4.4593908367777611e-15 5.8256022038447523e-16 0
2,1,0,0,0,1,0 -6.961468675318438e-15 1.734436867079033e-16 0
2,1,0,0,1,0,0 7.1892365594778166e-16 3.3042575620159915e-17 0
2,1,0,1,0,0,0 -1.623783536905848e-15 4.6165749792408575e-16 0
2,1,1,0,0,0,0 6.282614765734423e-17 4.9170619617725978e-16 0
2,2,0,0,0,0,0 2.1834407422563323e-16 1.8881293755242177e-16 0
3,0,0,0,0,0,1 3.2542670946503008e-15 -1.1813233252266463e-15 0
3,0,0,0,0,1,0 7.380689956282297e-15 -1.7338349489240425e-15 0
3,0,0,0,1,0,0 -3.7786466739346408e-15 -4.1771938993651043e-16 0
3,0,0,1,0,0,0 -2.7883430506034825e-16 6.4340119157126454e-16 0
3,0,1,0,0,0,0 1.3138652950943287e-15 -6.6121786930384604e-16 0
3,1,0,0,0,0,0 3.9970273200837043e-15 -1.6904390848471654e-15 0
4,0,0,0,0,0,0 -5.6883429095714006e-16 1.5635208363315127e-16 0
