200,0,0,0,0,0,0,4 0 0 0
200,0,0,0,0,0,1,3 0 0 0
200,0,0,0,0,0,2,2 0 0 0
200,0,0,0,0,0,3,1 0 0 0
200,0,0,0,0,0,4,0 0 0 0
200,0,0,0,0,1,0,3 0 0 0
200,0,0,0,0,1,1,2 0 0 0
200,0,0,0,0,1,2,1 0 0 0
200,0,0,0,0,1,3,0 0 0 0
200,0,0,0,0,2,0,2 0 0 0
200,0,0,0,0,2,1,1 0 0 0
200,0,0,0,0,2,2,0 0 0 0
200,0,0,0,0,3,0,1 0 0 0
200,0,0,0,0,3,1,0 0 0 0
200,0,0,0,0,4,0,0 0 0 0
200,0,0,0,1,0,0,3 0 0 0
200,0,0,0,1,0,1,2 0 0 0
200,0,0,0,1,0,2,1 0 0 0
200,0,0,0,1,0,3,0 0 0 0
200,0,0,0,1,1,0,2 0 0 0
200,0,0,0,1,1,1,1 0 0 0
200,0,0,0,1,1,2,0 0 0 0
200,0,0,0,1,2,0,1 0 0 0
200,0,0,0,1,2,1,0 0 0 0
200,0,0,0,1,3,0,0 0 0 0
200,0,0,0,2,0,0,2 0 0 0
200,0,0,0,2,0,1,1 0 0 0
200,0,0,0,2,0,2,0 0 0 0
200,0,0,0,2,1,0,1 0 0 0
200,0,0,0,2,1,1,0 0 0 0
200,0,0,0,2,2,0,0 0 0 0
200,0,0,0,3,0,0,1 0 0 0
200,0,0,0,3,0,1,0 0 0 0
200,0,0,0,3,1,0,0 0 0 0
200,0,0,0,4,0,0,0 0 0 0
200,0,0,1,0,0,0,3 0 0 0
200,0,0,1,0,0,1,2 0 0 0
200,0,0,1,0,0,2,1 0 0 0
200,0,0,1,0,0,3,0 0 0 0
200,0,0,1,0,1,0,2 0 0 0
200,0,0,1,0,1,1,1 0 0 0
200,0,0,1,0,1,2,0 0 0 0
200,0,0,1,0,2,0,1 0 0 0
200,0,0,1,0,2,1,0 0 0 0
200,0,0,1,0,3,0,0 0 0 0
200,0,0,1,1,0,0,2 0 0 0
200,0,0,1,1,0,1,1 0 0 0
200,0,0,1,1,0,2,0 0 0 0
200,0,0,1,1,1,0,1 0 0 0
200,0,0,1,1,1,1,0 0 0 0
200,0,0,1,1,2,0,0 0 0 0
200,0,0,1,2,0,0,1 0 0 0
200,0,0,1,2,0,1,0 0 0 0
200,0,0,1,2,1,0,0 0 0 0
200,0,0,1,3,0,0,0 0 0 0
200,0,0,2,0,0,0,2 0 0 0
200,0,0,2,0,0,1,1 0 0 0
200,0,0,2,0,0,2,0 0 0 0
200,0,0,2,0,1,0,1 0 0 0
200,0,0,2,0,1,1,0 0 0 0
200,0,0,2,0,2,0,0 0 0 0
200,0,0,2,1,0,0,1 0 0 0
200,0,0,2,1,0,1,0 0 0 0
200,0,0,2,1,1,0,0 0 0 0
200,0,0,2,2,0,0,0 0 0 0
200,0,0,3,0,0,0,1 0 0 0
200,0,0,3,0,0,1,0 0 0 0
200,0,0,3,0,1,0,0 0 0 0
200,0,0,3,1,0,0,0 0 0 0
200,0,0,4,0,0,0,0 0 0 0
200,0,1,0,0,0,0,3 0 0 0
200,0,1,0,0,0,1,2 0 0 0
200,0,1,0,0,0,2,1 0 0 0
200,0,1,0,0,0,3,0 0 0 0
200,0,1,0,0,1,0,2 0 0 0
200,0,1,0,0,1,1,1 0 0 0
200,0,1,0,0,1,2,0 0 0 0
200,0,1,0,0,2,0,1 0 0 0
200,0,1,0,0,2,1,0 0 0 0
200,0,1,0,0,3,0,0 0 0 0
200,0,1,0,1,0,0,2 0 0 0
200,0,1,0,1,0,1,1 0 0 0
200,0,1,0,1,0,2,0 0 0 0
200,0,1,0,1,1,0,1 0 0 0
200,0,1,0,1,1,1,0 0 0 0
200,0,1,0,1,2,0,0 0 0 0
200,0,1,0,2,0,0,1 0 0 0
200,0,1,0,2,0,1,0 0 0 0
200,0,1,0,2,1,0,0 0 0 0
200,0,1,0,3,0,0,0 0 0 0
200,0,1,1,0,0,0,2 0 0 0
200,0,1,1,0,0,1,1 0 0 0
200,0,1,1,0,0,2,0 0 0 0
200,0,1,1,0,1,0,1 0 0 0
200,0,1,1,0,1,1,0 0 0 0
200,0,1,1,0,2,0,0 0 0 0
200,0,1,1,1,0,0,1 0 0 0
200,0,1,1,1,0,1,0 0 0 0
200,0,1,1,1,1,0,0 0 0 0
200,0,1,1,2,0,0,0 0 0 0
200,0,1,2,0,0,0,1 0 0 0
200,0,1,2,0,0,1,0 0 0 0
200,0,1,2,0,1,0,0 0 0 0
200,0,1,2,1,0,0,0 0 0 0
200,0,1,3,0,0,0,0 0 0 0
200,0,2,0,0,0,0,2 0 0 0
200,0,2,0,0,0,1,1 0 0 0
200,0,2,0,0,0,2,0 0 0 0
200,0,2,0,0,1,0,1 0 0 0
200,0,2,0,0,1,1,0 0 0 0
200,0,2,0,0,2,0,0 0 0 0
200,0,2,0,1,0,0,1 0 0 0
200,0,2,0,1,0,1,0 0 0 0
200,0,2,0,1,1,0,0 0 0 0
200,0,2,0,2,0,0,0 0 0 0
200,0,2,1,0,0,0,1 0 0 0
200,0,2,1,0,0,1,0 0 0 0
200,0,2,1,0,1,0,0 0 0 0
200,0,2,1,1,0,0,0 0 0 0
200,0,2,2,0,0,0,0 0 0 0
200,0,3,0,0,0,0,1 0 0 0
200,0,3,0,0,0,1,0 0 0 0
200,0,3,0,0,1,0,0 0 0 0
200,0,3,0,1,0,0,0 0 0 0
200,0,3,1,0,0,0,0 0 0 0
200,0,4,0,0,0,0,0 0 0 0
200,1,0,0,0,0,0,3 0 0 0
200,1,0,0,0,0,1,2 0 0 0
200,1,0,0,0,0,2,1 0 0 0
200,1,0,0,0,0,3,0 0 0 0
200,1,0,0,0,1,0,2 0 0 0
200,1,0,0,0,1,1,1 0 0 0
200,1,0,0,0,1,2,0 0 0 0
200,1,0,0,0,2,0,1 0 0 0
200,1,0,0,0,2,1,0 0 0 0
200,1,0,0,0,3,0,0 0 0 0
200,1,0,0,1,0,0,2 0 0 0
200,1,0,0,1,0,1,1 0 0 0
200,1,0,0,1,0,2,0 0 0 0
200,1,0,0,1,1,0,1 0 0 0
200,1,0,0,1,1,1,0 0 0 0
200,1,0,0,1,2,0,0 0 0 0
200,1,0,0,2,0,0,1 0 0 0
200,1,0,0,2,0,1,0 0 0 0
200,1,0,0,2,1,0,0 0 0 0
200,1,0,0,3,0,0,0 0 0 0
200,1,0,1,0,0,0,2 0 0 0
200,1,0,1,0,0,1,1 0 0 0
200,1,0,1,0,0,2,0 0 0 0
200,1,0,1,0,1,0,1 0 0 0
200,1,0,1,0,1,1,0 0 0 0
200,1,0,1,0,2,0,0 0 0 0
200,1,0,1,1,0,0,1 0 0 0
200,1,0,1,1,0,1,0 0 0 0
200,1,0,1,1,1,0,0 0 0 0
200,1,0,1,2,0,0,0 0 0 0
200,1,0,2,0,0,0,1 0 0 0
200,1,0,2,0,0,1,0 0 0 0
200,1,0,2,0,1,0,0 0 0 0
200,1,0,2,1,0,0,0 0 0 0
200,1,0,3,0,0,0,0 0 0 0
200,1,1,0,0,0,0,2 0 0 0
200,1,1,0,0,0,1,1 0 0 0
200,1,1,0,0,0,2,0 0 0 0
200,1,1,0,0,1,0,1 0 0 0
200,1,1,0,0,1,1,0 0 0 0
200,1,1,0,0,2,0,0 0 0 0
200,1,1,0,1,0,0,1 0 0 0
200,1,1,0,1,0,1,0 0 0 0
200,1,1,0,1,1,0,0 0 0 0
200,1,1,0,2,0,0,0 0 0 0
200,1,1,1,0,0,0,1 0 0 0
200,1,1,1,0,0,1,0 0 0 0
200,1,1,1,0,1,0,0 0 0 0
200,1,1,1,1,0,0,0 0 0 0
200,1,1,2,0,0,0,0 0 0 0
200,1,2,0,0,0,0,1 0 0 0
200,1,2,0,0,0,1,0 0 0 0
200,1,2,0,0,1,0,0 0 0 0
200,1,2,0,1,0,0,0 0 0 0
200,1,2,1,0,0,0,0 0 0 0
200,1,3,0,0,0,0,0 0 0 0
200,2,0,0,0,0,0,2 0 0 0
200,2,0,0,0,0,1,1 0 0 0
200,2,0,0,0,0,2,0 0 0 0
200,2,0,0,0,1,0,1 0 0 0
200,2,0,0,0,1,1,0 0 0 0
200,2,0,0,0,2,0,0 0 0 0
200,2,0,0,1,0,0,1 0 0 0
200,2,0,0,1,0,1,0 0 0 0
200,2,0,0,1,1,0,0 0 0 0
200,2,0,0,2,0,0,0 0 0 0
200,2,0,1,0,0,0,1 0 0 0
200,2,0,1,0,0,1,0 0 0 0
200,2,0,1,0,1,0,0 0 0 0
200,2,0,1,1,0,0,0 0 0 0
200,2,0,2,0,0,0,0 0 0 0
200,2,1,0,0,0,0,1 0 0 0
200,2,1,0,0,0,1,0 0 0 0
200,2,1,0,0,1,0,0 0 0 0
200,2,1,0,1,0,0,0 0 0 0
200,2,1,1,0,0,0,0 0 0 0
200,2,2,0,0,0,0,0 0 0 0
200,3,0,0,0,0,0,1 0 0 0
200,3,0,0,0,0,1,0 0 0 0
200,3,0,0,0,1,0,0 0 0 0
200,3,0,0,1,0,0,0 0 0 0
200,3,0,1,0,0,0,0 0 0 0
200,3,1,0,0,0,0,0 0 0 0
200,4,0,0,0,0,0,0 0 0 0
020,0,0,0,0,0,0,4 -3.6916465852609482e-16 2.2157405245938932e-16 0
020,0,0,0,0,0,1,3 -1.7285234395232283e-15 5.7510662527680723e-17 0
020,0,0,0,0,0,2,2 -2.2202450330383836e-15 1.3893632001375416e-15 0
020,0,0,0,0,0,3,1 -1.1776835640615705e-15 1.766439865145577e-17 0
020,0,0,0,0,0,4,0 -3.4725101824262363e-16 1.8118558687996748e-16 0
020,0,0,0,0,1,0,3 8.1319707960436832e-16 1.2844825017463141e-16 0
020,0,0,0,0,1,1,2 -4.2180632961870045e-16 -3.4145048210781039e-17 0
020,0,0,0,0,1,2,1 -5.0821851282813653e-16 1.6158381149748335e-16 0
020,0,0,0,0,1,3,0 8.8774524120591564e-16 -5.2142934877635209e-17 0
020,0,0,0,0,2,0,2 -2.046041529176881e-15 1.4513190805012746e-15 0
020,0,0,0,0,2,1,1 -9.2410369141631367e-17 -3.4268805567000314e-17 0
020,0,0,0,0,2,2,0 -8.0654489182771281e-16 5.3421486490471455e-16 0
020,0,0,0,0,3,0,1 -1.4913280805330829e-15 1.7770192415868636e-16 0
020,0,0,0,0,3,1,0 1.394307978038209e-15 -1.2698906305213808e-16 0
020,0,0,0,0,4,0,0 -4.3472020028319435e-17 1.5179178853639895e-16 0
020,0,0,0,1,0,0,3 2.3662674529586293e-16 6.9686834945059432e-17 0
020,0,0,0,1,0,1,2 -1.1752263498750727e-15 1.6527985076402699e-16 0
020,0,0,0,1,0,2,1 1.0119634572350671e-15 1.1089355345132781e-16 0
020,0,0,0,1,0,3,0 -5.4755057764683354e-17 -4.7117604877937477e-17 0
020,0,0,0,1,1,0,2 -1.3700964161638526e-15 -6.8952788311795207e-17 0
020,0,0,0,1,1,1,1 -1.1450333105497842e-15 2.3363456987256321e-15 0
020,0,0,0,1,1,2,0 -1.5490860724735716e-15 -1.7172746051244111e-16 0
020,0,0,0,1,2,0,1 1.2390261646097872e-15 -5.2346231563379854e-17 0
020,0,0,0,1,2,1,0 -1.9933274835197887e-16 -1.278471902203437e-16 0
020,0,0,0,1,3,0,0 -8.1747926881839903e-16 -1.1089882552279333e-16 0
020,0,0,0,2,0,0,2 -1.0604567640549751e-15 1.0569002473994386e-15 0
020,0,0,0,2,0,1,1 -1.4109181109304571e-15 1.656028223928621e-17 0
020,0,0,0,2,0,2,0 4.873385817018617e-16 7.2043375681631917e-16 0
020,0,0,0,2,1,0,1 1.3162034989709346e-15 3.505651220714063e-17 0
020,0,0,0,2,1,1,0 -6.8096324208376053e-16 1.4105136527770011e-17 0
020,0,0,0,2,2,0,0 -2.9677831790074865e-15 8.1380924920594409e-16 0
020,0,0,0,3,0,0,1 1.3301438285918209e-16 1.3130292443478546e-17 0
020,0,0,0,3,0,1,0 1.1906747442986085e-16 3.1546867828415695e-16 0
020,0,0,0,3,1,0,0 -1.27121939643286e-15 -1.1928403721285298e-16 0
020,0,0,0,4,0,0,0 -1.7252502681966897e-15 2.8734806738476397e-16 0
020,0,0,1,0,0,0,3 -1.2659442201759905e-16 -1.0045370813270396e-16 0
020,0,0,1,0,0,1,2 6.4322597467890022e-16 5.3277224901817451e-18 0
020,0,0,1,0,0,2,1 1.4709577113611144e-15 -1.5182419123107803e-15 0
020,0,0,1,0,0,3,0 2.8634480183765075e-16 2.6874322330178296e-16 0
020,0,0,1,0,1,0,2 -2.1137578009847824e-17 2.5836633508250303e-16 0
020,0,0,1,0,1,1,1 9.8278544731667225e-16 -8.4701119987219044e-17 0
020,0,0,1,0,1,2,0 1.0662761960281295e-15 2.0510702698712015e-16 0
020,0,0,1,0,2,0,1 -3.1125906281489724e-15 1.5952803048409622e-15 0
020,0,0,1,0,2,1,0 4.6550794219833833e-16 1.8294917699614766e-16 0
020,0,0,1,0,3,0,0 5.8900737736984412e-16 1.8003389369152152e-16 0
020,0,0,1,1,0,0,2 3.3584990732815394e-16 -4.9702519483543527e-17 0
020,0,0,1,1,0,1,1 -1.5394632573097393e-16 -1.8775027001512261e-16 0
020,0,0,1,1,0,2,0 1.008509309509224e-15 -4.9579032150879653e-16 0
020,0,0,1,1,1,0,1 -3.7280538292867134e-16 6.702187798518446e-17 0
020,0,0,1,1,1,1,0 -4.1946272886569309e-18 5.0427148794778963e-16 0
020,0,0,1,1,2,0,0 -3.5789089521288e-16 -3.9545564031354361e-17 0
020,0,0,1,2,0,0,1 -6.2886559710227556e-16 -2.0308810520735582e-16 0
020,0,0,1,2,0,1,0 3.3843124032361853e-16 1.0109126899279154e-16 0
020,0,0,1,2,1,0,0 6.3305425697948455e-16 1.7255007298416447e-16 0
020,0,0,1,3,0,0,0 -6.115377169323201e-16 3.8820736889813221e-18 0
020,0,0,2,0,0,0,2 -2.2428640198391848e-15 1.2186645359773093e-15 0
020,0,0,2,0,0,1,1 -9.2402932686025853e-16 -3.1947298210265396e-16 0
020,0,0,2,0,0,2,0 7.3717267915686459e-16 8.1934571593993918e-16 0
020,0,0,2,0,1,0,1 1.3540972937371723e-16 -3.6422083762550915e-17 0
020,0,0,2,0,1,1,0 1.4633050581012444e-16 -6.9004561823361544e-18 0
020,0,0,2,0,2,0,0 1.158321043689919e-15 7.536186458815037e-16 0
020,0,0,2,1,0,0,1 2.61763213658799e-16 -1.2919926353497584e-16 0
020,0,0,2,1,0,1,0 -1.0956527314705543e-15 -1.0358928186628726e-16 0
020,0,0,2,1,1,0,0 -1.1920249589693145e-15 -1.2237622233407959e-16 0
020,0,0,2,2,0,0,0 1.0934758576510479e-15 2.3952943525825454e-16 0
020,0,0,3,0,0,0,1 2.3367800941692712e-17 2.5191987865021428e-18 0
020,0,0,3,0,0,1,0 -6.980703289105865e-16 1.513617255732959e-16 0
020,0,0,3,0,1,0,0 1.9435000085828152e-16 3.063452803490602e-16 0
020,0,0,3,1,0,0,0 -1.7248539814382265e-16 -1.4261252646030527e-16 0
020,0,0,4,0,0,0,0 -4.1797792053204829e-16 9.7917938393708172e-17 0
020,0,1,0,0,0,0,3 -7.6391584547686056e-16 -1.8454183055793358e-17 0
020,0,1,0,0,0,1,2 1.3794512792412564e-15 -1.7961857266565464e-16 0
020,0,1,0,0,0,2,1 -1.7561770101608669e-16 3.8020826184347301e-16 0
020,0,1,0,0,0,3,0 1.5572827440553399e-15 -6.9860400389873085e-17 0
020,0,1,0,0,1,0,2 -1.1899495688288413e-15 2.3195017286498244e-17 0
020,0,1,0,0,1,1,1 2.8946223961250261e-15 -1.4731438908540208e-16 0
020,0,1,0,0,1,2,0 -9.8647081526216637e-16 -1.2196625446627944e-16 0
020,0,1,0,0,2,0,1 -3.89799085965999e-17 -3.9670414002883051e-16 0
020,0,1,0,0,2,1,0 1.1930991588759154e-15 1.1222069054821807e-15 0
020,0,1,0,0,3,0,0 7.8995351850561287e-16 -6.2807788540669517e-17 0
020,0,1,0,1,0,0,2 4.9191855168926751e-16 1.2087531547043876e-16 0
020,0,1,0,1,0,1,1 1.6421936037615488e-15 -1.4959845074313129e-16 0
020,0,1,0,1,0,2,0 -7.1663035412998829e-16 -5.5259470066072087e-17 0
020,0,1,0,1,1,0,1 -1.6462198592369275e-15 2.1122587877267635e-15 0
020,0,1,0,1,1,1,0 2.925605679781536e-16 -9.5850768501707982e-17 0
020,0,1,0,1,2,0,0 -4.2938056843124016e-17 4.2790645915030567e-16 0
020,0,1,0,2,0,0,1 -2.2873701564604544e-15 3.1492689247339556e-17 0
020,0,1,0,2,0,1,0 -2.6876169474948515e-17 8.6631110725351357e-16 0
020,0,1,0,2,1,0,0 1.7081814389055521e-15 1.4383795879332538e-16 0
020,0,1,0,3,0,0,0 4.4273914593077854e-16 3.3986706502695006e-17 0
020,0,1,1,0,0,0,2 -7.1405969553873931e-16 -8.8888674953015376e-17 0
020,0,1,1,0,0,1,1 -1.5508608480226791e-15 1.5425271731732014e-15 0
020,0,1,1,0,0,2,0 8.3916616541416616e-16 -9.8485510623464365e-17 0
020,0,1,1,0,1,0,1 -1.2550202049882143e-16 1.8210692030204096e-16 0
020,0,1,1,0,1,1,0 6.4802345383317039e-17 -4.857041185508942e-16 0
020,0,1,1,0,2,0,0 9.3166467155713785e-16 -6.9037220739921396e-17 0
020,0,1,1,1,0,0,1 1.3125579941540947e-15 7.6822127824627746e-17 0
020,0,1,1,1,0,1,0 6.5671830893092757e-16 1.1912316200323084e-16 0
020,0,1,1,1,1,0,0 -1.9955348828438993e-16 9.888639236323019e-16 0
020,0,1,1,2,0,0,0 -3.9473446983936099e-16 1.6069300102664859e-16 0
020,0,1,2,0,0,0,1 -4.0128581319635619e-16 2.867108143151065e-16 0
020,0,1,2,0,0,1,0 8.6908706453979524e-16 -1.8720609952240152e-16 0
020,0,1,2,0,1,0,0 -5.9557551816567379e-16 7.2829373076068789e-17 0
020,0,1,2,1,0,0,0 -5.0588388846889499e-17 4.760565608301643e-16 0
020,0,1,3,0,0,0,0 -1.0064628173692353e-15 -4.8525452767268787e-18 0
020,0,2,0,0,0,0,2 1.7550950620404204e-15 3.1847006496637521e-16 0
020,0,2,0,0,0,1,1 -1.1367136171736909e-15 6.8423427439978073e-17 0
020,0,2,0,0,0,2,0 -1.149203902111237e-15 9.4169036600489289e-16 0
020,0,2,0,0,1,0,1 5.5442436864071027e-16 1.1044438815299839e-16 0
020,0,2,0,0,1,1,0 -1.4683740246585077e-15 1.1874460895256801e-16 0
020,0,2,0,0,2,0,0 5.7864963629599839e-16 2.914670801184533e-16 0
020,0,2,0,1,0,0,1 -2.4188946581256796e-15 1.5765286967498021e-17 0
020,0,2,0,1,0,1,0 -7.0770951661868371e-16 -2.5268350600881219e-16 0
020,0,2,0,1,1,0,0 1.9305604045035674e-15 -2.0084777042897182e-19 0
020,0,2,0,2,0,0,0 3.7368399909254397e-16 5.0311139163774609e-16 0
020,0,2,1,0,0,0,1 -1.2320267485010383e-16 1.8419092454922318e-16 0
020,0,2,1,0,0,1,0 2.2354802097801305e-16 1.1158027202771894e-16 0
020,0,2,1,0,1,0,0 1.2660704155564765e-15 6.7865616391109059e-16 0
020,0,2,1,1,0,0,0 -1.1695085290918399e-15 8.1754010755618152e-18 0
020,0,2,2,0,0,0,0 -9.0172720720458113e-16 1.8463973920765758e-16 0
020,0,3,0,0,0,0,1 -3.5610973359396512e-16 1.6731772000335339e-16 0
020,0,3,0,0,0,1,0 -1.8546126903889549e-16 3.3066549069575913e-16 0
020,0,3,0,0,1,0,0 -5.6402249491329007e-16 3.4478654958473829e-17 0
020,0,3,0,1,0,0,0 7.336139816501408e-16 2.6936424207064345e-16 0
020,0,3,1,0,0,0,0 -7.5197110092199952e-17 9.3275360889493111e-17 0
020,0,4,0,0,0,0,0 1.5492681734399936e-15 8.2307538392982841e-17 0
020,1,0,0,0,0,0,3 1.0035936735346557e-15 -5.1109942001275145e-17 0
020,1,0,0,0,0,1,2 -8.0346109085233142e-16 -3.2721951680837054e-17 0
020,1,0,0,0,0,2,1 -4.4334838641528182e-17 3.7466082645251552e-17 0
020,1,0,0,0,0,3,0 -9.9205679279015998e-16 -1.2682634058891647e-16 0
020,1,0,0,0,1,0,2 1.6409500425991414e-15 4.2502808541306885e-16 0
020,1,0,0,0,1,1,1 -2.9102620150075755e-15 3.3121221250529159e-16 0
020,1,0,0,0,1,2,0 -1.3781983063003071e-15 -9.7037911929899391e-16 0
020,1,0,0,0,2,0,1 -9.3331364996013581e-16 8.1558980493935061e-17 0
020,1,0,0,0,2,1,0 4.5437825128943863e-16 -6.7180159055592719e-17 0
020,1,0,0,0,3,0,0 -1.6065795696414318e-15 2.980371753762566e-16 0
020,1,0,0,1,0,0,2 6.457168884415077e-16 9.5963048819345721e-17 0
020,1,0,0,1,0,1,1 2.2779828584202475e-15 -1.6646483461017965e-15 0
020,1,0,0,1,0,2,0 8.2056758427743692e-16 1.2928463672704574e-16 0
020,1,0,0,1,1,0,1 -1.1539809913788331e-15 -6.6775632921976312e-16 0
020,1,0,0,1,1,1,0 7.466472869738002e-16 -1.4213086125757747e-16 0
020,1,0,0,1,2,0,0 3.2427477395657824e-16 4.6308677230461985e-16 0
020,1,0,0,2,0,0,1 -7.1672298614344402e-16 -1.5164996044537026e-17 0
020,1,0,0,2,0,1,0 6.9382306942247063e-16 -4.017680486351577e-16 0
020,1,0,0,2,1,0,0 -3.8755178741240674e-16 -4.4933058514050593e-16 0
020,1,0,0,3,0,0,0 9.9054138091910447e-16 1.5766409144882501e-16 0
020,1,0,1,0,0,0,2 -5.6695099662475684e-16 2.1316449857771941e-16 0
020,1,0,1,0,0,1,1 -8.3037199964017151e-16 3.0835820201681518e-16 0
020,1,0,1,0,0,2,0 -5.4931241997380962e-16 2.7285976309084035e-16 0
020,1,0,1,0,1,0,1 5.9244433341139322e-16 2.1204118057697805e-15 0
020,1,0,1,0,1,1,0 7.9391178674026827e-16 4.9733558030221625e-17 0
020,1,0,1,0,2,0,0 -1.5455043370871618e-15 1.8900941484745572e-16 0
020,1,0,1,1,0,0,1 1.0673519574123827e-15 1.9923145666927311e-16 0
020,1,0,1,1,0,1,0 -1.4055505885234532e-15 9.1559416962036147e-16 0
020,1,0,1,1,1,0,0 -5.2286773137388367e-16 -1.2715783572999337e-16 0
020,1,0,1,2,0,0,0 7.0511394913455925e-16 3.386068715227858e-16 0
020,1,0,2,0,0,0,1 1.5121523171606505e-15 -5.1228730234440324e-17 0
020,1,0,2,0,0,1,0 6.4838299089708991e-16 1.8965664448621033e-16 0
020,1,0,2,0,1,0,0 -1.8645182636594485e-15 4.8311169781660949e-16 0
020,1,0,2,1,0,0,0 1.0140402540669313e-15 3.0424143271460693e-16 0
020,1,0,3,0,0,0,0 -4.6064848479898579e-16 1.9564979133301404e-17 0
020,1,1,0,0,0,0,2 -6.5640349432060246e-16 4.312270609910386e-16 0
020,1,1,0,0,0,1,1 -2.140134584987902e-16 1.9146728683253767e-16 0
020,1,1,0,0,0,2,0 -3.207534514185216e-16 -2.1947471912456965e-16 0
020,1,1,0,0,1,0,1 -3.1765846111853485e-16 -2.9307682871885529e-17 0
020,1,1,0,0,1,1,0 -4.429516601139568e-16 1.9531850654101388e-16 0
020,1,1,0,0,2,0,0 1.0767417576504749e-15 1.7265674180739598e-16 0
020,1,1,0,1,0,0,1 8.8567796060713151e-17 5.1010392463337249e-16 0
020,1,1,0,1,0,1,0 -4.9570944839363586e-16 1.2215639147883914e-16 0
020,1,1,0,1,1,0,0 -4.8301397866871371e-16 8.6099415872134754e-17 0
020,1,1,0,2,0,0,0 9.212737344252318e-16 -1.4681521621370713e-16 0
020,1,1,1,0,0,0,1 -4.7280733757552877e-16 3.0980172462721856e-16 0
020,1,1,1,0,0,1,0 6.2096854226156411e-16 -5.8943117420783348e-17 0
020,1,1,1,0,1,0,0 -1.7922074925331586e-15 6.1172345793133783e-17 0
020,1,1,1,1,0,0,0 5.8631876869670126e-16 2.4080584964826484e-16 0
020,1,1,2,0,0,0,0 4.9294589660774487e-16 1.1583514893979107e-16 0
020,1,2,0,0,0,0,1 -1.3221524594106649e-16 2.4692737934095991e-17 0
020,1,2,0,0,0,1,0 -4.9671528469158682e-16 -1.4938341028924924e-16 0
020,1,2,0,0,1,0,0 5.8996249623899388e-16 3.5781058276939805e-16 0
020,1,2,0,1,0,0,0 -5.1160141372596638e-16 -3.4130593358755723e-17 0
020,1,2,1,0,0,0,0 -3.7609111421979883e-16 4.9315256370832317e-16 0
020,1,3,0,0,0,0,0 -8.5640907457047763e-17 -6.2010886891553774e-17 0
020,2,0,0,0,0,0,2 2.6883151344507836e-15 4.843517963109431e-16 0
020,2,0,0,0,0,1,1 -8.868967318257506e-16 -4.850216394232942e-17 0
020,2,0,0,0,0,2,0 -1.0640633532053519e-15 1.274276147865721e-15 0
020,2,0,0,0,1,0,1 2.5843345062685812e-16 2.8168033030589621e-16 0
020,2,0,0,0,1,1,0 1.4903849654312482e-15 -2.230644022861242e-16 0
020,2,0,0,0,2,0,0 -3.6934180504337523e-15 8.2092228272006145e-16 0
020,2,0,0,1,0,0,1 6.4940811574441557e-16 1.5029118140024986e-16 0
020,2,0,0,1,0,1,0 -3.4834370759450616e-16 1.0738716199935771e-16 0
020,2,0,0,1,1,0,0 9.1866608529019384e-16 -5.9807043188323787e-16 0
020,2,0,0,2,0,0,0 1.4139672210363817e-15 5.1710670478781243e-16 0
020,2,0,1,0,0,0,1 -2.2256999734338571e-16 -2.4405377044333263e-16 0
020,2,0,1,0,0,1,0 5.2371180756526291e-16 2.6726931779125812e-16 0
020,2,0,1,0,1,0,0 -1.1072836665300784e-15 3.5879216918802021e-16 0
020,2,0,1,1,0,0,0 6.7617693424831578e-16 -7.9946202664760235e-17 0
020,2,0,2,0,0,0,0 -1.4216589297654929e-15 3.0942018463664896e-16 0
020,2,1,0,0,0,0,1 4.8477304909598949e-16 3.7824138441109721e-17 0
020,2,1,0,0,0,1,0 -3.6129478352644143e-16 -5.1260149626849848e-18 0
020,2,1,0,0,1,0,0 -1.3184109055610366e-16 8.1638005341624987e-17 0
020,2,1,0,1,0,0,0 -5.9309730763753406e-16 1.17736366032104e-16 0
020,2,1,1,0,0,0,0 -1.1989342761554836e-16 1.0797780688456303e-17 0
020,2,2,0,0,0,0,0 4.0060977689822027e-16 1.5884029348153979e-16 0
020,3,0,0,0,0,0,1 2.7166039466701669e-18 -1.2781693173722244e-16 0
020,3,0,0,0,0,1,0 5.4186291471638295e-18 -2.4925281460904363e-16 0
020,3,0,0,0,1,0,0 8.3566503067096765e-16 9.0294044606093593e-17 0
020,3,0,0,1,0,0,0 8.9262692914459575e-16 4.4552709496904194e-16 0
020,3,0,1,0,0,0,0 1.3345789611421361e-17 2.6415971002288746e-16 0
020,3,1,0,0,0,0,0 -3.7350383083603665e-17 -1.0462145747258787e-16 0
020,4,0,0,0,0,0,0 -8.3511843507641541e-16 4.1270522101479858e-16 0
002,0,0,0,0,0,0,4 -1.1964335498441654e-15 -9.9621874737208615e-17 0
002,0,0,0,0,0,1,3 -1.6132446528567104e-18 3.0276359773868116e-16 0
002,0,0,0,0,0,2,2 -1.3333333333333381 -2.1310129247871386e-16 0
002,0,0,0,0,0,3,1 -6.2413732058327242e-16 1.5249500852632529e-16 0
002,0,0,0,0,0,4,0 -0.16666666666666358 2.3181676592997055e-16 0
002,0,0,0,0,1,0,3 3.6131392675498039e-15 -2.4915576071956871e-16 0
002,0,0,0,0,1,1,2 5.4303310800677188e-15 -8.2272121503029045e-16 0
002,0,0,0,0,1,2,1 1.6613221492034747e-14 -5.1173981877485784e-16 0
002,0,0,0,0,1,3,0 -8.6640605795176006e-16 -2.6092746744159352e-16 0
002,0,0,0,0,2,0,2 -1.3333333333333408 3.2236196944680244e-18 0
002,0,0,0,0,2,1,1 -4.4253138048566386e-16 2.7652689192921466e-16 0
002,0,0,0,0,2,2,0 -0.33333333333333143 4.2071338658863937e-16 0
002,0,0,0,0,3,0,1 -2.8804704125186624e-15 -2.9143734440993588e-16 0
002,0,0,0,0,3,1,0 4.6404981510625443e-15 -1.7623608998421568e-16 0
002,0,0,0,0,4,0,0 -0.16666666666666838 -1.6702278014779651e-16 0
002,0,0,0,1,0,0,3 -2.5301293432839968e-16 2.841086112806892e-16 0
002,0,0,0,1,0,1,2 4.4207119216279695e-16 8.2573658990799289e-16 0
002,0,0,0,1,0,2,1 -3.0296850511986263e-15 -1.3073932217928091e-16 0
002,0,0,0,1,0,3,0 -1.1701185580679407e-16 -5.9338891002263874e-17 0
002,0,0,0,1,1,0,2 2.5373753141705205e-16 1.2936215222819477e-16 0
002,0,0,0,1,1,1,1 -5.6568542494923904 3.9616275305815987e-16 0
002,0,0,0,1,1,2,0 -2.9420646611167536e-16 -3.0712099123315942e-16 0
002,0,0,0,1,2,0,1 -3.8463779415456518e-15 9.0915138520144295e-18 0
002,0,0,0,1,2,1,0 -3.3952873043059591e-15 8.3901914178305662e-16 0
002,0,0,0,1,3,0,0 -3.6720851358190082e-16 1.1822044089262863e-16 0
002,0,0,0,2,0,0,2 -1.3333333333333306 2.1081044469208051e-16 0
002,0,0,0,2,0,1,1 -2.4693046925853513e-15 3.3742251178725974e-16 0
002,0,0,0,2,0,2,0 -0.66666666666666963 1.056232660987946e-16 0
002,0,0,0,2,1,0,1 -7.5310171369585266e-15 -4.6559890485221481e-16 0
002,0,0,0,2,1,1,0 -2.7648729759709787e-15 -1.0848107291466851e-16 0
002,0,0,0,2,2,0,0 -0.66666666666666707 -6.4369694494936592e-16 0
002,0,0,0,3,0,0,1 1.0516912363447082e-15 6.1852251081872105e-16 0
002,0,0,0,3,0,1,0 -1.7539652013398493e-15 -2.1535283652903339e-17 0
002,0,0,0,3,1,0,0 1.0050585130478975e-15 -5.5492705733273941e-17 0
002,0,0,0,4,0,0,0 2.2303108562646087e-15 -3.0220203648639148e-16 0
002,0,0,1,0,0,0,3 -7.3213409547891063e-16 1.0058333316066863e-16 0
002,0,0,1,0,0,1,2 -1.7103627678942436e-15 7.7476729196398022e-17 0
002,0,0,1,0,0,2,1 2.8284271247462023 -1.696942777663897e-16 0
002,0,0,1,0,0,3,0 9.0801969171481496e-16 1.4403290283440303e-16 0
002,0,0,1,0,1,0,2 -1.6092268107732575e-15 6.8069115776199719e-16 0
002,0,0,1,0,1,1,1 -4.4590086186399629e-15 -1.1605910831021593e-16 0
002,0,0,1,0,1,2,0 -3.1520386752661503e-15 4.432706329154133e-16 0
002,0,0,1,0,2,0,1 -2.828427124746185 3.7674677225574337e-16 0
002,0,0,1,0,2,1,0 -1.8601039022467548e-15 1.8737499497434786e-16 0
002,0,0,1,0,3,0,0 -6.4113431348121492e-18 4.9685025076702468e-16 0
002,0,0,1,1,0,0,2 -1.9635470506688395e-15 2.4539860670962622e-16 0
002,0,0,1,1,0,1,1 -1.3014283378519115e-16 -4.0529201280302939e-16 0
002,0,0,1,1,0,2,0 1.906897275285869e-15 3.3577398121441547e-16 0
002,0,0,1,1,1,0,1 3.4440007896881e-15 -2.1302832023720078e-16 0
002,0,0,1,1,1,1,0 -1.9324004226296461e-15 5.8257076156678512e-16 0
002,0,0,1,1,2,0,0 1.8050185426488014e-15 -1.2602567598693982e-16 0
002,0,0,1,2,0,0,1 8.3339543679870081e-16 7.5316978703085319e-16 0
002,0,0,1,2,0,1,0 -4.2017555544050991e-16 3.2636372479895122e-16 0
002,0,0,1,2,1,0,0 -3.8796085836050874e-15 6.6178439359424925e-16 0
002,0,0,1,3,0,0,0 -1.3303290247881234e-15 3.8781599204290366e-16 0
002,0,0,2,0,0,0,2 -1.3333333333333521 4.1082003161998773e-16 0
002,0,0,2,0,0,1,1 -2.8111235783859073e-15 5.0384724558822793e-16 0
002,0,0,2,0,0,2,0 -0.66666666666665264 6.4890057833936679e-16 0
002,0,0,2,0,1,0,1 -7.0660110474022286e-16 -2.7868411917402513e-16 0
002,0,0,2,0,1,1,0 2.1983861193277644e-15 -2.6670044366556796e-16 0
002,0,0,2,0,2,0,0 -0.6666666666666512 -2.3528419096482484e-16 0
002,0,0,2,1,0,0,1 -1.3855090597252613e-15 -1.2017246586489579e-16 0
002,0,0,2,1,0,1,0 -2.359514151334628e-15 2.6255802439287227e-16 0
002,0,0,2,1,1,0,0 -7.1825131954245411e-16 -3.0653956338241569e-16 0
002,0,0,2,2,0,0,0 4.3144683050144413e-15 -2.0361147607207952e-16 0
002,0,0,3,0,0,0,1 -2.660047928039875e-17 6.4406300266285036e-17 0
002,0,0,3,0,0,1,0 1.0633643893410404e-15 2.6906900261310104e-16 0
002,0,0,3,0,1,0,0 -6.4885097860624401e-16 4.9302482285055341e-16 0
002,0,0,3,1,0,0,0 6.0817238750518868e-16 -5.2978150210312056e-17 0
002,0,0,4,0,0,0,0 2.2085892094613244e-15 -1.54324454929384e-16 0
002,0,1,0,0,0,0,3 -1.3600633893363481e-15 3.2981903609842854e-16 0
002,0,1,0,0,0,1,2 -5.5192436214456857e-15 7.6623835497026941e-16 0
002,0,1,0,0,0,2,1 -6.795673751845259e-16 1.7191435672704858e-15 0
002,0,1,0,0,0,3,0 0.66666666666666496 8.2303350348740383e-16 0
002,0,1,0,0,1,0,2 -6.6187152181262612e-16 -9.4826829761211714e-17 0
002,0,1,0,0,1,1,1 -7.7312470883704107e-15 -2.058848492452676e-16 0
002,0,1,0,0,1,2,0 1.8778661576722874e-15 4.2615373787116206e-16 0
002,0,1,0,0,2,0,1 -2.7760092013014557e-15 5.0279089818078831e-16 0
002,0,1,0,0,2,1,0 -2.000000000000012 6.6108845342593529e-16 0
002,0,1,0,0,3,0,0 6.1589923371328479e-16 -2.9041231273490842e-17 0
002,0,1,0,1,0,0,2 -3.0015454915268226e-15 -1.8089307831739721e-16 0
002,0,1,0,1,0,1,1 2.4795373202709147e-15 1.5105719859830878e-15 0
002,0,1,0,1,0,2,0 -2.5068874711101719e-16 -1.1738688328144642e-17 0
002,0,1,0,1,1,0,1 -3.7712361663282397 7.0740073051897826e-16 0
002,0,1,0,1,1,1,0 -2.7268545736134252e-15 2.9186396046464918e-16 0
002,0,1,0,1,2,0,0 -6.659387140421546e-15 1.680026084557051e-16 0
002,0,1,0,2,0,0,1 8.681963634392349e-16 1.9991116249338305e-16 0
002,0,1,0,2,0,1,0 -1.3333333333333264 -1.68647044118971e-17 0
002,0,1,0,2,1,0,0 -5.0057794084070997e-15 3.1802396209176765e-16 0
002,0,1,0,3,0,0,0 1.5117026621288163e-15 -1.1639541806277886e-16 0
002,0,1,1,0,0,0,2 -4.4194865793664541e-15 -3.2109076002973643e-17 0
002,0,1,1,0,0,1,1 -3.7712361663282881 1.1715960467716803e-15 0
002,0,1,1,0,0,2,0 3.1310173473667267e-17 1.9045899301467726e-16 0
002,0,1,1,0,1,0,1 3.0454915644061627e-15 5.5649572782500118e-17 0
002,0,1,1,0,1,1,0 5.6814775657522584e-15 1.7772188164252275e-16 0
002,0,1,1,0,2,0,0 -7.7469488726311136e-16 6.3823120358080284e-17 0
002,0,1,1,1,0,0,1 5.1171920048331988e-15 1.9547401706323919e-16 0
002,0,1,1,1,0,1,0 -5.2301730674761194e-16 -2.7997136554153432e-16 0
002,0,1,1,1,1,0,0 -2.6666666666666812 4.0475747093359554e-16 0
002,0,1,1,2,0,0,0 1.7917338781850438e-16 5.1148828537131152e-17 0
002,0,1,2,0,0,0,1 -4.6390994265128318e-15 -3.2490509872466558e-17 0
002,0,1,2,0,0,1,0 1.3333333333333177 6.3167983993000434e-16 0
002,0,1,2,0,1,0,0 -3.9169464342236177e-16 -1.972950776971337e-16 0
002,0,1,2,1,0,0,0 -3.8823950332459294e-15 1.908618787751209e-16 0
002,0,1,3,0,0,0,0 -7.6090718179367553e-16 -4.2231856586691543e-16 0
002,0,2,0,0,0,0,2 -1.1916011916543962e-15 2.0891229458048753e-16 0
002,0,2,0,0,0,1,1 9.5523474798015249e-16 -9.3172586912597609e-18 0
002,0,2,0,0,0,2,0 -0.66666666666667129 5.723444926190627e-16 0
002,0,2,0,0,1,0,1 4.4153265656823581e-15 -1.9658363628869429e-17 0
002,0,2,0,0,1,1,0 1.3513875426777618e-15 -4.0953834297145424e-16 0
002,0,2,0,0,2,0,0 -0.66666666666667729 -2.5439055279259352e-16 0
002,0,2,0,1,0,0,1 -9.7277689341138281e-16 -1.2561197599278902e-16 0
002,0,2,0,1,0,1,0 -4.1071334852470494e-15 1.8942891376132144e-16 0
002,0,2,0,1,1,0,0 1.3526473956410687e-15 -2.3315375497984294e-16 0
002,0,2,0,2,0,0,0 -0.66666666666665486 -3.6727427286447423e-17 0
002,0,2,1,0,0,0,1 -1.7604868459635138e-15 -2.2362149911691986e-16 0
002,0,2,1,0,0,1,0 -1.3082612516181739e-15 4.4610599005698731e-16 0
002,0,2,1,0,1,0,0 2.2534862151566277e-16 8.7842363277312102e-16 0
002,0,2,1,1,0,0,0 -9.0380370331020841e-16 2.5024979173024561e-16 0
002,0,2,2,0,0,0,0 -0.66666666666666829 2.4277678937356162e-16 0
002,0,3,0,0,0,0,1 -1.3679892374460974e-15 3.9099200232369506e-16 0
002,0,3,0,0,0,1,0 4.4800934399760882e-16 7.4256058894573643e-17 0
002,0,3,0,0,1,0,0 1.8719355008821719e-15 -2.9997321513397127e-17 0
002,0,3,0,1,0,0,0 3.5460286430852645e-16 -9.9018392703379917e-18 0
002,0,3,1,0,0,0,0 -1.4103706827203424e-15 1.0486814650202393e-16 0
002,0,4,0,0,0,0,0 -1.5318661850277102e-15 -1.4313153895734478e-16 0
002,1,0,0,0,0,0,3 1.212193154965446e-15 -2.8634394771733938e-16 0
002,1,0,0,0,0,1,2 9.3333987917790923e-16 -2.8382539929242959e-16 0
002,1,0,0,0,0,2,1 1.3590595425142635e-15 -5.128884572780541e-16 0
002,1,0,0,0,0,3,0 6.0999971770814825e-16 -6.524320988047398e-16 0
002,1,0,0,0,1,0,2 3.3189237623373913e-16 1.1303250218531902e-16 0
002,1,0,0,0,1,1,1 -4.0069866553025943e-15 5.9201619125675861e-17 0
002,1,0,0,0,1,2,0 2.0000000000000053 -4.6090790760365032e-16 0
002,1,0,0,0,2,0,1 -2.5028270023033431e-15 -1.8486367225582518e-16 0
002,1,0,0,0,2,1,0 -1.1828102614795129e-15 -3.8964208656495319e-16 0
002,1,0,0,0,3,0,0 -0.66666666666667551 2.4129507305464679e-17 0
002,1,0,0,1,0,0,2 9.2420617912590423e-16 -2.3108785117939677e-16 0
002,1,0,0,1,0,1,1 3.7712361663282237 -2.0788872481606652e-16 0
002,1,0,0,1,0,2,0 7.9924397168376456e-16 7.9044459730274266e-17 0
002,1,0,0,1,1,0,1 -8.0972681033416553e-15 -1.0917277490944994e-15 0
002,1,0,0,1,1,1,0 2.3192679168304716e-16 3.1133184852736791e-16 0
002,1,0,0,1,2,0,0 -2.4553031711979331e-15 -5.2326985439244906e-16 0
002,1,0,0,2,0,0,1 8.7776889218187554e-16 -2.3372932328289231e-16 0
002,1,0,0,2,0,1,0 2.2820260574528841e-15 -6.5368913603041518e-16 0
002,1,0,0,2,1,0,0 1.3333333333333091 9.0371222202283129e-16 0
002,1,0,0,3,0,0,0 -2.1209354936844858e-15 1.8926571756980253e-16 0
002,1,0,1,0,0,0,2 1.7262355504664903e-16 1.2756881561343625e-16 0
002,1,0,1,0,0,1,1 4.1338450515165662e-17 -3.744200593379382e-16 0
002,1,0,1,0,0,2,0 2.9647916413595303e-15 5.7374729765102022e-16 0
002,1,0,1,0,1,0,1 -3.7712361663282699 -1.0435657192726086e-16 0
002,1,0,1,0,1,1,0 -1.8741530037331613e-15 -1.1445906211444392e-16 0
002,1,0,1,0,2,0,0 -2.0031502193157604e-15 -2.1185280864531223e-16 0
002,1,0,1,1,0,0,1 5.9345154369480915e-16 2.2601538183694546e-17 0
002,1,0,1,1,0,1,0 -2.6666666666666594 1.0694504462808102e-18 0
002,1,0,1,1,1,0,0 2.3933415226164931e-15 6.0331345220684002e-17 0
002,1,0,1,2,0,0,0 1.5881844531154822e-15 -2.019498642725589e-16 0
002,1,0,2,0,0,0,1 -3.9317919675941245e-15 -3.7263463528754341e-16 0
002,1,0,2,0,0,1,0 -1.449287596513259e-15 2.5252962430066174e-16 0
002,1,0,2,0,1,0,0 -1.3333333333333364 5.5542905523745128e-16 0
002,1,0,2,1,0,0,0 1.3209531919790729e-15 1.7280619252660506e-16 0
002,1,0,3,0,0,0,0 9.6163143486358716e-16 -2.6394178191114884e-16 0
002,1,1,0,0,0,0,2 1.6257675911845169e-15 -3.0719109436192805e-16 0
002,1,1,0,0,0,1,1 3.4650208237899839e-15 -2.1258773079187096e-16 0
002,1,1,0,0,0,2,0 8.9173457659656667e-16 -6.5549524407027661e-16 0
002,1,1,0,0,1,0,1 3.2202316912153396e-15 1.6433319423846838e-16 0
002,1,1,0,0,1,1,0 5.977288811045166e-17 -4.2370940456720724e-16 0
002,1,1,0,0,2,0,0 -8.1850045887765446e-16 -8.4084906561186689e-17 0
002,1,1,0,1,0,0,1 -1.6753555932920851e-15 1.8266821932230097e-17 0
002,1,1,0,1,0,1,0 1.6579399460541841e-15 3.9782896262031074e-16 0
002,1,1,0,1,1,0,0 3.8184863547120477e-15 -5.4340865715105576e-19 0
002,1,1,0,2,0,0,0 2.9637315335223833e-15 -4.7939487945641419e-16 0
002,1,1,1,0,0,0,1 1.8277098818109922e-15 3.4303796299980193e-16 0
002,1,1,1,0,0,1,0 -1.9527059405326622e-15 1.0423508803035961e-16 0
002,1,1,1,0,1,0,0 8.7549468740480263e-16 -2.5414102834173237e-16 0
002,1,1,1,1,0,0,0 -5.9557106990914712e-16 1.0504431554134653e-16 0
002,1,1,2,0,0,0,0 1.4634540103038712e-15 -2.5642117382786123e-16 0
002,1,2,0,0,0,0,1 1.9564118688850704e-15 -1.0162427934150246e-16 0
002,1,2,0,0,0,1,0 -1.5959197599283069e-15 -3.5740400550821103e-16 0
002,1,2,0,0,1,0,0 -1.0215442285736177e-16 8.3023973740591089e-16 0
002,1,2,0,1,0,0,0 1.8812960187954251e-15 -2.2439386174060037e-16 0
002,1,2,1,0,0,0,0 2.821466390732787e-15 -5.2023046010948998e-18 0
002,1,3,0,0,0,0,0 8.0936415467001686e-16 -2.3694016464042628e-16 0
002,2,0,0,0,0,0,2 -5.3098906610653889e-15 4.1342515230595006e-16 0
002,2,0,0,0,0,1,1 -2.309745942750168e-15 8.6242410376795141e-17 0
002,2,0,0,0,0,2,0 -0.66666666666667085 8.9523388810742866e-16 0
002,2,0,0,0,1,0,1 3.0579467998667144e-16 -1.9727512940631375e-16 0
002,2,0,0,0,1,1,0 6.3678044949890351e-16 -4.7565577535916974e-16 0
002,2,0,0,0,2,0,0 -0.66666666666667473 4.7317027967622546e-16 0
002,2,0,0,1,0,0,1 1.7502731884657497e-15 -4.9753598087582595e-16 0
002,2,0,0,1,0,1,0 -4.7838295372017105e-16 -6.5157896980266646e-18 0
002,2,0,0,1,1,0,0 1.9745030047511277e-15 -2.1443949243424367e-16 0
002,2,0,0,2,0,0,0 -0.66666666666665653 -2.3865987443707673e-17 0
002,2,0,1,0,0,0,1 2.9334477133305289e-15 9.8805102155993553e-17 0
002,2,0,1,0,0,1,0 8.4576840446720781e-16 2.2946905872175176e-16 0
002,2,0,1,0,1,0,0 7.0362197759115063e-16 3.3433935047834084e-16 0
002,2,0,1,1,0,0,0 1.0806781100456983e-15 2.5588902231906093e-16 0
002,2,0,2,0,0,0,0 -0.6666666666666734 -6.9616733671931891e-17 0
002,2,1,0,0,0,0,1 4.9795590489115293e-16 2.7370321356047769e-17 0
002,2,1,0,0,0,1,0 7.4596166027350911e-16 3.9928091999749432e-16 0
002,2,1,0,0,1,0,0 -3.3673922144418469e-16 3.831012907572409e-17 0
002,2,1,0,1,0,0,0 -1.2417976348594852e-15 1.5535746442599731e-16 0
002,2,1,1,0,0,0,0 -6.2976550219756207e-16 2.2443511887458228e-16 0
002,2,2,0,0,0,0,0 1.1096653151584433e-15 2.3318768894931657e-16 0
002,3,0,0,0,0,0,1 2.2929132987692018e-16 -1.2556233453625516e-16 0
002,3,0,0,0,0,1,0 8.7140266632945953e-16 -5.921796841504219e-16 0
002,3,0,0,0,1,0,0 -1.0782053493115365e-15 4.9014549056173228e-19 0
002,3,0,0,1,0,0,0 -1.9665355568145298e-15 3.9652694842536132e-16 0
002,3,0,1,0,0,0,0 1.5615012888910045e-15 -1.6608836861573851e-16 0
002,3,1,0,0,0,0,0 4.6489684540193173e-16 -4.7844696729594828e-16 0
002,4,0,0,0,0,0,0 -8.672386549051528e-16 1.2502974254486513e-17 0
110,0,0,0,0,0,0,4 0 0 0
110,0,0,0,0,0,1,3 0 0 0
110,0,0,0,0,0,2,2 0 0 0
110,0,0,0,0,0,3,1 0 0 0
110,0,0,0,0,0,4,0 0 0 0
110,0,0,0,0,1,0,3 0 0 0
110,0,0,0,0,1,1,2 0 0 0
110,0,0,0,0,1,2,1 0 0 0
110,0,0,0,0,1,3,0 0 0 0
110,0,0,0,0,2,0,2 0 0 0
110,0,0,0,0,2,1,1 0 0 0
110,0,0,0,0,2,2,0 0 0 0
110,0,0,0,0,3,0,1 0 0 0
110,0,0,0,0,3,1,0 0 0 0
110,0,0,0,0,4,0,0 0 0 0
110,0,0,0,1,0,0,3 0 0 0
110,0,0,0,1,0,1,2 0 0 0
110,0,0,0,1,0,2,1 0 0 0
110,0,0,0,1,0,3,0 0 0 0
110,0,0,0,1,1,0,2 0 0 0
110,0,0,0,1,1,1,1 0 0 0
110,0,0,0,1,1,2,0 0 0 0
110,0,0,0,1,2,0,1 0 0 0
110,0,0,0,1,2,1,0 0 0 0
110,0,0,0,1,3,0,0 0 0 0
110,0,0,0,2,0,0,2 0 0 0
110,0,0,0,2,0,1,1 0 0 0
110,0,0,0,2,0,2,0 0 0 0
110,0,0,0,2,1,0,1 0 0 0
110,0,0,0,2,1,1,0 0 0 0
110,0,0,0,2,2,0,0 0 0 0
110,0,0,0,3,0,0,1 0 0 0
110,0,0,0,3,0,1,0 0 0 0
110,0,0,0,3,1,0,0 0 0 0
110,0,0,0,4,0,0,0 0 0 0
110,0,0,1,0,0,0,3 0 0 0
110,0,0,1,0,0,1,2 0 0 0
110,0,0,1,0,0,2,1 0 0 0
110,0,0,1,0,0,3,0 0 0 0
110,0,0,1,0,1,0,2 0 0 0
110,0,0,1,0,1,1,1 0 0 0
110,0,0,1,0,1,2,0 0 0 0
110,0,0,1,0,2,0,1 0 0 0
110,0,0,1,0,2,1,0 0 0 0
110,0,0,1,0,3,0,0 0 0 0
110,0,0,1,1,0,0,2 0 0 0
110,0,0,1,1,0,1,1 0 0 0
110,0,0,1,1,0,2,0 0 0 0
110,0,0,1,1,1,0,1 0 0 0
110,0,0,1,1,1,1,0 0 0 0
110,0,0,1,1,2,0,0 0 0 0
110,0,0,1,2,0,0,1 0 0 0
110,0,0,1,2,0,1,0 0 0 0
110,0,0,1,2,1,0,0 0 0 0
110,0,0,1,3,0,0,0 0 0 0
110,0,0,2,0,0,0,2 0 0 0
110,0,0,2,0,0,1,1 0 0 0
110,0,0,2,0,0,2,0 0 0 0
110,0,0,2,0,1,0,1 0 0 0
110,0,0,2,0,1,1,0 0 0 0
110,0,0,2,0,2,0,0 0 0 0
110,0,0,2,1,0,0,1 0 0 0
110,0,0,2,1,0,1,0 0 0 0
110,0,0,2,1,1,0,0 0 0 0
110,0,0,2,2,0,0,0 0 0 0
110,0,0,3,0,0,0,1 0 0 0
110,0,0,3,0,0,1,0 0 0 0
110,0,0,3,0,1,0,0 0 0 0
110,0,0,3,1,0,0,0 0 0 0
110,0,0,4,0,0,0,0 0 0 0
110,0,1,0,0,0,0,3 0 0 0
110,0,1,0,0,0,1,2 0 0 0
110,0,1,0,0,0,2,1 0 0 0
110,0,1,0,0,0,3,0 0 0 0
110,0,1,0,0,1,0,2 0 0 0
110,0,1,0,0,1,1,1 0 0 0
110,0,1,0,0,1,2,0 0 0 0
110,0,1,0,0,2,0,1 0 0 0
110,0,1,0,0,2,1,0 0 0 0
110,0,1,0,0,3,0,0 0 0 0
110,0,1,0,1,0,0,2 0 0 0
110,0,1,0,1,0,1,1 0 0 0
110,0,1,0,1,0,2,0 0 0 0
110,0,1,0,1,1,0,1 0 0 0
110,0,1,0,1,1,1,0 0 0 0
110,0,1,0,1,2,0,0 0 0 0
110,0,1,0,2,0,0,1 0 0 0
110,0,1,0,2,0,1,0 0 0 0
110,0,1,0,2,1,0,0 0 0 0
110,0,1,0,3,0,0,0 0 0 0
110,0,1,1,0,0,0,2 0 0 0
110,0,1,1,0,0,1,1 0 0 0
110,0,1,1,0,0,2,0 0 0 0
110,0,1,1,0,1,0,1 0 0 0
110,0,1,1,0,1,1,0 0 0 0
110,0,1,1,0,2,0,0 0 0 0
110,0,1,1,1,0,0,1 0 0 0
110,0,1,1,1,0,1,0 0 0 0
110,0,1,1,1,1,0,0 0 0 0
110,0,1,1,2,0,0,0 0 0 0
110,0,1,2,0,0,0,1 0 0 0
110,0,1,2,0,0,1,0 0 0 0
110,0,1,2,0,1,0,0 0 0 0
110,0,1,2,1,0,0,0 0 0 0
110,0,1,3,0,0,0,0 0 0 0
110,0,2,0,0,0,0,2 0 0 0
110,0,2,0,0,0,1,1 0 0 0
110,0,2,0,0,0,2,0 0 0 0
110,0,2,0,0,1,0,1 0 0 0
110,0,2,0,0,1,1,0 0 0 0
110,0,2,0,0,2,0,0 0 0 0
110,0,2,0,1,0,0,1 0 0 0
110,0,2,0,1,0,1,0 0 0 0
110,0,2,0,1,1,0,0 0 0 0
110,0,2,0,2,0,0,0 0 0 0
110,0,2,1,0,0,0,1 0 0 0
110,0,2,1,0,0,1,0 0 0 0
110,0,2,1,0,1,0,0 0 0 0
110,0,2,1,1,0,0,0 0 0 0
110,0,2,2,0,0,0,0 0 0 0
110,0,3,0,0,0,0,1 0 0 0
110,0,3,0,0,0,1,0 0 0 0
110,0,3,0,0,1,0,0 0 0 0
110,0,3,0,1,0,0,0 0 0 0
110,0,3,1,0,0,0,0 0 0 0
110,0,4,0,0,0,0,0 0 0 0
110,1,0,0,0,0,0,3 0 0 0
110,1,0,0,0,0,1,2 0 0 0
110,1,0,0,0,0,2,1 0 0 0
110,1,0,0,0,0,3,0 0 0 0
110,1,0,0,0,1,0,2 0 0 0
110,1,0,0,0,1,1,1 0 0 0
110,1,0,0,0,1,2,0 0 0 0
110,1,0,0,0,2,0,1 0 0 0
110,1,0,0,0,2,1,0 0 0 0
110,1,0,0,0,3,0,0 0 0 0
110,1,0,0,1,0,0,2 0 0 0
110,1,0,0,1,0,1,1 0 0 0
110,1,0,0,1,0,2,0 0 0 0
110,1,0,0,1,1,0,1 0 0 0
110,1,0,0,1,1,1,0 0 0 0
110,1,0,0,1,2,0,0 0 0 0
110,1,0,0,2,0,0,1 0 0 0
110,1,0,0,2,0,1,0 0 0 0
110,1,0,0,2,1,0,0 0 0 0
110,1,0,0,3,0,0,0 0 0 0
110,1,0,1,0,0,0,2 0 0 0
110,1,0,1,0,0,1,1 0 0 0
110,1,0,1,0,0,2,0 0 0 0
110,1,0,1,0,1,0,1 0 0 0
110,1,0,1,0,1,1,0 0 0 0
110,1,0,1,0,2,0,0 0 0 0
110,1,0,1,1,0,0,1 0 0 0
110,1,0,1,1,0,1,0 0 0 0
110,1,0,1,1,1,0,0 0 0 0
110,1,0,1,2,0,0,0 0 0 0
110,1,0,2,0,0,0,1 0 0 0
110,1,0,2,0,0,1,0 0 0 0
110,1,0,2,0,1,0,0 0 0 0
110,1,0,2,1,0,0,0 0 0 0
110,1,0,3,0,0,0,0 0 0 0
110,1,1,0,0,0,0,2 0 0 0
110,1,1,0,0,0,1,1 0 0 0
110,1,1,0,0,0,2,0 0 0 0
110,1,1,0,0,1,0,1 0 0 0
110,1,1,0,0,1,1,0 0 0 0
110,1,1,0,0,2,0,0 0 0 0
110,1,1,0,1,0,0,1 0 0 0
110,1,1,0,1,0,1,0 0 0 0
110,1,1,0,1,1,0,0 0 0 0
110,1,1,0,2,0,0,0 0 0 0
110,1,1,1,0,0,0,1 0 0 0
110,1,1,1,0,0,1,0 0 0 0
110,1,1,1,0,1,0,0 0 0 0
110,1,1,1,1,0,0,0 0 0 0
110,1,1,2,0,0,0,0 0 0 0
110,1,2,0,0,0,0,1 0 0 0
110,1,2,0,0,0,1,0 0 0 0
110,1,2,0,0,1,0,0 0 0 0
110,1,2,0,1,0,0,0 0 0 0
110,1,2,1,0,0,0,0 0 0 0
110,1,3,0,0,0,0,0 0 0 0
110,2,0,0,0,0,0,2 0 0 0
110,2,0,0,0,0,1,1 0 0 0
110,2,0,0,0,0,2,0 0 0 0
110,2,0,0,0,1,0,1 0 0 0
110,2,0,0,0,1,1,0 0 0 0
110,2,0,0,0,2,0,0 0 0 0
110,2,0,0,1,0,0,1 0 0 0
110,2,0,0,1,0,1,0 0 0 0
110,2,0,0,1,1,0,0 0 0 0
110,2,0,0,2,0,0,0 0 0 0
110,2,0,1,0,0,0,1 0 0 0
110,2,0,1,0,0,1,0 0 0 0
110,2,0,1,0,1,0,0 0 0 0
110,2,0,1,1,0,0,0 0 0 0
110,2,0,2,0,0,0,0 0 0 0
110,2,1,0,0,0,0,1 0 0 0
110,2,1,0,0,0,1,0 0 0 0
110,2,1,0,0,1,0,0 0 0 0
110,2,1,0,1,0,0,0 0 0 0
110,2,1,1,0,0,0,0 0 0 0
110,2,2,0,0,0,0,0 0 0 0
110,3,0,0,0,0,0,1 0 0 0
110,3,0,0,0,0,1,0 0 0 0
110,3,0,0,0,1,0,0 0 0 0
110,3,0,0,1,0,0,0 0 0 0
110,3,0,1,0,0,0,0 0 0 0
110,3,1,0,0,0,0,0 0 0 0
110,4,0,0,0,0,0,0 0 0 0
101,0,0,0,0,0,0,4 0 0 0
101,0,0,0,0,0,1,3 0 0 0
101,0,0,0,0,0,2,2 0 0 0
101,0,0,0,0,0,3,1 0 0 0
101,0,0,0,0,0,4,0 0 0 0
101,0,0,0,0,1,0,3 0 0 0
101,0,0,0,0,1,1,2 0 0 0
101,0,0,0,0,1,2,1 0 0 0
101,0,0,0,0,1,3,0 0 0 0
101,0,0,0,0,2,0,2 0 0 0
101,0,0,0,0,2,1,1 0 0 0
101,0,0,0,0,2,2,0 0 0 0
101,0,0,0,0,3,0,1 0 0 0
101,0,0,0,0,3,1,0 0 0 0
101,0,0,0,0,4,0,0 0 0 0
101,0,0,0,1,0,0,3 0 0 0
101,0,0,0,1,0,1,2 0 0 0
101,0,0,0,1,0,2,1 0 0 0
101,0,0,0,1,0,3,0 0 0 0
101,0,0,0,1,1,0,2 0 0 0
101,0,0,0,1,1,1,1 0 0 0
101,0,0,0,1,1,2,0 0 0 0
101,0,0,0,1,2,0,1 0 0 0
101,0,0,0,1,2,1,0 0 0 0
101,0,0,0,1,3,0,0 0 0 0
101,0,0,0,2,0,0,2 0 0 0
101,0,0,0,2,0,1,1 0 0 0
101,0,0,0,2,0,2,0 0 0 0
101,0,0,0,2,1,0,1 0 0 0
101,0,0,0,2,1,1,0 0 0 0
101,0,0,0,2,2,0,0 0 0 0
101,0,0,0,3,0,0,1 0 0 0
101,0,0,0,3,0,1,0 0 0 0
101,0,0,0,3,1,0,0 0 0 0
101,0,0,0,4,0,0,0 0 0 0
101,0,0,1,0,0,0,3 0 0 0
101,0,0,1,0,0,1,2 0 0 0
101,0,0,1,0,0,2,1 0 0 0
101,0,0,1,0,0,3,0 0 0 0
101,0,0,1,0,1,0,2 0 0 0
101,0,0,1,0,1,1,1 0 0 0
101,0,0,1,0,1,2,0 0 0 0
101,0,0,1,0,2,0,1 0 0 0
101,0,0,1,0,2,1,0 0 0 0
101,0,0,1,0,3,0,0 0 0 0
101,0,0,1,1,0,0,2 0 0 0
101,0,0,1,1,0,1,1 0 0 0
101,0,0,1,1,0,2,0 0 0 0
101,0,0,1,1,1,0,1 0 0 0
101,0,0,1,1,1,1,0 0 0 0
101,0,0,1,1,2,0,0 0 0 0
101,0,0,1,2,0,0,1 0 0 0
101,0,0,1,2,0,1,0 0 0 0
101,0,0,1,2,1,0,0 0 0 0
101,0,0,1,3,0,0,0 0 0 0
101,0,0,2,0,0,0,2 0 0 0
101,0,0,2,0,0,1,1 0 0 0
101,0,0,2,0,0,2,0 0 0 0
101,0,0,2,0,1,0,1 0 0 0
101,0,0,2,0,1,1,0 0 0 0
101,0,0,2,0,2,0,0 0 0 0
101,0,0,2,1,0,0,1 0 0 0
101,0,0,2,1,0,1,0 0 0 0
101,0,0,2,1,1,0,0 0 0 0
101,0,0,2,2,0,0,0 0 0 0
101,0,0,3,0,0,0,1 0 0 0
101,0,0,3,0,0,1,0 0 0 0
101,0,0,3,0,1,0,0 0 0 0
101,0,0,3,1,0,0,0 0 0 0
101,0,0,4,0,0,0,0 0 0 0
101,0,1,0,0,0,0,3 0 0 0
101,0,1,0,0,0,1,2 0 0 0
101,0,1,0,0,0,2,1 0 0 0
101,0,1,0,0,0,3,0 0 0 0
101,0,1,0,0,1,0,2 0 0 0
101,0,1,0,0,1,1,1 0 0 0
101,0,1,0,0,1,2,0 0 0 0
101,0,1,0,0,2,0,1 0 0 0
101,0,1,0,0,2,1,0 0 0 0
101,0,1,0,0,3,0,0 0 0 0
101,0,1,0,1,0,0,2 0 0 0
101,0,1,0,1,0,1,1 0 0 0
101,0,1,0,1,0,2,0 0 0 0
101,0,1,0,1,1,0,1 0 0 0
101,0,1,0,1,1,1,0 0 0 0
101,0,1,0,1,2,0,0 0 0 0
101,0,1,0,2,0,0,1 0 0 0
101,0,1,0,2,0,1,0 0 0 0
101,0,1,0,2,1,0,0 0 0 0
101,0,1,0,3,0,0,0 0 0 0
101,0,1,1,0,0,0,2 0 0 0
101,0,1,1,0,0,1,1 0 0 0
101,0,1,1,0,0,2,0 0 0 0
101,0,1,1,0,1,0,1 0 0 0
101,0,1,1,0,1,1,0 0 0 0
101,0,1,1,0,2,0,0 0 0 0
101,0,1,1,1,0,0,1 0 0 0
101,0,1,1,1,0,1,0 0 0 0
101,0,1,1,1,1,0,0 0 0 0
101,0,1,1,2,0,0,0 0 0 0
101,0,1,2,0,0,0,1 0 0 0
101,0,1,2,0,0,1,0 0 0 0
101,0,1,2,0,1,0,0 0 0 0
101,0,1,2,1,0,0,0 0 0 0
101,0,1,3,0,0,0,0 0 0 0
101,0,2,0,0,0,0,2 0 0 0
101,0,2,0,0,0,1,1 0 0 0
101,0,2,0,0,0,2,0 0 0 0
101,0,2,0,0,1,0,1 0 0 0
101,0,2,0,0,1,1,0 0 0 0
101,0,2,0,0,2,0,0 0 0 0
101,0,2,0,1,0,0,1 0 0 0
101,0,2,0,1,0,1,0 0 0 0
101,0,2,0,1,1,0,0 0 0 0
101,0,2,0,2,0,0,0 0 0 0
101,0,2,1,0,0,0,1 0 0 0
101,0,2,1,0,0,1,0 0 0 0
101,0,2,1,0,1,0,0 0 0 0
101,0,2,1,1,0,0,0 0 0 0
101,0,2,2,0,0,0,0 0 0 0
101,0,3,0,0,0,0,1 0 0 0
101,0,3,0,0,0,1,0 0 0 0
101,0,3,0,0,1,0,0 0 0 0
101,0,3,0,1,0,0,0 0 0 0
101,0,3,1,0,0,0,0 0 0 0
101,0,4,0,0,0,0,0 0 0 0
101,1,0,0,0,0,0,3 0 0 0
101,1,0,0,0,0,1,2 0 0 0
101,1,0,0,0,0,2,1 0 0 0
101,1,0,0,0,0,3,0 0 0 0
101,1,0,0,0,1,0,2 0 0 0
101,1,0,0,0,1,1,1 0 0 0
101,1,0,0,0,1,2,0 0 0 0
101,1,0,0,0,2,0,1 0 0 0
101,1,0,0,0,2,1,0 0 0 0
101,1,0,0,0,3,0,0 0 0 0
101,1,0,0,1,0,0,2 0 0 0
101,1,0,0,1,0,1,1 0 0 0
101,1,0,0,1,0,2,0 0 0 0
101,1,0,0,1,1,0,1 0 0 0
101,1,0,0,1,1,1,0 0 0 0
101,1,0,0,1,2,0,0 0 0 0
101,1,0,0,2,0,0,1 0 0 0
101,1,0,0,2,0,1,0 0 0 0
101,1,0,0,2,1,0,0 0 0 0
101,1,0,0,3,0,0,0 0 0 0
101,1,0,1,0,0,0,2 0 0 0
101,1,0,1,0,0,1,1 0 0 0
101,1,0,1,0,0,2,0 0 0 0
101,1,0,1,0,1,0,1 0 0 0
101,1,0,1,0,1,1,0 0 0 0
101,1,0,1,0,2,0,0 0 0 0
101,1,0,1,1,0,0,1 0 0 0
101,1,0,1,1,0,1,0 0 0 0
101,1,0,1,1,1,0,0 0 0 0
101,1,0,1,2,0,0,0 0 0 0
101,1,0,2,0,0,0,1 0 0 0
101,1,0,2,0,0,1,0 0 0 0
101,1,0,2,0,1,0,0 0 0 0
101,1,0,2,1,0,0,0 0 0 0
101,1,0,3,0,0,0,0 0 0 0
101,1,1,0,0,0,0,2 0 0 0
101,1,1,0,0,0,1,1 0 0 0
101,1,1,0,0,0,2,0 0 0 0
101,1,1,0,0,1,0,1 0 0 0
101,1,1,0,0,1,1,0 0 0 0
101,1,1,0,0,2,0,0 0 0 0
101,1,1,0,1,0,0,1 0 0 0
101,1,1,0,1,0,1,0 0 0 0
101,1,1,0,1,1,0,0 0 0 0
101,1,1,0,2,0,0,0 0 0 0
101,1,1,1,0,0,0,1 0 0 0
101,1,1,1,0,0,1,0 0 0 0
101,1,1,1,0,1,0,0 0 0 0
101,1,1,1,1,0,0,0 0 0 0
101,1,1,2,0,0,0,0 0 0 0
101,1,2,0,0,0,0,1 0 0 0
101,1,2,0,0,0,1,0 0 0 0
101,1,2,0,0,1,0,0 0 0 0
101,1,2,0,1,0,0,0 0 0 0
101,1,2,1,0,0,0,0 0 0 0
101,1,3,0,0,0,0,0 0 0 0
101,2,0,0,0,0,0,2 0 0 0
101,2,0,0,0,0,1,1 0 0 0
101,2,0,0,0,0,2,0 0 0 0
101,2,0,0,0,1,0,1 0 0 0
101,2,0,0,0,1,1,0 0 0 0
101,2,0,0,0,2,0,0 0 0 0
101,2,0,0,1,0,0,1 0 0 0
101,2,0,0,1,0,1,0 0 0 0
101,2,0,0,1,1,0,0 0 0 0
101,2,0,0,2,0,0,0 0 0 0
101,2,0,1,0,0,0,1 0 0 0
101,2,0,1,0,0,1,0 0 0 0
101,2,0,1,0,1,0,0 0 0 0
101,2,0,1,1,0,0,0 0 0 0
101,2,0,2,0,0,0,0 0 0 0
101,2,1,0,0,0,0,1 0 0 0
101,2,1,0,0,0,1,0 0 0 0
101,2,1,0,0,1,0,0 0 0 0
101,2,1,0,1,0,0,0 0 0 0
101,2,1,1,0,0,0,0 0 0 0
101,2,2,0,0,0,0,0 0 0 0
101,3,0,0,0,0,0,1 0 0 0
101,3,0,0,0,0,1,0 0 0 0
101,3,0,0,0,1,0,0 0 0 0
101,3,0,0,1,0,0,0 0 0 0
101,3,0,1,0,0,0,0 0 0 0
101,3,1,0,0,0,0,0 0 0 0
101,4,0,0,0,0,0,0 0 0 0
011,0,0,0,0,0,0,4 5.1147909672749499e-16 5.2236897343533288e-16 0
011,0,0,0,0,0,1,3 -4.9143893769223569e-15 9.9352322358350877e-16 0
011,0,0,0,0,0,2,2 0.99999999999999334 0.12891078647848461 0
011,0,0,0,0,0,3,1 -6.4179885150747772e-15 1.2398460977149391e-15 0
011,0,0,0,0,0,4,0 0.12499999999999604 0.015962543556105165 0
011,0,0,0,0,1,0,3 5.916527027333776e-15 -7.4282628499572779e-16 0
011,0,0,0,0,1,1,2 -2.7993154995203382e-16 -9.4069951722176814e-16 0
011,0,0,0,0,1,2,1 4.8402333667154486e-15 -1.3866671048109641e-15 0
011,0,0,0,0,1,3,0 1.3838017663684216e-15 -2.751139242148801e-16 0
011,0,0,0,0,2,0,2 0.99999999999999456 0.1289107864784827 0
011,0,0,0,0,2,1,1 -3.9256801216097112e-15 9.8563096280743529e-16 0
011,0,0,0,0,2,2,0 0.2499999999999902 0.031925087112209857 0
011,0,0,0,0,3,0,1 3.3562497522677867e-15 -3.6675055808526527e-16 0
011,0,0,0,0,3,1,0 3.1507306641987884e-15 -6.7946155938382155e-16 0
011,0,0,0,0,4,0,0 0.12500000000000303 0.015962543556104498 0
011,0,0,0,1,0,0,3 -5.3595637703549848e-16 1.939569403669855e-16 0
011,0,0,0,1,0,1,2 -3.1083334231883016e-15 5.5271448373556231e-16 0
011,0,0,0,1,0,2,1 7.2406973335519523e-16 2.0980712702045409e-16 0
011,0,0,0,1,0,3,0 -3.4839995517573631e-15 5.2950072740789092e-16 0
011,0,0,0,1,1,0,2 1.4840092276247619e-15 -4.9717803938555041e-16 0
011,0,0,0,1,1,1,1 4.2426406871192874 0.53851858480402504 0
011,0,0,0,1,1,2,0 2.8687852357686821e-15 -2.0983883353189999e-16 0
011,0,0,0,1,2,0,1 -1.8429637926611812e-15 -4.0036302151958041e-16 0
011,0,0,0,1,2,1,0 -8.5321893360498859e-15 2.1094327431124457e-16 0
011,0,0,0,1,3,0,0 3.8372718487867514e-15 -7.1424290552749237e-16 0
011,0,0,0,2,0,0,2 1.0000000000000038 0.12615974695776364 0
011,0,0,0,2,0,1,1 -6.0777614189011098e-15 9.7974728694596138e-16 0
011,0,0,0,2,0,2,0 0.4999999999999904 0.062474654464060551 0
011,0,0,0,2,1,0,1 1.9890394203931148e-15 -8.1943694396859564e-16 0
011,0,0,0,2,1,1,0 1.0538039881278404e-14 -3.499154101098304e-16 0
011,0,0,0,2,2,0,0 0.49999999999999234 0.062474654464058234 0
011,0,0,0,3,0,0,1 2.62656147232703e-15 -6.1571492651398318e-17 0
011,0,0,0,3,0,1,0 -3.8398342393347977e-15 5.6254032652919366e-16 0
011,0,0,0,3,1,0,0 3.3467869114427058e-15 -8.1287309078862303e-16 0
011,0,0,0,4,0,0,0 3.0465078221057339e-15 -3.686517938359038e-16 0
011,0,0,1,0,0,0,3 3.2179158835640428e-15 -4.0938538852819482e-16 0
011,0,0,1,0,0,1,2 -1.1780517213312487e-15 3.036070348636315e-16 0
011,0,0,1,0,0,2,1 -2.1213203435596477 -0.26925929240200736 0
011,0,0,1,0,0,3,0 -2.6298161504569663e-16 1.4414570842728213e-16 0
011,0,0,1,0,1,0,2 -5.3743167395156819e-15 1.410991604784153e-15 0
011,0,0,1,0,1,1,1 4.5056991206821138e-15 4.5011334989330961e-17 0
011,0,0,1,0,1,2,0 -8.3392136385257896e-15 2.3718534175558433e-15 0
011,0,0,1,0,2,0,1 2.1213203435596619 0.26925929240200708 0
011,0,0,1,0,2,1,0 -1.6783714640876289e-15 7.8828893567035933e-16 0
011,0,0,1,0,3,0,0 -7.5932192126972528e-15 1.57575615538695e-15 0
011,0,0,1,1,0,0,2 -4.5557268676865622e-15 7.9966655901014775e-16 0
011,0,0,1,1,0,1,1 1.449421039158869e-15 6.8860658985498457e-16 0
011,0,0,1,1,0,2,0 -3.4991838851001251e-16 1.4575045291523542e-16 0
011,0,0,1,1,1,0,1 -5.8616821245209459e-16 -4.4450053016391303e-17 0
011,0,0,1,1,1,1,0 -9.3200484969269359e-16 1.059769118719425e-15 0
011,0,0,1,1,2,0,0 -1.7473316986682961e-15 7.7027530986728443e-16 0
011,0,0,1,2,0,0,1 4.862447005081649e-16 -4.8514270192410781e-16 0
011,0,0,1,2,0,1,0 -1.9538362240025285e-15 8.2451827751177567e-16 0
011,0,0,1,2,1,0,0 -7.9747321658210343e-15 1.7707996619425147e-15 0
011,0,0,1,3,0,0,0 -3.5660939700927168e-15 4.3757685598460907e-16 0
011,0,0,2,0,0,0,2 0.99999999999999545 0.12615974695776666 0
011,0,0,2,0,0,1,1 -4.6694543052311159e-15 1.1419150829102731e-15 0
011,0,0,2,0,0,2,0 0.50000000000000377 0.062474654464060968 0
011,0,0,2,0,1,0,1 5.9278538723349316e-15 -4.379120861517154e-16 0
011,0,0,2,0,1,1,0 6.4196550645367201e-15 -9.0816836666221732e-16 0
011,0,0,2,0,2,0,0 0.49999999999999983 0.062474654464059906 0
011,0,0,2,1,0,0,1 -8.8063994265248879e-17 2.1065623858777457e-16 0
011,0,0,2,1,0,1,0 -1.8974826479720541e-15 6.0020263555744806e-16 0
011,0,0,2,1,1,0,0 5.8120164902893573e-15 -5.3946106653484544e-16 0
011,0,0,2,2,0,0,0 2.3196538953936406e-15 -8.11693459325699e-16 0
011,0,0,3,0,0,0,1 2.1779786422940929e-15 -4.9720113696453972e-16 0
011,0,0,3,0,0,1,0 -4.1827063190930572e-15 4.1517228914886344e-16 0
011,0,0,3,0,1,0,0 -8.796673774704153e-15 1.8679578233149912e-15 0
011,0,0,3,1,0,0,0 -2.5097330291275905e-15 4.8622868185204381e-16 0
011,0,0,4,0,0,0,0 -1.3092022764350333e-15 2.692802692532662e-16 0
011,0,1,0,0,0,0,3 -2.2434802765721429e-15 6.2763406929835552e-16 0
011,0,1,0,0,0,1,2 -7.0778077011236607e-15 2.3217322037423675e-15 0
011,0,1,0,0,0,2,1 -2.1083619101019897e-15 1.0283283866933027e-15 0
011,0,1,0,0,0,3,0 -0.49999999999999289 -0.061508511654261071 0
011,0,1,0,0,1,0,2 -1.031989276137591e-15 9.3131765824013693e-17 0
011,0,1,0,0,1,1,1 2.4096104765042312e-15 1.0435732809555665e-15 0
011,0,1,0,0,1,2,0 -4.4653417257371118e-16 1.5147934428194347e-16 0
011,0,1,0,0,2,0,1 -4.3093274561522613e-15 6.2613984679272672e-16 0
011,0,1,0,0,2,1,0 1.4999999999999831 0.18452553496278848 0
011,0,1,0,0,3,0,0 -1.9166212262413122e-15 -3.5522534751075297e-16 0
011,0,1,0,1,0,0,2 2.7626903379366328e-15 -1.7299239209184018e-16 0
011,0,1,0,1,0,1,1 -8.8619930173501566e-16 6.7994828924100857e-16 0
011,0,1,0,1,0,2,0 -4.3095042406398356e-16 2.0858892889259615e-16 0
011,0,1,0,1,1,0,1 2.8284271247461503 0.34576594600847144 0
011,0,1,0,1,1,1,0 -3.0090676583667253e-15 9.8926370651636515e-16 0
011,0,1,0,1,2,0,0 -4.4108472040860344e-15 1.127929678248551e-16 0
011,0,1,0,2,0,0,1 1.251096318627372e-15 5.1444838579855305e-16 0
011,0,1,0,2,0,1,0 0.99999999999998013 0.12026598378780397 0
011,0,1,0,2,1,0,0 -1.7868806172293114e-16 2.0512461575090188e-16 0
011,0,1,0,3,0,0,0 -2.6587389845843815e-16 -1.1918250004230118e-16 0
011,0,1,1,0,0,0,2 -3.7365053690090658e-15 5.1947996635289805e-16 0
011,0,1,1,0,0,1,1 2.8284271247461676 0.34576594600847221 0
011,0,1,1,0,0,2,0 -5.9894129169475665e-15 6.1610291062437568e-16 0
011,0,1,1,0,1,0,1 2.0661973696993489e-15 -5.6182508966234593e-16 0
011,0,1,1,0,1,1,0 1.9430376399221175e-15 -2.6209436611180645e-16 0
011,0,1,1,0,2,0,0 -2.0814457904366056e-15 1.8192836453421866e-16 0
011,0,1,1,1,0,0,1 4.1010091886295759e-15 6.5116081400921049e-16 0
011,0,1,1,1,0,1,0 5.474483611890083e-15 -1.0190187227866818e-16 0
011,0,1,1,1,1,0,0 1.9999999999999927 0.24053196757561229 0
011,0,1,1,2,0,0,0 7.0415418682536423e-17 5.4787479008921667e-17 0
011,0,1,2,0,0,0,1 -4.8984031571541869e-15 6.4204520014589729e-16 0
011,0,1,2,0,0,1,0 -1.0000000000000135 -0.12026598378780497 0
011,0,1,2,0,1,0,0 -1.2862799416714981e-15 -2.9729630629509779e-16 0
011,0,1,2,1,0,0,0 4.9435685401777586e-16 7.5755890637786531e-16 0
011,0,1,3,0,0,0,0 -5.4598335686535029e-16 4.2792135090172847e-16 0
011,0,2,0,0,0,0,2 -6.9086497885036188e-16 2.0057685806250064e-16 0
011,0,2,0,0,0,1,1 -9.0097426375634846e-15 1.1767779894868907e-15 0
011,0,2,0,0,0,2,0 0.49999999999999684 0.059166849084105022 0
011,0,2,0,0,1,0,1 1.2492492114118323e-14 -7.5956196588590628e-16 0
011,0,2,0,0,1,1,0 4.7957737460628303e-15 -8.993857472963585e-16 0
011,0,2,0,0,2,0,0 0.49999999999999828 0.059166849084104696 0
011,0,2,0,1,0,0,1 5.6109204490978166e-16 2.1130854429984142e-16 0
011,0,2,0,1,0,1,0 -6.3893409366136178e-15 2.7275901235257619e-16 0
011,0,2,0,1,1,0,0 2.8321802095401578e-15 -1.120712872428115e-16 0
011,0,2,0,2,0,0,0 0.50000000000000999 0.057791329323744763 0
011,0,2,1,0,0,0,1 6.7311521358688866e-16 -3.5876127613996204e-16 0
011,0,2,1,0,0,1,0 -3.6669161973998103e-15 9.250083089514612e-16 0
011,0,2,1,0,1,0,0 -7.5076592197662522e-15 1.7801047453102844e-15 0
011,0,2,1,1,0,0,0 -3.1860336031304615e-15 4.9189989370107434e-16 0
011,0,2,2,0,0,0,0 0.49999999999999722 0.057791329323745914 0
011,0,3,0,0,0,0,1 -3.1151892150037094e-15 6.4700312817565354e-16 0
011,0,3,0,0,0,1,0 -9.2662774457111613e-15 1.2679482621596112e-15 0
011,0,3,0,0,1,0,0 2.4742241763135037e-15 -4.5575906177147423e-17 0
011,0,3,0,1,0,0,0 1.7824864342013033e-16 -2.2617459646372367e-16 0
011,0,3,1,0,0,0,0 2.155659471033289e-16 2.2431281054577167e-16 0
011,0,4,0,0,0,0,0 -2.0033025083141423e-15 -3.3910637263231417e-16 0
011,1,0,0,0,0,0,3 4.5971252258581322e-15 -2.8180643874284655e-16 0
011,1,0,0,0,0,1,2 8.811088119356249e-15 -1.465949690656009e-15 0
011,1,0,0,0,0,2,1 4.5672106818618452e-15 -1.732855812515554e-16 0
011,1,0,0,0,0,3,0 6.4740626487946794e-15 -1.165453454328039e-15 0
011,1,0,0,0,1,0,2 -1.3137515364554879e-16 -3.4074855851233739e-17 0
011,1,0,0,0,1,1,1 2.6555468866691533e-15 2.8373527693416959e-17 0
011,1,0,0,0,1,2,0 -1.5000000000000002 -0.18452553496278606 0
011,1,0,0,0,2,0,1 2.3033823991203699e-15 -1.6910930995257359e-16 0
011,1,0,0,0,2,1,0 9.1334166683352319e-15 -1.072159534294482e-15 0
011,1,0,0,0,3,0,0 0.49999999999999112 0.061508511654262223 0
011,1,0,0,1,0,0,2 5.4692725333624693e-15 -7.8980956061600698e-16 0
011,1,0,0,1,0,1,1 -2.8284271247461605 -0.34576594600847466 0
011,1,0,0,1,0,2,0 3.5877409796468846e-15 4.4614398527191534e-18 0
011,1,0,0,1,1,0,1 -4.8221262012139015e-15 -4.9803574234553914e-16 0
011,1,0,0,1,1,1,0 3.413956657840015e-16 1.0032832635701141e-15 0
011,1,0,0,1,2,0,0 3.1575567956870274e-15 -1.9131230388596972e-16 0
011,1,0,0,2,0,0,1 4.257029415317506e-15 -1.0764541580302528e-15 0
011,1,0,0,2,0,1,0 6.7072881309156053e-15 -1.2931678574559597e-15 0
011,1,0,0,2,1,0,0 -0.99999999999999201 -0.12026598378780357 0
011,1,0,0,3,0,0,0 1.7036823206474861e-15 2.965585892655961e-17 0
011,1,0,1,0,0,0,2 3.2176431361224648e-15 -6.9615191192798466e-16 0
011,1,0,1,0,0,1,1 1.0825440029391439e-16 -2.0953424887594443e-16 0
011,1,0,1,0,0,2,0 2.0036115132369988e-15 -3.3133183412498396e-16 0
011,1,0,1,0,1,0,1 2.8284271247462081 0.34576594600847577 0
011,1,0,1,0,1,1,0 2.4070938602893738e-15 6.1964385810182321e-16 0
011,1,0,1,0,2,0,0 -2.8430713821590031e-15 -4.7960307645063946e-16 0
011,1,0,1,1,0,0,1 3.7293782614324643e-15 -2.9514293011962752e-16 0
011,1,0,1,1,0,1,0 1.9999999999999907 0.24053196757560968 0
011,1,0,1,1,1,0,0 -2.3493677068789331e-15 -6.5620235241596892e-16 0
011,1,0,1,2,0,0,0 1.935431662935206e-15 -1.5088943773279411e-16 0
011,1,0,2,0,0,0,1 9.0768529045113577e-16 4.9352244922712265e-17 0
011,1,0,2,0,0,1,0 1.2419811054381865e-14 -1.0651298767797119e-15 0
011,1,0,2,0,1,0,0 1.0000000000000002 0.12026598378780622 0
011,1,0,2,1,0,0,0 -7.5797030911415697e-17 -2.0942821171365315e-16 0
011,1,0,3,0,0,0,0 -8.0484075977176458e-17 -1.15011898184654e-16 0
011,1,1,0,0,0,0,2 3.4665578075032316e-15 -1.1124726267975082e-15 0
011,1,1,0,0,0,1,1 -3.2827246365624685e-16 -5.2270666434567111e-16 0
011,1,1,0,0,0,2,0 1.319654813306245e-15 -8.8433816691616732e-16 0
011,1,1,0,0,1,0,1 -3.6941200740651858e-15 1.7978096062852518e-17 0
011,1,1,0,0,1,1,0 1.3419302235596065e-16 -6.0024140033648025e-16 0
011,1,1,0,0,2,0,0 5.6769132916984992e-15 -1.1192480312249384e-15 0
011,1,1,0,1,0,0,1 -3.2634651593668191e-15 -1.1221731135069307e-15 0
011,1,1,0,1,0,1,0 3.0840615825681875e-17 -5.8203667640238149e-16 0
011,1,1,0,1,1,0,0 -1.0085611704502683e-15 -3.2678410558185706e-16 0
011,1,1,0,2,0,0,0 6.8754096548928375e-15 -9.0648360183271581e-16 0
011,1,1,1,0,0,0,1 9.4132873174209664e-16 -7.9182094988074814e-16 0
011,1,1,1,0,0,1,0 4.5252473546962645e-15 9.7410782263385593e-17 0
011,1,1,1,0,1,0,0 -4.927472142064445e-15 1.2757610022168875e-16 0
011,1,1,1,1,0,0,0 -3.2556133552979854e-15 2.0241810495296973e-16 0
011,1,1,2,0,0,0,0 3.4140813969917967e-15 -6.7799669876347855e-16 0
011,1,2,0,0,0,0,1 2.9149247157382247e-15 -6.9212472484699918e-16 0
011,1,2,0,0,0,1,0 6.7822774126339804e-15 -7.6587695304336916e-16 0
011,1,2,0,0,1,0,0 -1.5234100706442771e-15 7.5045634826527457e-17 0
011,1,2,0,1,0,0,0 5.404517369553455e-16 -4.3926530722432999e-16 0
011,1,2,1,0,0,0,0 1.3094140062621822e-15 -4.4215018543995691e-16 0
011,1,3,0,0,0,0,0 3.521055706897618e-15 -5.037854746468589e-16 0
011,2,0,0,0,0,0,2 1.2616344528540368e-15 -7.0842490581218504e-16 0
011,2,0,0,0,0,1,1 -8.6354104088291044e-15 1.2093135235590299e-15 0
011,2,0,0,0,0,2,0 0.49999999999998607 0.059166849084105647 0
011,2,0,0,0,1,0,1 7.6655836890855196e-15 -1.5882906990604969e-15 0
011,2,0,0,0,1,1,0 4.7807340702579511e-15 -4.4385475387084332e-16 0
011,2,0,0,0,2,0,0 0.49999999999999173 0.059166849084104356 0
011,2,0,0,1,0,0,1 -6.2251930837158724e-15 3.8517752772661428e-16 0
011,2,0,0,1,0,1,0 -2.7031878225222653e-15 2.5073485755581822e-16 0
011,2,0,0,1,1,0,0 3.8913729713706184e-15 -6.7717158206062758e-16 0
011,2,0,0,2,0,0,0 0.50000000000000921 0.057791329323744853 0
011,2,0,1,0,0,0,1 1.5737671528427927e-15 -3.4728033575988677e-16 0
011,2,0,1,0,0,1,0 -4.268151819971942e-15 3.1058052974385091e-16 0
011,2,0,1,0,1,0,0 -1.2149143141604012e-14 1.4881383887438972e-15 0
011,2,0,1,1,0,0,0 -3.2730883856060775e-15 3.0939808055851861e-16 0
011,2,0,2,0,0,0,0 0.49999999999999778 0.057791329323746865 0
011,2,1,0,0,0,0,1 -2.3154712497526518e-15 5.2325226504982313e-16 0
011,2,1,0,0,0,1,0 -6.5307204604112478e-15 1.525243947863557e-15 0
011,2,1,0,0,1,0,0 9.848678091293119e-16 -2.5419977417778952e-16 0
011,2,1,0,1,0,0,0 2.6378798259686745e-15 -4.0761307731762373e-17 0
011,2,1,1,0,0,0,0 -2.1348694735365092e-15 7.3773896558233214e-17 0
011,2,2,0,0,0,0,0 3.8657491516176297e-16 -8.697334987552335e-16 0
011,3,0,0,0,0,0,1 3.1984109482348634e-15 -2.5127213665566181e-16 0
011,3,0,0,0,0,1,0 8.1594216645677082e-15 -1.0642312006490066e-15 0
011,3,0,0,0,1,0,0 -1.6882434022364429e-16 7.7592881216548224e-17 0
011,3,0,0,1,0,0,0 7.8991090061108695e-16 5.8101790676107113e-17 0
011,3,0,1,0,0,0,0 1.4738318140151569e-15 -2.5516105607309158e-16 0
011,3,1,0,0,0,0,0 2.8803453863980808e-15 -5.4759321821751317e-16 0
011,4,0,0,0,0,0,0 4.7051879246894937e-16 2.1872106323449585e-16 0
