# sectors lambda 1.9614068619764455 2.1995688493332106 2.298606272079097 2.3421820411462999
0,0,0,0,0,0,4 1.7962554117253789e-16 3.0187238267701213e-16 0
0,0,0,0,0,1,3 -7.9100516026471676e-15 1.1567880102441998e-15 0
0,0,0,0,0,2,2 -0.33333333333334353 0.12891078647848622 0
0,0,0,0,0,3,1 -3.6008244753811721e-15 1.7537483879655063e-15 0
0,0,0,0,0,4,0 -0.041666666666668767 0.015962543556106115 0
0,0,0,0,1,0,3 5.5456936297096997e-15 -1.1216569140276916e-15 0
0,0,0,0,1,1,2 8.9630440388503077e-15 -1.4894264051030364e-15 0
0,0,0,0,1,2,1 6.1693956113110872e-15 -1.4975946695538426e-15 0
0,0,0,0,1,3,0 1.5419384923157288e-15 -8.4568165276604981e-16 0
0,0,0,0,2,0,2 -0.33333333333333764 0.12891078647848381 0
0,0,0,0,2,1,1 -5.7726842204453291e-15 1.546867165650812e-15 0
0,0,0,0,2,2,0 -0.083333333333335924 0.031925087112210732 0
0,0,0,0,3,0,1 2.1034934217030663e-15 -1.0179423176756266e-15 0
0,0,0,0,3,1,0 3.9733435421717729e-15 -1.1599677440170576e-15 0
0,0,0,0,4,0,0 -0.041666666666664694 0.015962543556104918 0
0,0,0,1,0,0,3 1.7122773532275719e-17 7.7448290304720087e-17 0
0,0,0,1,0,1,2 -2.6667722570835447e-15 1.3241915660403445e-15 0
0,0,0,1,0,2,1 -7.4723649398403287e-16 2.5165782305341657e-16 0
0,0,0,1,0,3,0 -6.1501168814086796e-15 8.7681239285222719e-16 0
0,0,0,1,1,0,2 6.3837043684168037e-16 -7.8076042816901401e-16 0
0,0,0,1,1,1,1 -1.4142135623730947 0.5385185848040237 0
0,0,0,1,1,2,0 -2.4527916797310851e-15 -1.9912515555977545e-16 0
0,0,0,1,2,0,1 -7.1824259888420983e-15 -5.2226695696369416e-16 0
0,0,0,1,2,1,0 -2.8440242839599674e-15 -3.7258295579176469e-16 0
0,0,0,1,3,0,0 4.1494089200853334e-15 -1.0095756756364975e-15 0
0,0,0,2,0,0,2 -0.33333333333334031 0.1261597469577658 0
0,0,0,2,0,1,1 -3.7384036698367021e-15 1.8066291244338058e-15 0
0,0,0,2,0,2,0 -0.16666666666666755 0.062474654464063854 0
0,0,0,2,1,0,1 2.8844404814282515e-15 -1.3029952480725522e-15 0
0,0,0,2,1,1,0 2.9325672452298866e-15 -8.6175414727970201e-16 0
0,0,0,2,2,0,0 -0.16666666666665819 0.062474654464059969 0
0,0,0,3,0,0,1 3.4011339420410768e-16 2.5227056175084833e-16 0
0,0,0,3,0,1,0 -4.2351022465307011e-15 4.3978960635829558e-16 0
0,0,0,3,1,0,0 -2.3880765933925519e-16 -1.0992262835768624e-15 0
0,0,0,4,0,0,0 1.5664466675465034e-15 -3.5572293557450758e-16 0
0,0,1,0,0,0,3 -1.0507680015247331e-16 -7.8441371131419748e-16 0
0,0,1,0,0,1,2 -3.3978288099659599e-15 4.8887111914931783e-16 0
0,0,1,0,0,2,1 0.70710678118654868 -0.26925929240201174 0
0,0,1,0,0,3,0 -3.7783901097806712e-17 3.457919496924954e-16 0
0,0,1,0,1,0,2 -6.8807218936565485e-15 2.3567385382207282e-15 0
0,0,1,0,1,1,1 4.7980976261744017e-15 -2.6449015826792218e-16 0
0,0,1,0,1,2,0 -1.1102025669362999e-14 3.3534632772406293e-15 0
0,0,1,0,2,0,1 -0.70710678118653614 0.26925929240201329 0
0,0,1,0,2,1,0 -7.1073493673353083e-15 6.0395281501551233e-16 0
0,0,1,0,3,0,0 -6.0035347818293699e-15 2.2845694430875922e-15 0
0,0,1,1,0,0,2 -3.8726768558965872e-15 1.2202817955928407e-15 0
0,0,1,1,0,1,1 -8.7245135872524038e-16 5.1307060213925397e-16 0
0,0,1,1,0,2,0 1.2148133483810465e-16 6.3710841413686301e-16 0
0,0,1,1,1,0,1 -2.3196421166911237e-15 8.4043311543696353e-16 0
0,0,1,1,1,1,0 -1.1290557261596833e-15 1.6964100286464966e-15 0
0,0,1,1,2,0,0 -9.760356574448654e-17 7.1475413850682147e-16 0
0,0,1,2,0,0,1 2.4294464962574122e-15 -7.4528381349189769e-16 0
0,0,1,2,0,1,0 -3.5362941234421198e-15 1.2103141361643112e-15 0
0,0,1,2,1,0,0 -7.8315678710410108e-15 2.4201659398145246e-15 0
0,0,1,3,0,0,0 -4.7949074316935425e-15 6.74018066342455e-16 0
0,0,2,0,0,0,2 -0.33333333333333881 0.12615974695776669 0
0,0,2,0,0,1,1 -4.9238705045526314e-15 1.385298694383754e-15 0
0,0,2,0,0,2,0 -0.16666666666667831 0.062474654464063181 0
0,0,2,0,1,0,1 1.4464699588235743e-16 -6.0745087527908694e-16 0
0,0,2,0,1,1,0 5.7632135050025316e-15 -1.0631037415756366e-15 0
0,0,2,0,2,0,0 -0.16666666666666619 0.062474654464060725 0
0,0,2,1,0,0,1 4.0031019031659745e-15 4.5271826401754484e-16 0
0,0,2,1,0,1,0 -3.9589033571019837e-15 5.2488894443074538e-16 0
0,0,2,1,1,0,0 3.7170515560237557e-15 -8.5487883452114438e-16 0
0,0,2,2,0,0,0 -3.891384638799374e-16 3.9698774457397072e-16 0
0,0,3,0,0,0,1 3.6075397855210603e-15 3.0627717059357852e-16 0
0,0,3,0,0,1,0 -2.559816075483822e-15 8.4922109642656011e-16 0
0,0,3,0,1,0,0 -9.9002239292710261e-15 2.3834875512666389e-15 0
0,0,3,1,0,0,0 -3.1400929711968515e-15 6.0897519462772033e-16 0
0,0,4,0,0,0,0 -5.8114388968038849e-15 9.1308059607385222e-16 0
0,1,0,0,0,0,3 -3.9324316595793198e-15 3.8404946216722287e-16 0
0,1,0,0,0,1,2 -1.0169973689412127e-14 2.5967340163694159e-15 0
0,1,0,0,0,2,1 -4.9996373048924189e-15 1.6504917628835828e-15 0
0,1,0,0,0,3,0 0.16666666666665628 -0.061508511654260696 0
0,1,0,0,1,0,2 -7.6141894612419306e-15 -2.760520184922203e-17 0
0,1,0,0,1,1,1 -3.6909865777901129e-15 9.542050207554409e-16 0
0,1,0,0,1,2,0 1.8494309504166712e-15 -2.6917937203862172e-16 0
0,1,0,0,2,0,1 -3.5114949980017456e-15 2.3265649201364792e-15 0
0,1,0,0,2,1,0 -0.500000000000006 0.18452553496278562 0
0,1,0,0,3,0,0 2.2645840013032569e-15 -4.7604020473756294e-16 0
0,1,0,1,0,0,2 2.9580562745515733e-15 -2.9783065777847868e-16 0
0,1,0,1,0,1,1 -6.9297968149717175e-16 3.564148798707068e-16 0
0,1,0,1,0,2,0 -3.5733903909835062e-15 1.9364337861529543e-16 0
0,1,0,1,1,0,1 -0.9428090415820698 0.34576594600847554 0
0,1,0,1,1,1,0 -4.8466145943751741e-15 1.7956701835851301e-15 0
0,1,0,1,2,0,0 -2.1824977145777041e-15 8.6712532233596279e-16 0
0,1,0,2,0,0,1 -4.1608240661218893e-15 1.0344947352008725e-15 0
0,1,0,2,0,1,0 -0.33333333333334147 0.12026598378780863 0
0,1,0,2,1,0,0 1.618485229615174e-15 -2.3792574237787595e-17 0
0,1,0,3,0,0,0 -1.4574907631885947e-15 1.7129179306292756e-16 0
0,1,1,0,0,0,2 -5.4083860037375001e-15 6.5545797577145821e-16 0
0,1,1,0,0,1,1 -0.94280904158203838 0.34576594600847671 0
0,1,1,0,0,2,0 -4.1461044654067722e-15 5.2913963961528784e-16 0
0,1,1,0,1,0,1 6.8260402402197151e-15 4.4151207794399092e-18 0
0,1,1,0,1,1,0 8.3150550949301171e-16 -1.0059569298589929e-15 0
0,1,1,0,2,0,0 -4.6952659620688597e-15 6.4724344889540512e-16 0
0,1,1,1,0,0,1 -4.7398439550366751e-15 -4.6738708068574261e-16 0
0,1,1,1,0,1,0 2.2614689350616998e-15 1.1008969274241681e-16 0
0,1,1,1,1,0,0 -0.66666666666666674 0.24053196757561049 0
0,1,1,2,0,0,0 -1.5559129402590895e-16 8.4981146790511176e-16 0
0,1,2,0,0,0,1 -4.0668173454709134e-15 1.2888420290036711e-15 0
0,1,2,0,0,1,0 0.33333333333333259 -0.12026598378780383 0
0,1,2,0,1,0,0 1.5725500682410408e-15 3.4526286569681744e-16 0
0,1,2,1,0,0,0 -5.3485287143347911e-15 1.3366753345771784e-15 0
0,1,3,0,0,0,0 -1.0384125084531607e-15 1.3943641640060689e-16 0
0,2,0,0,0,0,2 7.9301572339192804e-16 6.1017906762507918e-16 0
0,2,0,0,0,1,1 -9.7052234801430147e-15 1.5458497942043201e-15 0
0,2,0,0,0,2,0 -0.16666666666666663 0.059166849084105806 0
0,2,0,0,1,0,1 5.3950500613827232e-15 -9.4713043878281581e-16 0
0,2,0,0,1,1,0 2.5927560655354806e-15 -8.2036283409266418e-16 0
0,2,0,0,2,0,0 -0.16666666666666746 0.05916684908410319 0
0,2,0,1,0,0,1 4.2656305417816721e-15 6.9983871140969945e-16 0
0,2,0,1,0,1,0 -3.7918370901878233e-15 3.5596353641196392e-16 0
0,2,0,1,1,0,0 6.5556020933230528e-16 3.1650959662161178e-16 0
0,2,0,2,0,0,0 -0.1666666666666666 0.057791329323746102 0
0,2,1,0,0,0,1 -3.3703989764057868e-16 1.5882776011806574e-15 0
0,2,1,0,0,1,0 -4.9949859881222423e-15 1.047828399815449e-15 0
0,2,1,0,1,0,0 -1.1868594450554123e-14 3.5765570978912017e-15 0
0,2,1,1,0,0,0 -4.1380706041913715e-15 6.1888344829681941e-16 0
0,2,2,0,0,0,0 -0.16666666666667293 0.057791329323746157 0
0,3,0,0,0,0,1 -2.3301494748987386e-15 2.0648353249752892e-15 0
0,3,0,0,0,1,0 -6.8545745298880366e-15 1.4507564627316878e-15 0
0,3,0,0,1,0,0 -1.2264507070663122e-15 4.0979841865006721e-16 0
0,3,0,1,0,0,0 -8.2615292268028537e-16 4.5608555948652471e-16 0
0,3,1,0,0,0,0 -1.6378518306042064e-15 1.5802805494972802e-16 0
0,4,0,0,0,0,0 1.2892572369097124e-15 1.5278982955243093e-16 0
1,0,0,0,0,0,3 4.5007382910529961e-15 -9.0030755684978246e-16 0
1,0,0,0,0,1,2 1.01727972076251e-14 -1.3986842183716291e-15 0
1,0,0,0,0,2,1 8.5028707492923593e-15 -1.0126212309364175e-16 0
1,0,0,0,0,3,0 7.7261825180779499e-15 -1.816849022230853e-15 0
1,0,0,0,1,0,2 7.0696261162742048e-15 -2.6593920784406813e-16 0
1,0,0,0,1,1,1 -4.8423301504943903e-16 -8.3975556552614683e-16 0
1,0,0,0,1,2,0 0.49999999999999961 -0.18452553496278129 0
1,0,0,0,2,0,1 7.855412057375244e-17 -6.1303237454883052e-16 0
1,0,0,0,2,1,0 4.7631344465322398e-15 -1.6956077982264967e-15 0
1,0,0,0,3,0,0 -0.16666666666666721 0.061508511654263055 0
1,0,0,1,0,0,2 3.2051359386056345e-15 -4.638989073208773e-16 0
1,0,0,1,0,1,1 0.94280904158205625 -0.34576594600847599 0
1,0,0,1,0,2,0 3.134331558831986e-15 4.2284648744198086e-16 0
1,0,0,1,1,0,1 1.5725165010907177e-15 3.2556384922964599e-17 0
1,0,0,1,1,1,0 1.4553888360643775e-15 1.6632762505189894e-15 0
1,0,0,1,2,0,0 1.0730408525299582e-15 5.5863261796171949e-16 0
1,0,0,2,0,0,1 3.8427632387997438e-15 -1.1253213400846979e-15 0
1,0,0,2,0,1,0 4.0118100626706626e-15 -8.9733503625711021e-16 0
1,0,0,2,1,0,0 0.33333333333332232 -0.12026598378780548 0
1,0,0,3,0,0,0 7.685159258225044e-16 5.0623603014757255e-16 0
1,0,1,0,0,0,2 3.5492124338382235e-15 -1.0130640068081601e-15 0
1,0,1,0,0,1,1 1.4215977137853795e-15 -5.4228369561813231e-16 0
1,0,1,0,0,2,0 2.4723769218883763e-15 1.2108548495409972e-16 0
1,0,1,0,1,0,1 -0.94280904158205614 0.34576594600847382 0
1,0,1,0,1,1,0 -4.2141954135594979e-15 7.0473133272362015e-16 0
1,0,1,0,2,0,0 -9.2248483024265802e-16 -1.3035851179743844e-16 0
1,0,1,1,0,0,1 8.2960390829822492e-15 1.3943323415054996e-16 0
1,0,1,1,0,1,0 -0.66666666666666496 0.24053196757560955 0
1,0,1,1,1,0,0 5.247192430820007e-15 -9.710352981661571e-16 0
1,0,1,2,0,0,0 2.7399262163202386e-15 -4.6616203960102117e-16 0
1,0,2,0,0,0,1 9.8413053304435444e-16 -1.9779954357241687e-16 0
1,0,2,0,0,1,0 6.4583232500529805e-15 -1.7065895891240901e-15 0
1,0,2,0,1,0,0 -0.33333333333333542 0.12026598378780667 0
1,0,2,1,0,0,0 2.1536757837936205e-15 -7.5154759996097938e-16 0
1,0,3,0,0,0,0 -7.0329640809620625e-16 -1.289975527379766e-16 0
1,1,0,0,0,0,2 4.0368884833330622e-15 -1.7981915913635755e-15 0
1,1,0,0,0,1,1 9.7975776937443478e-15 -1.7410901513920391e-16 0
1,1,0,0,0,2,0 4.0407409113698121e-15 -7.8348195763114922e-16 0
1,1,0,0,1,0,1 -1.6306460249909738e-15 -7.3057459709322429e-16 0
1,1,0,0,1,1,0 2.4948825279100767e-15 1.0261568969340967e-15 0
1,1,0,0,2,0,0 7.5392638312639684e-15 -7.3132765511394585e-16 0
1,1,0,1,0,0,1 9.0237000062100853e-15 1.0684797254974688e-16 0
1,1,0,1,0,1,0 1.6663596558279809e-15 -7.1136515256569973e-16 0
1,1,0,1,1,0,0 4.4226395177882444e-15 -3.4706872862932856e-16 0
1,1,0,2,0,0,0 7.4995021127070102e-15 -1.0020918029504583e-15 0
1,1,1,0,0,0,1 6.3711294861034988e-15 -1.6870390138067915e-16 0
1,1,1,0,0,1,0 1.4339068547778053e-15 6.2349695915476111e-17 0
1,1,1,0,1,0,0 -3.4756702078977266e-15 -1.0691418576647847e-15 0
1,1,1,1,0,0,0 -2.603230346106795e-15 7.8653362034746261e-17 0
1,1,2,0,0,0,0 5.8871452924469364e-15 -1.0494655174051068e-15 0
1,2,0,0,0,0,1 3.8851521723641673e-15 -7.3345027689939332e-16 0
1,2,0,0,0,1,0 6.6455462533035577e-15 -1.2241861960933346e-15 0
1,2,0,0,1,0,0 -2.4872067011827974e-16 1.1749149079262793e-16 0
1,2,0,1,0,0,0 -1.5663235102853169e-15 -2.0968784092802436e-16 0
1,2,1,0,0,0,0 3.1436714972953085e-15 -4.2259864196460198e-16 0
1,3,0,0,0,0,0 1.9729283419242039e-15 -8.7524378905341396e-16 0
2,0,0,0,0,0,2 8.6509537534618425e-16 1.002957633805176e-15 0
2,0,0,0,0,1,1 -1.0006121139578192e-14 1.8334574298939421e-15 0
2,0,0,0,0,2,0 -0.16666666666666857 0.059166849084105917 0
2,0,0,0,1,0,1 4.4205763060076345e-15 -1.6991731408360308e-15 0
2,0,0,0,1,1,0 4.1706453747414852e-16 -7.21958773926582e-16 0
2,0,0,0,2,0,0 -0.16666666666666258 0.059166849084104113 0
2,0,0,1,0,0,1 -3.5997823745894135e-15 5.3999440033984958e-16 0
2,0,0,1,0,1,0 -7.215756287031321e-15 1.723753460982806e-17 0
2,0,0,1,1,0,0 2.8977847369747084e-15 -1.8521252137259723e-15 0
2,0,0,2,0,0,0 -0.16666666666666466 0.057791329323745776 0
2,0,1,0,0,0,1 2.5397440077258929e-15 -2.0228267680305574e-15 0
2,0,1,0,0,1,0 -3.8041099694232459e-15 -2.6071502844238023e-17 0
2,0,1,0,1,0,0 -9.841126537884046e-15 2.4292373237108357e-15 0
2,0,1,1,0,0,0 -2.2254213720802323e-16 6.489467461832103e-17 0
2,0,2,0,0,0,0 -0.16666666666667135 0.057791329323747857 0
2,1,0,0,0,0,1 -4.4593908367777611e-15 5.1168367950007675e-16 0
2,1,0,0,0,1,0 -6.961468675318438e-15 2.2701702351644052e-15 0
2,1,0,0,1,0,0 7.1892365594778166e-16 5.3305752725065453e-18 0
2,1,0,1,0,0,0 -1.623783536905848e-15 3.8380177631928557e-16 0
2,1,1,0,0,0,0 6.282614765734423e-17 6.3105895736918362e-17 0
2,2,0,0,0,0,0 2.1834407422563323e-16 1.6514831646247388e-16 0
3,0,0,0,0,0,1 3.2542670946503008e-15 -6.9403582019704138e-16 0
3,0,0,0,0,1,0 7.380689956282297e-15 -1.6623702395955256e-15 0
3,0,0,0,1,0,0 -3.7786466739346408e-15 2.8098160764092885e-15 0
3,0,0,1,0,0,0 -2.7883430506034825e-16 1.0852903741648224e-15 0
3,0,1,0,0,0,0 1.3138652950943287e-15 2.6489300969281199e-16 0
3,1,0,0,0,0,0 3.9970273200837043e-15 -1.1903692912478929e-15 0
4,0,0,0,0,0,0 -5.6883429095714006e-16 1.2449488580447965e-16 0
