# sectors lambda 1.9614068619764455 2.1995688493332106 2.298606272079097 2.3421820411462999
0,0,0,0,0,0,4 1.7962554117253789e-16 5.831303739488885e-16 0
0,0,0,0,0,1,3 -7.9100516026471676e-15 2.4356178395386042e-15 0
0,0,0,0,0,2,2 -0.33333333333334353 0.12891078647848575 0
0,0,0,0,0,3,1 -3.6008244753811721e-15 1.4434446009319516e-15 0
0,0,0,0,0,4,0 -0.041666666666668767 0.015962543556105751 0
0,0,0,0,1,0,3 5.5456936297096997e-15 -1.7246684905434435e-15 0
0,0,0,0,1,1,2 8.9630440388503077e-15 -2.2199301378119501e-15 0
0,0,0,0,1,2,1 6.1693956113110872e-15 -1.5662371592611664e-15 0
0,0,0,0,1,3,0 1.5419384923157288e-15 -1.4594912480672806e-16 0
0,0,0,0,2,0,2 -0.33333333333333764 0.12891078647848178 0
0,0,0,0,2,1,1 -5.7726842204453291e-15 2.2895226938383026e-15 0
0,0,0,0,2,2,0 -0.083333333333335924 0.031925087112209927 0
0,0,0,0,3,0,1 2.1034934217030663e-15 -1.6886560070140783e-15 0
0,0,0,0,3,1,0 3.9733435421717729e-15 -1.3446498144053203e-15 0
0,0,0,0,4,0,0 -0.041666666666664694 0.015962543556104093 0
0,0,0,1,0,0,3 1.7122773532275719e-17 9.2425851063206477e-16 0
0,0,0,1,0,1,2 -2.6667722570835447e-15 -5.5034283005761127e-16 0
0,0,0,1,0,2,1 -7.4723649398403287e-16 1.287011488937467e-15 0
0,0,0,1,0,3,0 -6.1501168814086796e-15 1.6074282751842673e-15 0
0,0,0,1,1,0,2 6.3837043684168037e-16 -8.3233332637794008e-16 0
0,0,0,1,1,1,1 -1.4142135623730947 0.53851858480402981 0
0,0,0,1,1,2,0 -2.4527916797310851e-15 -5.4145102845552618e-16 0
0,0,0,1,2,0,1 -7.1824259888420983e-15 -8.2963762116331498e-16 0
0,0,0,1,2,1,0 -2.8440242839599674e-15 -1.3840198425672813e-16 0
0,0,0,1,3,0,0 4.1494089200853334e-15 -1.453731358793468e-15 0
0,0,0,2,0,0,2 -0.33333333333334031 0.12615974695776649 0
0,0,0,2,0,1,1 -3.7384036698367021e-15 1.2379897556417554e-15 0
0,0,0,2,0,2,0 -0.16666666666666755 0.062474654464060864 0
0,0,0,2,1,0,1 2.8844404814282515e-15 -9.0374943122918082e-16 0
0,0,0,2,1,1,0 2.9325672452298866e-15 1.3598583620382859e-17 0
0,0,0,2,2,0,0 -0.16666666666665819 0.062474654464058615 0
0,0,0,3,0,0,1 3.4011339420410768e-16 -2.6710940966120551e-16 0
0,0,0,3,0,1,0 -4.2351022465307011e-15 7.3053459601653634e-16 0
0,0,0,3,1,0,0 -2.3880765933925519e-16 -1.4311471468981008e-15 0
0,0,0,4,0,0,0 1.5664466675465034e-15 -1.0006396165515656e-15 0
0,0,1,0,0,0,3 -1.0507680015247331e-16 -6.4301212435759219e-16 0
0,0,1,0,0,1,2 -3.3978288099659599e-15 4.4637144015421672e-16 0
0,0,1,0,0,2,1 0.70710678118654868 -0.26925929240201102 0
0,0,1,0,0,3,0 -3.7783901097806712e-17 -2.8924423772900227e-17 0
0,0,1,0,1,0,2 -6.8807218936565485e-15 2.7090081283540928e-15 0
0,0,1,0,1,1,1 4.7980976261744017e-15 4.8444236093923437e-16 0
0,0,1,0,1,2,0 -1.1102025669362999e-14 2.7343267357243701e-15 0
0,0,1,0,2,0,1 -0.70710678118653614 0.26925929240200969 0
0,0,1,0,2,1,0 -7.1073493673353083e-15 1.1804585196649934e-15 0
0,0,1,0,3,0,0 -6.0035347818293699e-15 2.942102442009008e-15 0
0,0,1,1,0,0,2 -3.8726768558965872e-15 8.0183379318950285e-16 0
0,0,1,1,0,1,1 -8.7245135872524038e-16 6.1854713953050252e-16 0
0,0,1,1,0,2,0 1.2148133483810465e-16 1.8950556723505762e-16 0
0,0,1,1,1,0,1 -2.3196421166911237e-15 -6.5799329293893647e-16 0
0,0,1,1,1,1,0 -1.1290557261596833e-15 7.6077181496070398e-16 0
0,0,1,1,2,0,0 -9.760356574448654e-17 -7.4126913601255856e-16 0
0,0,1,2,0,0,1 2.4294464962574122e-15 -2.7172869799618401e-16 0
0,0,1,2,0,1,0 -3.5362941234421198e-15 1.0306859145143442e-15 0
0,0,1,2,1,0,0 -7.8315678710410108e-15 2.5820076818801833e-15 0
0,0,1,3,0,0,0 -4.7949074316935425e-15 8.7406213887351477e-16 0
0,0,2,0,0,0,2 -0.33333333333333881 0.12615974695776519 0
0,0,2,0,0,1,1 -4.9238705045526314e-15 2.4652942790406661e-15 0
0,0,2,0,0,2,0 -0.16666666666667831 0.06247465446406196 0
0,0,2,0,1,0,1 1.4464699588235743e-16 -4.2787799941788438e-16 0
0,0,2,0,1,1,0 5.7632135050025316e-15 -2.0802342265119867e-15 0
0,0,2,0,2,0,0 -0.16666666666666619 0.06247465446405933 0
0,0,2,1,0,0,1 4.0031019031659745e-15 2.8193544561772417e-16 0
0,0,2,1,0,1,0 -3.9589033571019837e-15 1.0070237099202778e-15 0
0,0,2,1,1,0,0 3.7170515560237557e-15 -1.6969193603282143e-15 0
0,0,2,2,0,0,0 -3.891384638799374e-16 -3.0101061985449384e-16 0
0,0,3,0,0,0,1 3.6075397855210603e-15 -6.577298617415959e-16 0
0,0,3,0,0,1,0 -2.559816075483822e-15 4.3431178523013747e-16 0
0,0,3,0,1,0,0 -9.9002239292710261e-15 3.5612585910779603e-15 0
0,0,3,1,0,0,0 -3.1400929711968515e-15 9.6013797571244989e-16 0
0,0,4,0,0,0,0 -5.8114388968038849e-15 4.1088673722171458e-16 0
0,1,0,0,0,0,3 -3.9324316595793198e-15 1.8896427390577037e-15 0
0,1,0,0,0,1,2 -1.0169973689412127e-14 1.3567211141020784e-15 0
0,1,0,0,0,2,1 -4.9996373048924189e-15 7.407162923736668e-16 0
0,1,0,0,0,3,0 0.16666666666665628 -0.061508511654260099 0
0,1,0,0,1,0,2 -7.6141894612419306e-15 4.374383033631525e-16 0
0,1,0,0,1,1,1 -3.6909865777901129e-15 6.2299716743670326e-16 0
0,1,0,0,1,2,0 1.8494309504166712e-15 -6.7223579262000773e-17 0
0,1,0,0,2,0,1 -3.5114949980017456e-15 2.7936052183860791e-15 0
0,1,0,0,2,1,0 -0.500000000000006 0.18452553496279095 0
0,1,0,0,3,0,0 2.2645840013032569e-15 4.5499861619356059e-17 0
0,1,0,1,0,0,2 2.9580562745515733e-15 -2.0596727313366839e-16 0
0,1,0,1,0,1,1 -6.9297968149717175e-16 -1.0123057047717542e-15 0
0,1,0,1,0,2,0 -3.5733903909835062e-15 4.3274712844905445e-16 0
0,1,0,1,1,0,1 -0.9428090415820698 0.34576594600847144 0
0,1,0,1,1,1,0 -4.8466145943751741e-15 6.7354946246487091e-16 0
0,1,0,1,2,0,0 -2.1824977145777041e-15 -1.4916149258853223e-16 0
0,1,0,2,0,0,1 -4.1608240661218893e-15 1.697988488324807e-15 0
0,1,0,2,0,1,0 -0.33333333333334147 0.12026598378780601 0
0,1,0,2,1,0,0 1.618485229615174e-15 2.2431555886101169e-16 0
0,1,0,3,0,0,0 -1.4574907631885947e-15 -1.73285043298077e-16 0
0,1,1,0,0,0,2 -5.4083860037375001e-15 1.1221380877145509e-15 0
0,1,1,0,0,1,1 -0.94280904158203838 0.34576594600847432 0
0,1,1,0,0,2,0 -4.1461044654067722e-15 9.4007442759200297e-16 0
0,1,1,0,1,0,1 6.8260402402197151e-15 -5.8292712728468871e-16 0
0,1,1,0,1,1,0 8.3150550949301171e-16 -3.4100102801934656e-16 0
0,1,1,0,2,0,0 -4.6952659620688597e-15 9.8545262748127026e-16 0
0,1,1,1,0,0,1 -4.7398439550366751e-15 1.3644912981374305e-15 0
0,1,1,1,0,1,0 2.2614689350616998e-15 -3.5545751630969072e-17 0
0,1,1,1,1,0,0 -0.66666666666666674 0.24053196757560738 0
0,1,1,2,0,0,0 -1.5559129402590895e-16 5.3229556076217029e-16 0
0,1,2,0,0,0,1 -4.0668173454709134e-15 1.4212580040407496e-15 0
0,1,2,0,0,1,0 0.33333333333333259 -0.12026598378780359 0
0,1,2,0,1,0,0 1.5725500682410408e-15 -2.9341533569078853e-15 0
0,1,2,1,0,0,0 -5.3485287143347911e-15 4.7105730279148742e-18 0
0,1,3,0,0,0,0 -1.0384125084531607e-15 5.0628638645610021e-16 0
0,2,0,0,0,0,2 7.9301572339192804e-16 2.5000344107888127e-16 0
0,2,0,0,0,1,1 -9.7052234801430147e-15 1.499530479192875e-15 0
0,2,0,0,0,2,0 -0.16666666666666663 0.059166849084106098 0
0,2,0,0,1,0,1 5.3950500613827232e-15 -2.00754941384577e-15 0
0,2,0,0,1,1,0 2.5927560655354806e-15 -1.0354619547069971e-15 0
0,2,0,0,2,0,0 -0.16666666666666746 0.05916684908410539 0
0,2,0,1,0,0,1 4.2656305417816721e-15 -1.2753060376178536e-15 0
0,2,0,1,0,1,0 -3.7918370901878233e-15 7.6864395773650393e-16 0
0,2,0,1,1,0,0 6.5556020933230528e-16 -1.7083860858675465e-15 0
0,2,0,2,0,0,0 -0.1666666666666666 0.057791329323744603 0
0,2,1,0,0,0,1 -3.3703989764057868e-16 1.254144431239792e-15 0
0,2,1,0,0,1,0 -4.9949859881222423e-15 7.6182979079396714e-16 0
0,2,1,0,1,0,0 -1.1868594450554123e-14 3.5253069395025576e-15 0
0,2,1,1,0,0,0 -4.1380706041913715e-15 1.1579876762044259e-15 0
0,2,2,0,0,0,0 -0.16666666666667293 0.057791329323745394 0
0,3,0,0,0,0,1 -2.3301494748987386e-15 7.2964127619773977e-16 0
0,3,0,0,0,1,0 -6.8545745298880366e-15 5.6470257672180688e-16 0
0,3,0,0,1,0,0 -1.2264507070663122e-15 -5.5472812266792915e-16 0
0,3,0,1,0,0,0 -8.2615292268028537e-16 -1.5647302140033192e-16 0
0,3,1,0,0,0,0 -1.6378518306042064e-15 5.2679252153165378e-16 0
0,4,0,0,0,0,0 1.2892572369097124e-15 -4.2351312198752108e-16 0
1,0,0,0,0,0,3 4.5007382910529961e-15 -5.5556430232206179e-16 0
1,0,0,0,0,1,2 1.01727972076251e-14 -3.7195972290985927e-15 0
1,0,0,0,0,2,1 8.5028707492923593e-15 -7.0153363625981562e-16 0
1,0,0,0,0,3,0 7.7261825180779499e-15 -1.9822574579958074e-15 0
1,0,0,0,1,0,2 7.0696261162742048e-15 -1.0245192784051976e-15 0
1,0,0,0,1,1,1 -4.8423301504943903e-16 1.7630649189161422e-15 0
1,0,0,0,1,2,0 0.49999999999999961 -0.18452553496278457 0
1,0,0,0,2,0,1 7.855412057375244e-17 -1.2188585413677421e-15 0
1,0,0,0,2,1,0 4.7631344465322398e-15 -1.7707206010274732e-15 0
1,0,0,0,3,0,0 -0.16666666666666721 0.061508511654261487 0
1,0,0,1,0,0,2 3.2051359386056345e-15 -4.9681133718547607e-16 0
1,0,0,1,0,1,1 0.94280904158205625 -0.34576594600847305 0
1,0,0,1,0,2,0 3.134331558831986e-15 -1.002216435846871e-15 0
1,0,0,1,1,0,1 1.5725165010907177e-15 1.6006275992689107e-15 0
1,0,0,1,1,1,0 1.4553888360643775e-15 -3.5778366009308874e-16 0
1,0,0,1,2,0,0 1.0730408525299582e-15 -2.7230922907116068e-16 0
1,0,0,2,0,0,1 3.8427632387997438e-15 -1.3060814860465723e-15 0
1,0,0,2,0,1,0 4.0118100626706626e-15 -1.4390229600254365e-15 0
1,0,0,2,1,0,0 0.33333333333332232 -0.12026598378780309 0
1,0,0,3,0,0,0 7.685159258225044e-16 1.501904029435356e-16 0
1,0,1,0,0,0,2 3.5492124338382235e-15 -6.598909748884164e-16 0
1,0,1,0,0,1,1 1.4215977137853795e-15 -1.3516973753624326e-16 0
1,0,1,0,0,2,0 2.4723769218883763e-15 2.8597844115303327e-16 0
1,0,1,0,1,0,1 -0.94280904158205614 0.34576594600847677 0
1,0,1,0,1,1,0 -4.2141954135594979e-15 4.526312844380422e-16 0
1,0,1,0,2,0,0 -9.2248483024265802e-16 -8.7383236470223273e-16 0
1,0,1,1,0,0,1 8.2960390829822492e-15 -4.9701557297391063e-17 0
1,0,1,1,0,1,0 -0.66666666666666496 0.24053196757560935 0
1,0,1,1,1,0,0 5.247192430820007e-15 -7.0591873100388405e-16 0
1,0,1,2,0,0,0 2.7399262163202386e-15 -5.6369212172059498e-16 0
1,0,2,0,0,0,1 9.8413053304435444e-16 -7.5926798748109729e-16 0
1,0,2,0,0,1,0 6.4583232500529805e-15 -2.2288463045428585e-15 0
1,0,2,0,1,0,0 -0.33333333333333542 0.12026598378780652 0
1,0,2,1,0,0,0 2.1536757837936205e-15 -4.5096652246894436e-16 0
1,0,3,0,0,0,0 -7.0329640809620625e-16 -1.7837273789331372e-16 0
1,1,0,0,0,0,2 4.0368884833330622e-15 -2.1949600214996318e-15 0
1,1,0,0,0,1,1 9.7975776937443478e-15 2.1515878724633349e-16 0
1,1,0,0,0,2,0 4.0407409113698121e-15 -9.8402907636565875e-16 0
1,1,0,0,1,0,1 -1.6306460249909738e-15 2.7841131514382529e-17 0
1,1,0,0,1,1,0 2.4948825279100767e-15 -1.0811855455838063e-15 0
1,1,0,0,2,0,0 7.5392638312639684e-15 -9.00875046321829e-16 0
1,1,0,1,0,0,1 9.0237000062100853e-15 -2.7042110790674986e-15 0
1,1,0,1,0,1,0 1.6663596558279809e-15 3.2179988182049952e-16 0
1,1,0,1,1,0,0 4.4226395177882444e-15 -3.1238024128260322e-17 0
1,1,0,2,0,0,0 7.4995021127070102e-15 -1.7678463871105565e-15 0
1,1,1,0,0,0,1 6.3711294861034988e-15 -4.7288834693312276e-16 0
1,1,1,0,0,1,0 1.4339068547778053e-15 -2.1938441491843474e-16 0
1,1,1,0,1,0,0 -3.4756702078977266e-15 6.0283175683801352e-16 0
1,1,1,1,0,0,0 -2.603230346106795e-15 6.2488353045045197e-16 0
1,1,2,0,0,0,0 5.8871452924469364e-15 -1.1023721005769526e-15 0
1,2,0,0,0,0,1 3.8851521723641673e-15 -7.8425033706205155e-16 0
1,2,0,0,0,1,0 6.6455462533035577e-15 -2.0746891807537522e-15 0
1,2,0,0,1,0,0 -2.4872067011827974e-16 4.1916654146584338e-16 0
1,2,0,1,0,0,0 -1.5663235102853169e-15 -7.6281700497421764e-16 0
1,2,1,0,0,0,0 3.1436714972953085e-15 -3.2918369782053379e-16 0
1,3,0,0,0,0,0 1.9729283419242039e-15 -1.3118504235216505e-15 0
2,0,0,0,0,0,2 8.6509537534618425e-16 -4.4086114722661756e-16 0
2,0,0,0,0,1,1 -1.0006121139578192e-14 3.0657023289162338e-15 0
2,0,0,0,0,2,0 -0.16666666666666857 0.059166849084105667 0
2,0,0,0,1,0,1 4.4205763060076345e-15 -1.1560649432776585e-15 0
2,0,0,0,1,1,0 4.1706453747414852e-16 -3.4714839313897484e-16 0
2,0,0,0,2,0,0 -0.16666666666666258 0.059166849084103808 0
2,0,0,1,0,0,1 -3.5997823745894135e-15 6.2014831189978407e-16 0
2,0,0,1,0,1,0 -7.215756287031321e-15 3.6324367944951195e-16 0
2,0,0,1,1,0,0 2.8977847369747084e-15 -5.6849613362934143e-16 0
2,0,0,2,0,0,0 -0.16666666666666466 0.057791329323742931 0
2,0,1,0,0,0,1 2.5397440077258929e-15 6.0250648171785528e-17 0
2,0,1,0,0,1,0 -3.8041099694232459e-15 6.0142460465014855e-16 0
2,0,1,0,1,0,0 -9.841126537884046e-15 2.3344208003927518e-15 0
2,0,1,1,0,0,0 -2.2254213720802323e-16 1.4515272293926316e-15 0
2,0,2,0,0,0,0 -0.16666666666667135 0.057791329323746136 0
2,1,0,0,0,0,1 -4.4593908367777611e-15 7.0316861323696194e-16 0
2,1,0,0,0,1,0 -6.961468675318438e-15 1.0358109557058057e-15 0
2,1,0,0,1,0,0 7.1892365594778166e-16 6.0529176471072244e-16 0
2,1,0,1,0,0,0 -1.623783536905848e-15 5.1955876467002102e-17 0
2,1,1,0,0,0,0 6.282614765734423e-17 3.5410710786443375e-16 0
2,2,0,0,0,0,0 2.1834407422563323e-16 -2.7986963805750813e-16 0
3,0,0,0,0,0,1 3.2542670946503008e-15 -1.5382852445921357e-15 0
3,0,0,0,0,1,0 7.380689956282297e-15 -2.3638603725053525e-15 0
3,0,0,0,1,0,0 -3.7786466739346408e-15 1.2515380398622469e-15 0
3,0,0,1,0,0,0 -2.7883430506034825e-16 -2.9611293725495531e-16 0
3,0,1,0,0,0,0 1.3138652950943287e-15 -1.2350395252384161e-16 0
3,1,0,0,0,0,0 3.9970273200837043e-15 -1.35530194065254e-15 0
4,0,0,0,0,0,0 -5.6883429095714006e-16 1.7644208203526435e-16 0
